============================================================================
Função: Griewangk
============================================================================
std;GEOreal1;AGEO1real1;AGEO2real1;GEOreal2;AGEO1real2;AGEO2real2;
0,2;0,0133268308292438;0;0,00103349994753848;0,0207229645792923;9,25168964192147E-05;0,0103016100592075;
0,4;0;0;0;0;0;0;
0,6;0;0;0;0;0;0;
0,8;0;0;0;0;0;0;
1;0;0;0;0;0;0;
1,2;0;0;0;0;0;0;
1,4;0;0;0;0;0;0;
1,6;0;0;0;0;0;0;
1,8;0;0;0;0;0;0;
2;0;0,000799617195992537;0;0;0;0;
2,2;0;0,151170902236005;0;0;0,0351537773298966;0;
2,4;0;57,995017120359;0;0;0,333193032725713;0;
2,6;0;176,958539110904;0;0;22,5416273234184;0;
2,8;0;202,476221802824;0;0;120,439449367728;0;
3;0;239,53460082473;0;0;205,803725155583;0;


============================================================================
Função: Griewangk
============================================================================
std;GEOreal1;AGEO1real1;AGEO2real1;GEOreal2;AGEO1real2;AGEO2real2;
0,2;79842;37578;53337;92400;65400;64097;
0,4;9674;11544;8337;18624;21456;13892;
0,6;4573;6921;4508;7041;12470;8170;
0,8;3999;6113;4084;5390;10675;5727;
1;3845;6255;3736;4426;10764;4511;
1,2;3943;7316;3952;4339;11515;5170;
1,4;4047;8716;4360;4400;12638;5079;
1,6;4358;12366;4166;4250;17092;5073;
1,8;4874;19427;5155;4870;25402;5147;
2;5527;48369;5575;5061;41772;4875;
2,2;6340;100001;5760;5967;88935;5575;
2,4;6470;100001;7152;5878;100036;5479;
2,6;7530;100001;9647;6542;100036;6353;
2,8;9106;100001;13021;6916;100036;6272;
3;10004;100001;22536;8000;100036;7224;


============================================================================
Função: Rastringin
============================================================================
std;GEOreal1;AGEO1real1;AGEO2real1;GEOreal2;AGEO1real2;AGEO2real2;
0,2;100001;100001;100001;100143;100033;100143;
0,4;19573;35596;13256;23175;38753;24537;
0,6;11017;20877;7947;9187;22724;9187;
0,8;9298;17970;7142;6579;19172;6833;
1;9485;18786;6825;5916;18570;5970;
1,2;9455;20732;7357;5674;19948;5964;
1,4;9877;24581;7636;5539;21552;5890;
1,6;10683;30963;7755;5768;27586;6112;
1,8;10406;42437;9062;5954;36448;6708;
2;10969;64383;10761;6012;65482;6482;
2,2;11966;96130;12925;6234;96523;7690;
2,4;12510;100001;15535;6630;100143;8286;
2,6;13497;100001;25889;6914;100143;10163;
2,8;14397;100001;48082;7262;100143;10015;
3;16093;100001;70427;7857;100143;10536;


============================================================================
Função: Rastringin
============================================================================
std;GEOreal1;AGEO1real1;AGEO2real1;GEOreal2;AGEO1real2;AGEO2real2;
0,2;11,6241113527829;1,34477307014935;7,86644631337739;16,4464828617554;0,129426726270611;17,7785329558271;
0,4;0;0;0;0;0;0;
0,6;0;0;0;0;0;0;
0,8;0;0;0;0;0;0;
1;0;0;0;0;0;0;
1,2;0;0;0;0;0;0;
1,4;0;0;0;0;0;0;
1,6;0;0;0;0;0;0;
1,8;0;0;0;0;0;0;
2;0;0;0;0;1,76214598468505E-14;0;
2,2;0;5,23761656268107E-10;0;0;0,224223867200905;0;
2,4;0;4,09400969671224;0;0;0,221534662507166;0;
2,6;0;161,550488787337;0;0;98,4851216721746;0;
2,8;0;199,014121364171;1,4210854715202E-15;0;208,860165870582;0;
3;0;193,716830171508;3,12638803734444E-15;0;204,443587110387;0;


============================================================================
Função: Rosenbrock
============================================================================
std;GEOreal1;AGEO1real1;AGEO2real1;GEOreal2;AGEO1real2;AGEO2real2;
0,2;0,779272105381771;0,798074986364963;0,788618469368219;0,778802996501382;0,779760214974759;0,778845906757061;
0,4;0,673502311655704;0,812021560395255;0,769607948401165;0,360521118232416;0,549530552125051;0,300085002680387;
0,6;0,670353910871926;0,824909806694805;0,747771878756566;0,0789905102079089;0,533865217650083;0,0418488996408302;
0,8;0,585046621897146;0,643138305366669;0,63918387109937;0,00061948418712447;0,471446784808873;0,00563762144168363;
1;0,645552599399602;0,784510746039891;0,741935272486343;0,000250866513969662;0,504211059153931;0,00311332359291678;
1,2;0,640271030279359;0,6898211289041;0,657731754688527;0,000283637534391594;0,338441564542433;0,00402006486722429;
1,4;0,585754170308758;0,664391604110133;0,613563188185955;0,000281239254780856;0,186553760835128;0,00386264839319186;
1,6;0,0916371059710655;0,161308009932474;0,121799558688722;0,000373862689340683;0,133789022748738;0,00300643071811497;
1,8;0,0188369931443791;2,89580692315138;0,0217895800099082;0,000417063539747592;0,0844405699216998;0,00309973554925924;
2;0,00681770056471088;31,4752920702951;50,883114634729;0,000372814090623624;0,0319242731066727;0,0020083414279351;
2,2;0,00512970989263809;35,2664151259416;35,3107358946993;0,000568662501268258;0,0191206135443352;0,00120133666550108;
2,4;0,00778919444174587;113,455448868525;126,419843510885;0,000474648906932537;0,0134560795762144;0,00173014839568678;
2,6;42,19295559753;92,1017972928548;104,690472505611;0,000876866102105045;0,0135818922796039;0,00127925979227963;
2,8;25,3231290117413;115,138169627152;125,047296680151;0,000663728916302434;0,0186818248686216;0,00137482572707639;
3;78,0085412111741;141,048532972656;184,738333048166;0,000803407338254072;0,019454778842481;0,00296929208630439;


============================================================================
Função: Schwefel
============================================================================
std;GEOreal1;AGEO1real1;AGEO2real1;GEOreal2;AGEO1real2;AGEO2real2;
0,2;1806,85804503043;2442,47114125074;1990,4867638236;1930,53749056377;2110,51112424603;1870,09953838425;
0,4;1262,2211766077;2714,44265263485;2112,68327611751;1385,60670134274;2250,29704595124;1315,23780654556;
0,6;1061,34543402304;2794,9710273739;2068,69705667522;1015,80869233475;2342,38482935594;1067,94534006979;
0,8;582,400328710354;2875,76492571634;1929,84100249511;728,044867613244;2472,47133562231;734,220632774025;
1;422,190337257929;2856,48128045031;1910,03226133218;372,475256308248;2450,88960416286;336,142474208458;
1,2;420,556365785292;2844,65027875875;1651,4239003956;87,9160820907994;2336,07006943071;90,8559594173426;
1,4;396,759101019871;2763,84210128899;1370,4930037216;36,3434632270002;2283,46081678283;0,000143390305129287;
1,6;151,154141993139;2630,7769676419;1101,00838793303;11,3930371037424;2239,40241421327;0,000127275822433148;
1,8;138,797847475048;2455,28472677185;1048,56476268616;0,000127275662362081;2232,17940699183;0,000127275667437061;
2;147,165599366891;2463,11368726559;999,097922400652;0,000127275662289321;2112,43636080048;0,000127275665290654;
2,2;167,921078263473;2762,69119166985;998,494830662735;0,000127275662307511;2096,3626870676;0,000127275664108311;
2,4;197,602707217674;3291,33282900054;958,139527066785;0,000127275662380271;2136,07251817414;0,000127275684662891;
2,6;214,339127340425;3652,66137717596;977,987438187667;0,000127275662271131;2122,94522452381;0,000127275663817272;
2,8;289,866807544092;3617,05311780498;1026,65809401464;0,000127275662343891;2139,611028694;0,000127275663598994;
3;283,637985205306;3384,57263734502;1053,24227882138;0,000127275662343891;2180,35174443106;0,000127275664453919;


============================================================================
Função: Ackley
============================================================================
std;GEOreal1;AGEO1real1;AGEO2real1;GEOreal2;AGEO1real2;AGEO2real2;
0,2;2,57515922732932;0,900832415737714;3,04170320419068;3,50669347269072;0,0328919676383667;3,53309895426532;
0,4;6,09290395914286E-15;1,02185815364919E-11;1,4033219031262E-15;-4,44089209850063E-16;1,03062447465163E-12;-4,44089209850063E-16;
0,6;7,63833440942108E-16;1,47437617670221E-15;-4,44089209850063E-16;-4,44089209850063E-16;-4,44089209850063E-16;-4,44089209850063E-16;
0,8;-1,77635683940025E-17;-1,59872115546023E-16;-4,44089209850063E-16;-4,44089209850063E-16;-4,44089209850063E-16;-4,44089209850063E-16;
1;5,50670620214078E-16;8,34887714518118E-16;-4,44089209850063E-16;-4,44089209850063E-16;-4,44089209850063E-16;-4,44089209850063E-16;
1,2;1,33226762955019E-15;2,68229882749438E-15;-4,44089209850063E-16;-4,44089209850063E-16;-4,44089209850063E-16;-4,44089209850063E-16;
1,4;2,32702745961433E-15;1,15640830244956E-14;6,21724893790088E-16;-4,44089209850063E-16;-3,73034936274053E-16;-4,44089209850063E-16;
1,6;3,10862446895044E-15;5,45645306715414E-12;3,10862446895044E-15;-4,44089209850063E-16;2,74091860319459E-14;-3,73034936274053E-16;
1,8;4,17443857259059E-15;2,69035817064278E-07;4,81392703477468E-15;2,46913600676635E-15;3,58954470591755E-09;2,61124455391837E-15;
2;7,44293515708705E-15;1,76590009291304;1,00008890058234E-14;3,10862446895044E-15;0,270924922806505;5,45341549695877E-15;
2,2;1,05693231944315E-14;15,5184004792092;1,59694479862083E-14;3,5349501104065E-15;8,74754750035873;1,00719432793994E-14;
2,4;1,65378821748163E-14;20,5286488401859;2,36433095324173E-14;5,6665783176868E-15;20,4728765420957;1,4122036873232E-14;
2,6;2,68407518433378E-14;20,8496049326499;3,20987680879625E-14;6,51922960059892E-15;20,9415875890069;1,54010137976002E-14;
2,8;1,38532740834307E-12;20,8855034546892;4,03410638227797E-14;7,01660951563099E-15;20,9409989965163;1,83142390142166E-14;
3;1,35178048186191E-07;20,8392815860117;5,12123676799092E-14;8,86402062860725E-15;20,9263204000528;2,01616501271928E-14;