




============================================================================
Função: Griewangk
============================================================================
parameter;AGEO1;AGEO2;AGEO3;AGEO4;AGEO1var;AGEO2var;AGEO9var;
meanNFE;100100;100100;100100;100100;100100;100100;100100;
meanFX;0,32126481857829653;0,09277214532964;0,20846839682442386;0,10072692523130665;1,080704517233114;0,15291739107888075;0,005265584534208296;
medianFX;0,25745622055664685;0,09232356003675846;0,12416973345070914;0,0983549188169267;0,45135938052092417;0,08479159387610002;0,0049753184426447605;
sdFX;0,21846187905979705;0,06209889698394682;0,2198045147603401;0,06441810135667149;2,6238043064647782;0,17942400426323094;0,002098109466467521;
==========================================================
===> f(x) médio para cada NFE:
NFE;AGEO1;AGEO2;AGEO3;AGEO4;AGEO1var;AGEO2var;AGEO9var;
5;276,0022677273623;276,0022677273623;276,0022677273623;276,0022677273623;276,0022677273623;276,0022677273623;276,0022677273623;
50;243,12266605181384;243,12266605181384;243,12266605181384;243,12266605181384;243,12266605181384;243,12266605181384;243,12266605181384;
100;231,4170352437231;231,4170352437231;231,4170352437231;231,4170352437231;231,4170352437231;231,4170352437231;231,4170352437231;
500;134,97674739103653;169,49158794345183;209,90344186420577;121,89621980578832;15,013635651765902;57,38021443934851;56,34083317431338;
1000;61,721651739767886;55,67290581249478;141,57222799098463;32,45403063181424;2,9486256863608418;1,581230858171245;1,6519360536132706;
1500;31,24508833792331;19,137974829901626;94,52890713214184;11,316788090059937;2,7982940377678864;0,3663079276596575;0,47114258473897497;
2000;18,90057663607369;7,002390707627631;67,0829714546737;4,467242596592253;2,7982121836602745;0,1749799200539107;0,2951366437361249;
2500;14,413273069187023;3,3782554282495827;43,76641414123913;2,368052112589824;2,7982121836602745;0,16701374065707808;0,2933491413806072;
3000;11,947803841703287;1,8591236084962632;33,41076692896422;1,492679838330353;2,7982121836602745;0,1669501168434853;0,26687397699810794;
3500;11,375537347257973;1,3156936360585982;24,938551482419765;1,1578260059624501;2,7406682949901575;0,1669501168434853;0,24030308899808206;
4000;11,089058719405813;1,005720750505035;17,385049427105095;0,9255005033655798;2,7406682949901575;0,1669501168434853;0,18585264120933734;
4500;6,538094081385862;0,8268241138035128;12,88632866798848;0,7372927730900942;1,799438850388143;0,1669501168434853;0,17714014725359964;
5000;2,2631243216706602;0,6816857134532827;12,268226238250687;0,5960024524456718;1,080704517233114;0,1669501168434853;0,17674257411431546;
6000;0,6998723064148957;0,4751178442615049;11,700990627062481;0,422925494998907;1,080704517233114;0,15291739107888075;0,140466996752116;
7000;0,4305064915177092;0,3643492405288349;11,47441001744126;0,3631107486724908;1,080704517233114;0,15291739107888075;0,1050051073667148;
8000;0,35962131205369563;0,3352778434996675;11,386043600793375;0,3286987043820657;1,080704517233114;0,15291739107888075;0,1017240234597727;
9000;0,32404686845804737;0,31291210170569744;11,35010549302487;0,32411172164750734;1,080704517233114;0,15291739107888075;0,08326633765826069;
10000;0,3213965661481324;0,3054847501646036;11,344572067572841;0,31837786716185346;1,080704517233114;0,15291739107888075;0,07642801112803665;
12000;0,32126481857829653;0,2546903790999233;7,5945300753809715;0,2731238330447143;1,080704517233114;0,15291739107888075;0,0651546094111488;
14000;0,32126481857829653;0,23392557309567255;3,3686581617195657;0,2610889419395768;1,080704517233114;0,15291739107888075;0,05405507041121395;
16000;0,32126481857829653;0,22567622433277185;2,98494209795283;0,25570577176168147;1,080704517233114;0,15291739107888075;0,045558618879488755;
18000;0,32126481857829653;0,21740947579589595;2,9579385526203055;0,25039328660032606;1,080704517233114;0,15291739107888075;0,03387386712981628;
20000;0,32126481857829653;0,20362290818470966;2,9551972903468515;0,2491932932250791;1,080704517233114;0,15291739107888075;0,028612796347624973;
25000;0,32126481857829653;0,18620437260989567;0,3424051882535749;0,2350759481715324;1,080704517233114;0,15291739107888075;0,020446450924836792;
30000;0,32126481857829653;0,17261145481756268;0,2884952032773418;0,22009905663630194;1,080704517233114;0,15291739107888075;0,017568863777455326;
35000;0,32126481857829653;0,15952802216754086;0,287694485483901;0,19889779024829646;1,080704517233114;0,15291739107888075;0,011912532164360938;
40000;0,32126481857829653;0,14999857372792463;0,2778253340551328;0,18398509072547792;1,080704517233114;0,15291739107888075;0,010949361546102238;
45000;0,32126481857829653;0,14351013739262733;0,2557964829622627;0,15906494014801428;1,080704517233114;0,15291739107888075;0,008158224246886772;
50000;0,32126481857829653;0,1317857055934161;0,2557964829622627;0,14488539327773328;1,080704517233114;0,15291739107888075;0,008158224246886772;
55000;0,32126481857829653;0,1209366105272086;0,2521184943875757;0,1332679293972352;1,080704517233114;0,15291739107888075;0,008089087600312017;
60000;0,32126481857829653;0,11591075409798217;0,2273166631936691;0,12488497300431636;1,080704517233114;0,15291739107888075;0,007972703197237025;
65000;0,32126481857829653;0,10448011719982243;0,22144733023307672;0,11918828812460606;1,080704517233114;0,15291739107888075;0,006948776558880059;
70000;0,32126481857829653;0,10202541403370718;0,22144733023307672;0,11822144219359917;1,080704517233114;0,15291739107888075;0,006879100435621468;
75000;0,32126481857829653;0,09950770796951304;0,22144733023307672;0,1122838372706595;1,080704517233114;0,15291739107888075;0,006498348112218934;
80000;0,32126481857829653;0,09849529375196799;0,21531220444179855;0,11091415600131797;1,080704517233114;0,15291739107888075;0,0060918958143223205;
85000;0,32126481857829653;0,09440987452306791;0,21528243044106263;0,10622973979247001;1,080704517233114;0,15291739107888075;0,005843722675006892;
90000;0,32126481857829653;0,09440987452306791;0,21511402419345566;0,10380404783845336;1,080704517233114;0,15291739107888075;0,0054739953124606985;
95000;0,32126481857829653;0,09277214532964;0,21211775820553266;0,10094904236774069;1,080704517233114;0,15291739107888075;0,0054739953124606985;
100000;0,32126481857829653;0,09277214532964;0,20846839682442386;0,10072692523130665;1,080704517233114;0,15291739107888075;0,005265584534208296;

==========================================================
===> Melhores f(x) para cada execução:
execucao;AGEO1;AGEO2;AGEO3;AGEO4;AGEO1var;AGEO2var;AGEO9var;
1;0,0019659232418319794;0,016672053916024332;0,47781073155549225;0,016314133121835828;0,8902176252215344;0,39315852623640435;0,004835565776632245;
2;0,19754619352842395;0,028827872904441887;0,13596727166239042;0,03864567744124969;6,868460421679883;0,00377252459030486;0,00377252459030486;
3;0,25952265461204493;0,10921710404705576;0,12416973345070914;0,2001237625341693;0,20424471743725048;0,039045308916479504;0,004069603367931274;
4;0,31611609991450607;0,15090360232897904;0,0019659232418319794;0,008734251670899917;0,9035740637105911;0,47181792524331867;0,0030394187422043695;
5;0,25745622055664685;0,0019659232418319794;0,099760353560013;0,06877387955936065;0,7988499003437146;0,6019462142831505;0,006501255526876637;
6;0,2778080891537088;0,106467201146487;0,15391734698093062;0,11048816007416873;0,9557659136597086;0,010839114049990495;0,006185596757883216;
7;0,17199065763030896;0,01891689824238274;0,11389647248011603;0,12835399457068686;0,4086702254620108;0,08479159387610002;0,0019659232418319794;
8;0,25209347667547566;0,07549277515675179;0,0019659232418319794;0,1909458721773336;0,6494891683482789;0,07999345606363673;0,006312628029439216;
9;0,6941668427348724;0,06113399053445079;0,32621129922695413;0,0903689172475548;0,27107095366894185;0,7602602623181417;0,008695649834748242;
10;0,41398024745828343;0,21195009383078134;0,06834506855869171;0,09501357614666961;0,9676994435744343;0,05373481823579063;0,004402675080813712;
11;0,11485379296248777;0,10765756725391018;0,12008766337203969;0,07113127706517042;0,08185775853250432;0,12055057841471484;0,0032711943306080737;
12;0,479836428717089;0,08053155320897187;0,06706120887733613;0,20161047007662936;0,006360382740919102;0,0399089638808634;0,004128999633670638;
13;0,4115187497026991;0,09232356003675846;0,4308901829885119;0,15558247926732205;0,9352113256193727;0,14081039492092728;0,005431463878941001;
14;0,5508981928864306;0,09254002980899978;0,32621129922695413;0,03222782467044716;1,0855841460861397;0,031998800784798886;0,0031013193043120113;
15;0,44291845161286447;0,180493305876813;0,21204301464494313;0,1582885843012798;0,7419958695979589;0,09472623541047898;0,012709333732576322;
16;0,03664842244255018;0,019117787142422293;0,06096632963049864;0,03258557839036069;0,2479613092831391;0,19336434769246247;0,00451519386255117;
17;0,6655391986264829;0,041432483836591705;0,019117787142422293;0,06543738340748306;0,4490130924918777;0,2595280266529443;0,004939485078269135;
18;0,8443987691937254;0,1145803856891231;0,4523232868665571;0,15716574264723682;0,24677602112961916;0,28649516343442716;0,005778998915184963;
19;0,7540459819934721;0,016263204646971507;0,37227141258327023;0,0983549188169267;1,181437441000249;0,004519388458220974;0,004519388458220974;
20;0,20544988491968497;0,15492495664217198;0,18674677041788623;0,17435169417736052;0,7288120634476599;0,07376891234995664;0,0049753184426447605;
21;0,5032201645241104;0,06389167387558425;0,43299451615652484;0,18682732609776287;0,032135587689810396;0,0034049418734501957;0,0034049418734501957;
22;0,03616510227967085;0,008734251670899917;0,06532856896731565;0,03616510227967085;14,70018182069354;0,11052848251525338;0,008532628121392216;
23;0,3362492903511274;0,04018951931036474;0,01033133341898973;0,01033133341898973;0,6407668644811646;0,059124711277301234;0,00422446261289855;
24;0,230163310791885;0,15979604739603415;0,050774726403908454;0,02131001712812597;0,5099957406049401;0,2149281128545396;0,003978157557667283;
25;0,20627636557032492;0,20330073088571843;0,3552329454113806;0,1659783426429935;0,17096845364883417;0,3366365961245378;0,0035323278828693905;
26;0,396733335062012;0,10442896711062732;0,0019659232418319794;0,1755953763711603;0,1256977273505685;0,005144874592827309;0,005144874592827309;
27;0,19910799561055548;0,22368858272512382;0,8980374454962519;0,008734251670899917;0,5894610350398168;0,036259766322886855;0,00741747091401912;
28;0,6645329362541319;0,070835418229235;0,5914288670923828;0,10447357779429423;0,21699743179156272;0,13285131296451935;0,005280814775136089;
29;0,17746328838612813;0,0853407667682281;0,0019659232418319794;0,154439111623087;0,19309399136508032;0,11237062493388184;0,0025635255120870504;
30;0,2524235572583827;0,17149810317566605;0,39646931307746924;0,12399375118959977;0,6270118281437725;0,005369701253413961;0,005369701253413961;
31;0,22024050904203607;0,1515472398693557;0,14119577723981025;0,12166042386417875;0,45135938052092417;0,11836930657874334;0,006074125379952888;
32;0,1292657751859232;0,07447809235035241;0,0019659232418319794;0,17983017302387527;0,13592591296078782;0,0762408120568927;0,005778998915184963;
33;0,0019659232418319794;0,09627681397758714;0,0019659232418319794;0,02949487553026442;0,13020908672572618;0,32958697023594496;0,005681286412634656;
34;0,42808696776269695;0,011312718486025997;0,5930416996722625;0,0830164914339312;0,31621482269510015;0,06112106793841088;0,009019755883001745;
35;0,11361985035597622;0,1002938112146764;0,0019659232418319794;0,029094051662752696;0,3615865764115649;0,005140850425110144;0,005140850425110144;






============================================================================
Função: Rastringin
============================================================================
parameter;AGEO1;AGEO2;AGEO3;AGEO4;AGEO1var;AGEO2var;AGEO9var;
meanNFE;100160;100160;100160;100160;100160;100160;100160;
meanFX;19,95591954636235;16,09629700799327;24,60548563705651;17,45512963283822;24,507013237649392;24,658618161004327;11,359377529823423;
medianFX;18,99776715077686;15,213081184967947;20,97403864469741;17,09699786954117;22,015678594511762;24,007697189233483;11,040605599834478;
sdFX;6,2402136584698935;5,762431823215775;25,300413666646662;6,815550966153758;6,420262654787811;7,178519955613426;2,4512917220385275;
==========================================================
===> f(x) médio para cada NFE:
NFE;AGEO1;AGEO2;AGEO3;AGEO4;AGEO1var;AGEO2var;AGEO9var;
5;217,17821414599638;217,17821414599638;217,17821414599638;217,17821414599638;217,17821414599638;217,17821414599638;217,17821414599638;
50;210,8196703780418;210,8196703780418;210,8196703780418;210,8196703780418;210,8196703780418;210,8196703780418;210,8196703780418;
100;207,7169977379755;207,7169977379755;207,7169977379755;207,7169977379755;207,7169977379755;207,7169977379755;207,7169977379755;
500;194,37938640059426;200,18432672355834;202,14716870164548;193,42230716066277;137,0334692722504;182,362920139466;168,69633631977123;
1000;168,16564045673363;184,35471008131643;195,49163935789892;166,7487481545384;45,39890058804519;85,99722676910736;85,594543326609;
1500;146,60177927099073;166,60654929238845;189,53518176801586;142,98361920764046;28,681967402399533;47,09065578921025;45,67375169997297;
2000;123,45795770105094;139,37148447502423;177,6546889325447;117,25757432705757;24,761563137121794;27,247431724379464;27,282751155176626;
2500;110,46457454476406;120,81737656294771;167,19911682588057;102,87755302210384;24,536375752618145;25,127941039283094;25,138767271759566;
3000;94,0388260437002;100,01780624311802;154,69927561497897;86,0630958317831;24,50885218892655;24,672482047755828;24,74649487277436;
3500;85,6393660689346;89,55323126882399;148,76578056126684;77,66003231294049;24,50715202082684;24,661424989889394;24,736460933287812;
4000;74,34430654860441;75,98824235572101;136,89145516760573;66,97085055268028;24,507013237649392;24,659013702363602;24,73577664428975;
4500;67,2988703784683;66,81307602888978;128,18091978459492;60,04394236971479;24,507013237649392;24,658659958446865;24,735762613781695;
5000;60,72785657424928;60,14497513411312;119,43797478020024;54,103666433200274;24,507013237649392;24,658621101403213;24,704912676320475;
6000;51,07709991847023;48,869731793152106;106,26609907462435;44,37784965749975;24,507013237649392;24,658618161004327;23,922775809035276;
7000;43,76075509557703;40,36148482180848;94,16967906946772;37,190295668264646;24,507013237649392;24,658618161004327;22,04765741695441;
8000;38,53077754835556;34,4640674214198;84,31727985572071;31,97021960597695;24,507013237649392;24,658618161004327;20,80251639299762;
9000;32,86576824678181;29,225735936494207;75,47076110587516;28,28505715857145;24,507013237649392;24,658618161004327;20,736146414503747;
10000;29,238691964204016;26,424738013661088;70,04904687990638;26,001268901452868;24,507013237649392;24,658618161004327;20,733640287146386;
12000;25,811212216374937;23,20901850296422;60,51343611202822;23,33835050831833;24,507013237649392;24,658618161004327;19,52201668689352;
14000;23,963992071623707;21,79888498338663;49,477082850524646;22,296972767899973;24,507013237649392;24,658618161004327;19,45077497083999;
16000;23,26673329336686;21,20945020740959;42,1900378205307;21,70154860385888;24,507013237649392;24,658618161004327;19,35803336203696;
18000;22,810113496029565;20,87764441961206;37,81184977833983;21,416802151012;24,507013237649392;24,658618161004327;18,670380068586905;
20000;22,694902978066303;20,79054759132841;35,8048621306465;21,344397845685055;24,507013237649392;24,658618161004327;18,236551152577395;
25000;22,60475671315333;20,720501412633883;33,73904391241716;21,280398938562552;24,507013237649392;24,658618161004327;16,886109841036582;
30000;22,58829894616296;20,707235501970125;33,453881009485656;21,268767515472113;24,507013237649392;24,658618161004327;15,881569700950354;
35000;22,585420903490192;20,65442576165742;30,013294104079282;21,24011342932428;24,507013237649392;24,658618161004327;15,027561740882522;
40000;22,470835938256887;20,321563559477088;29,239505313650128;20,955559426113073;24,507013237649392;24,658618161004327;14,466286202085268;
45000;22,470804191575855;19,48639135316874;26,657240290301967;20,835342691906533;24,507013237649392;24,658618161004327;14,098240433126403;
50000;21,39723343335463;18,943479755728;24,86604005025537;20,665980882889198;24,507013237649392;24,658618161004327;13,755350106418675;
55000;20,05623336088655;18,58641525467675;24,648002918090295;20,383221367172467;24,507013237649392;24,658618161004327;13,414856014444904;
60000;19,961029110848916;18,324995755980513;24,613782314460675;20,24030088908712;24,507013237649392;24,658618161004327;13,284457930716542;
65000;19,956786485668708;18,050850219894876;24,607447730558626;19,86989798824275;24,507013237649392;24,658618161004327;13,039425705448414;
70000;19,956053811512174;17,85714458317482;24,605771589385295;19,46393487539198;24,507013237649392;24,658618161004327;13,039425705448414;
75000;19,955931191541833;17,56734314152716;24,605493596289477;19,129906166259044;24,507013237649392;24,658618161004327;13,039262463383583;
80000;19,955919929853266;17,084486707130758;24,60548563705651;18,78551754543249;24,507013237649392;24,658618161004327;12,584463605242808;
85000;19,95591954636235;16,758107699459806;24,60548563705651;18,28594236082377;24,507013237649392;24,658618161004327;11,99808010100128;
90000;19,95591954636235;16,525081266423673;24,60548563705651;18,054891697472378;24,507013237649392;24,658618161004327;11,655200470268088;
95000;19,95591954636235;16,193391779993448;24,60548563705651;18,02761993210207;24,507013237649392;24,658618161004327;11,446018614150127;
100000;19,95591954636235;16,11656297136725;24,60548563705651;17,455470783057933;24,507013237649392;24,658618161004327;11,359377529823423;

==========================================================
===> Melhores f(x) para cada execução:
execucao;AGEO1;AGEO2;AGEO3;AGEO4;AGEO1var;AGEO2var;AGEO9var;
1;18,1466192889974;18,295676348258212;17,317470059409594;18,188938893566018;35,20967873186916;17,944441405000887;10,999798124913532;
2;17,096295019190606;9,014367678832109;11,990064782088268;4,031643089650153;18,973825651460558;17,955753630975174;13,039812607624285;
3;24,0005316336012;19,91085113246305;25,167238597992146;26,133987538820016;32,0225743714951;33,10018556716781;13,047000418827253;
4;27,179649753994205;26,163406811733218;36,18293008976822;21,154913061950964;34,37193984420166;36,339901813628686;15,132504603393734;
5;18,022343795935434;13,089077315921053;21,079443886643055;15,039529716660304;29,08924249246915;24,03272671929532;9,089480096139035;
6;20,971619512181242;8,056616999243445;18,162686146139542;14,04033159461634;20,079579451721166;18,99949828907134;8,129532799852612;
7;17,1305555317007;18,08135134534748;163,68174550251683;11,042204032371892;18,113361131681813;15,097130440961877;7,950452013121989;
8;18,973931381825473;12,251014843441624;20,97403864469741;15,991950776098186;30,00261977738347;43,7793216851872;12,139223109244796;
9;13,867626326038703;16,181458530034007;22,189167176119383;13,025762668267852;30,20148107141483;27,22199189423491;8,984072289143178;
10;23,15999524593537;19,257949800878173;22,176611451507796;21,160399301502245;21,261791943745713;31,419418492862007;14,007185850257862;
11;20,146940491314723;19,252748984982382;19,065835835150992;21,16296656189263;15,098685856891272;19,039733044024388;11,981985691601913;
12;10,063730571585552;13,04651332605038;6,031622611086085;10,063027721234988;20,981376024185465;14,089981692570753;11,964766598934801;
13;11,998807760162258;15,04051731243861;8,950729548428534;9,014353922022636;21,051085153163285;12,121878404946223;13,014054026430834;
14;12,99084188985696;7,170102209929773;15,07382290288222;11,05764974881307;19,99129721267363;23,01995552766366;9,01634041764953;
15;29,180274912560346;28,170424559666035;24,22929785648075;30,196300983138254;32,319246034867675;19,034140218007153;11,027042698550424;
16;20,262585581067206;20,26882649908857;26,35237334507729;27,362030756197825;25,215924023151295;22,083512281784046;6,081610419329685;
17;25,241036305034008;15,067233848992593;20,205588149343093;17,09699786954117;20,23105504210583;29,3305814503741;11,040605599834478;
18;23,043622835358583;17,00231649005341;12,008290358428752;12,081764296018406;16,06553604918824;18,14765926684585;10,042142199089419;
19;15,100717012855718;17,156807087258798;17,142980871535237;18,140236872730547;24,16880634103839;33,36453193462485;9,073901270553208;
20;14,03086635630494;8,097127200336736;26,196699749439254;15,03871810273656;13,867152852919048;18,015865841811056;15,925104796274674;
21;26,04700060911761;19,489075089397033;31,053966717952722;25,657037133650498;25,09253440708506;25,985848907041976;10,984488469878585;
22;33,910621546957785;23,13039098251538;20,082132753082632;22,076072731001467;29,9770645982091;27,968506164172858;10,121273515586893;
23;16,1282942720596;12,057595440191989;14,023287661247366;19,114144731576808;18,90772739033116;22,033615712680643;15,851977927191783;
24;30,163651777258504;27,436722154347322;28,105314539891847;23,1566566540166;30,134563034042284;28,231516089756074;11,040926243125213;
25;24,14733925704924;20,20418244864196;27,179239555946104;30,377984904683387;35,15695642493317;24,007697189233483;10,91632477028304;
26;31,025388843128937;25,153018652051905;39,25771570806752;31,028466012096114;29,090555500820713;38,985640348239784;13,074159370456243;
27;16,082750010993706;10,025430790653786;14,057066529295263;12,05694550961384;20,205619484122295;22,138128814081433;11,936802991938833;
28;18,145864995118558;15,213081184967947;21,252856247854325;14,120951350259581;26,04909519990646;23,221782030607002;10,984975534111932;
29;6,0309197607355145;5,080137703898224;6,064218896192251;5,047541418792051;17,84523984817357;18,04042073232761;7,016896942725559;
30;25,862227688661555;19,612560832561464;24,845498767733083;18,973665998851807;26,880233739011622;31,977857318074264;14,023916648327614;
31;18,99776715077686;13,1629612209723;22,622556524544528;13,006845531136278;20,139236824981403;26,043066249103582;12,027179250903473;
32;15,070611537492162;14,028306397737168;20,14437323092433;17,097854032529845;19,00586068567143;25,09494356993138;8,98278687560019;
33;22,079422559483298;12,121358931567876;26,137158182337558;21,030039015457014;22,015678594511762;20,18931697395641;15,891826526723008;
34;19,09965863599401;12,05694550961384;16,17927373938644;15,13042075520979;38,03431204246395;29,08497535598773;12,122906493622246;
35;15,057074272354306;14,024239615696523;16,008700677787658;12,03120386263253;20,894526485838114;25,910110578919976;10,91515635257791;






============================================================================
Função: Rosenbrock
============================================================================
parameter;AGEO1;AGEO2;AGEO3;AGEO4;AGEO1var;AGEO2var;AGEO9var;
meanNFE;100022;100022;100022;100022;100022;100022;100022;
meanFX;0,000446684823043362;3,4184238303375924E-05;0,0007541740909780704;2,3293546622000707E-05;0,36071078433664;1,1289558779387634;3,188236137757748E-05;
medianFX;0,0003376603839347364;1,8273875128587248E-05;0,0005508597153950243;6,052344200316405E-06;0,000654517783356211;0,7724124561272245;2,4828680233688943E-05;
sdFX;0,0005415924235630772;4,079098769847609E-05;0,0007689775962865875;3,699448837485345E-05;1,2049597498446756;1,4934364050098219;2,705786204968196E-05;
==========================================================
===> f(x) médio para cada NFE:
NFE;AGEO1;AGEO2;AGEO3;AGEO4;AGEO1var;AGEO2var;AGEO9var;
5;67,11465525141269;67,11465525141269;67,11465525141269;67,11465525141269;67,11465525141269;67,11465525141269;67,11465525141269;
50;37,49294964244225;32,83944396702695;31,39130332945776;40,3813151784716;8,191095205453715;8,731881781280736;21,470577550425443;
100;6,7461152792766965;9,355531802780868;3,473361465512909;1,99499479093408;2,848292423754236;1,5486711025244884;4,069708406498232;
500;0,6107891573294933;0,6541712945221713;1,0160097948824527;0,7995966219462635;0,6657738911451522;1,130687221313006;0,5387455810073781;
1000;0,273881074662983;0,40463242886463535;0,562180189025411;0,3814217387586161;0,4970391501569119;1,1289558779387634;0,2663566977013885;
1500;0,25027409596438493;0,22751889677420392;0,3579233882916644;0,2744621600931296;0,4076237518778668;1,1289558779387634;0,24113399540647212;
2000;0,19857157746066473;0,15694400348066145;0,29184152986568346;0,24103775798547242;0,38641337314086205;1,1289558779387634;0,09350808633447485;
2500;0,11418144803511816;0,12457168615895016;0,22002685752885184;0,18572358194618221;0,38546935233104396;1,1289558779387634;0,06756635265435129;
3000;0,09733210533575971;0,07891602832949213;0,11826831752577827;0,18082923718976313;0,3806330295004215;1,1289558779387634;0,0602811558187004;
3500;0,07246431505477989;0,07623618503669324;0,09976560243380862;0,12063560995370426;0,3788449310891203;1,1289558779387634;0,05725704471112879;
4000;0,06670272243569748;0,06794052172431295;0,08358169250855849;0,0935877117062913;0,37609074956074545;1,1289558779387634;0,036093284230514625;
4500;0,04042528400924323;0,06746059969003404;0,08027015900501155;0,07750998028663084;0,37159753759295155;1,1289558779387634;0,015949275553065908;
5000;0,04020840629756497;0,06322645671532003;0,049810046503478346;0,06873400671460865;0,3708555111464532;1,1289558779387634;0,015774726264505344;
6000;0,03383160458931588;0,05600448843235745;0,045860230214523234;0,034160153461033946;0,36931291650721787;1,1289558779387634;0,012244968463886851;
7000;0,02247362195404673;0,035200635761562966;0,03153590101615118;0,01263755937355129;0,3676798962576388;1,1289558779387634;0,00776158845947436;
8000;0,01498037399898249;0,032539352261845816;0,023727298357588644;0,011425739463831902;0,3669878599560227;1,1289558779387634;0,006840777208819891;
9000;0,011757148517337413;0,02928532224949541;0,02109406619076242;0,010207509664600746;0,3666264693434477;1,1289558779387634;0,004241809156841936;
10000;0,009365716358286941;0,005370640139957597;0,01856204685299589;0,009329960059130926;0,36659402181283646;1,1289558779387634;0,003522885498610197;
12000;0,008946421074901494;0,0035074217244364042;0,013992492314757441;0,008880866433898165;0,36578137652584447;1,1289558779387634;0,0017631325191795287;
14000;0,006219804102939537;0,0010312603459620745;0,013482634732670735;0,004585572390551809;0,36550732947603315;1,1289558779387634;0,0007822281959534595;
16000;0,004242542238007806;0,0008893799016454404;0,00901235774033181;0,0021197508629804073;0,3654018373966584;1,1289558779387634;0,000696221644997707;
18000;0,0032091581964284696;0,0004218459500452157;0,008896428392725073;0,0017250438880169225;0,3645246705626897;1,1289558779387634;0,0004931538258022867;
20000;0,0026982265226889353;0,00040748347871060744;0,0075423081439342145;0,0013809330836802322;0,3634537025724214;1,1289558779387634;0,0003401237415895822;
25000;0,0023219973894645068;0,0003703349006219009;0,005399646788825536;0,00044390265583952703;0,36199706612210325;1,1289558779387634;0,0002162191416226444;
30000;0,0021668287435239637;0,00013841714637564113;0,004974067289918691;0,00017407251045336246;0,36155533187729255;1,1289558779387634;0,00015092338080165179;
35000;0,0017643161509735398;0,0001345081123659105;0,003908904806827704;0,0001522473529612451;0,3613871885910813;1,1289558779387634;0,00015092338080165179;
40000;0,0014654883712392828;7,155966871661703E-05;0,003593857056352258;0,00014166814638564217;0,3613420297935621;1,1289558779387634;0,0001464258478775393;
45000;0,0014654883712392828;6,148467453632397E-05;0,0023909588538799233;5,341857810748395E-05;0,3613420297935621;1,1289558779387634;8,215144155853402E-05;
50000;0,0012584572130824136;5,9468838027759634E-05;0,0023431447939114493;4,46868315263556E-05;0,3610602882857479;1,1289558779387634;7,244438126818385E-05;
55000;0,0011922255586555377;5,777451836951944E-05;0,001860260030359778;4,3606815525245386E-05;0,3610157184855108;1,1289558779387634;6,116349285706364E-05;
60000;0,0010109803635622813;4,415582172052842E-05;0,0017019387480811108;4,1757433046281384E-05;0,3610157184855108;1,1289558779387634;5,844128484671941E-05;
65000;0,0007997219389709383;4,33852297630417E-05;0,0014669961347324482;3,591800019324389E-05;0,36090519607356514;1,1289558779387634;5,487860371547268E-05;
70000;0,0007073004122969695;4,11905419549004E-05;0,0011271287230249073;3,27239167705268E-05;0,36088388758237827;1,1289558779387634;4,437659450702807E-05;
75000;0,000580164141842174;3,945744065172803E-05;0,0010425006641626468;2,521222306035894E-05;0,36088388758237827;1,1289558779387634;4,3648550829770325E-05;
80000;0,0005787485673730764;3,6488871763698935E-05;0,0010339033330741226;2,4332298453298473E-05;0,36083284466009685;1,1289558779387634;4,3648550829770325E-05;
85000;0,0005248943192943142;3,6488871763698935E-05;0,0009210706691009946;2,4332298453298473E-05;0,36080885849587796;1,1289558779387634;4,1099727898436764E-05;
90000;0,000509487288854999;3,56979413279639E-05;0,0007894305595277012;2,4332298453298473E-05;0,36074092883300485;1,1289558779387634;3,7199690709919694E-05;
95000;0,0005083137724215329;3,4184238303375924E-05;0,0007576553987565458;2,3293546622000707E-05;0,3607265435425987;1,1289558779387634;3,7199690709919694E-05;
100000;0,000446684823043362;3,4184238303375924E-05;0,0007541740909780704;2,3293546622000707E-05;0,36071078433664;1,1289558779387634;3,188236137757748E-05;

==========================================================
===> Melhores f(x) para cada execução:
execucao;AGEO1;AGEO2;AGEO3;AGEO4;AGEO1var;AGEO2var;AGEO9var;
1;0,00041965454034162506;1,118248750616245E-05;0,0001646998910453348;7,124241620630472E-06;0,007185278799909618;0,0001531688043498238;3,218849167572097E-05;
2;0,0004788494476197793;2,0303968399015835E-05;0,0014751887813261905;5,490216108160771E-05;0,001566819303140826;0,17135738696366837;4,137588455472557E-05;
3;0,0008339447199724785;5,437146784820956E-05;0,0001646998910453348;1,6529512633522721E-06;7,623185957499665E-05;0,42779700979655716;3,4426180491873114E-05;
4;0,0005942575304785028;0,0001531688043498238;0,00043124205046369033;2,0303968399015835E-05;0,0009298943929538536;5,651647745679222;4,494483669484696E-05;
5;0,000353987574227474;2,25576640389694E-05;7,623185957499665E-05;0,0001531688043498238;0,0010170090780219664;1,0005063782105634;4,137588455472557E-05;
6;4,220673460361349E-06;6,646211204800484E-05;0,0001646998910453348;1,6529512633522721E-06;0,00026612340255253097;0,008746001948369216;8,372710973122832E-06;
7;1,6529512633522721E-06;1,6272330808828494E-05;0,0006953917059032157;1,7719288467843232E-06;0,0010007583144545239;0,13397672949404263;2,4828680233688943E-05;
8;0,0009858494871203165;2,378284925332508E-06;0,0011420972177384875;2,9847853611251183E-05;0,20753779635181488;3,4508422229645035;3,691023391862255E-05;
9;0,0005019265890423834;6,646211204800484E-05;0,001620194162591852;6,646211204800484E-05;4,534620580201714;0,6498626891765706;1,3864600491273174E-05;
10;0,0002186190733263871;1,2732530238028651E-05;0,0031236471216447353;1,7719288467843232E-06;0,0001076474802680161;0,0002700747569422944;1,6529512633522721E-06;
11;0,00012996944703282923;2,021315536048899E-06;0,0011394944978754568;2,4828680233688943E-05;0,00010266424547288746;2,207752467168934;1,2732530238028651E-05;
12;0,00023233841455543356;0,0001646998910453348;1,6529512633522721E-06;1,2732530238028651E-05;4,5484053800107144E-05;1,0005063782105634;8,801785615547957E-05;
13;0,00012823920056422304;2,8771350992162275E-06;0,00010266424547288746;2,8771350992162275E-06;1,0005063782105634;2,92940641758394;5,490216108160771E-05;
14;0,0004206583232665449;1,6529512633522721E-06;0,0009510218120424354;0,00014099746201605884;1,3995789577468062E-05;0,7724124561272245;5,490216108160771E-05;
15;0,00033532370508939074;8,801785615547957E-05;0,0004233696702280084;1,6529512633522721E-06;0,17766054394049363;1,5908116845466276;3,4722062112888553E-06;
16;0,0013628088005492433;1,8273875128587248E-05;9,765556528738099E-05;1,6529512633522721E-06;8,268223067078929E-05;2,77174863238185;2,608004460028996E-05;
17;0,00036866251931946576;1,7719288467843232E-06;0,0005808365578012719;2,4828680233688943E-05;0,0007205566878493585;0,010642499294242044;1,8273875128587248E-05;
18;0,000601157154992128;2,8771350992162275E-06;0,0005508597153950243;6,052344200316405E-06;5,592093987219831;0,014840237407206837;4,494483669484696E-05;
19;0,00039880939428023213;3,260800216012979E-05;0,0008623163183650931;1,6529512633522721E-06;0,000980208742341111;5,437146784820956E-05;1,8273875128587248E-05;
20;9,765556528738099E-05;6,052344200316405E-06;0,002899698093405223;1,6529512633522721E-06;0,09196867570210088;0,09005670541027444;6,24197042131614E-05;
21;5,054029490123827E-06;1,4270771576420211E-05;0,00026509125918031584;1,6529512633522721E-06;0,0012987483467421094;3,1270618508714563;3,945351130221012E-05;
22;0,0029280029214337282;5,490216108160771E-05;0,0015057610550917113;3,945351130221012E-05;1,000506371958274;1,000506371958274;9,68347953482746E-06;
23;3,8377629631470756E-05;1,7719288467843232E-06;0,0007033156497179216;1,8273875128587248E-05;0,000654517783356211;0,034015001069687384;2,0303968399015835E-05;
24;0,00032873631952308994;3,945351130221012E-05;0,00010123365786687396;7,124241620630472E-06;0,00046049790414922644;0,9693416919989724;1,2732530238028651E-05;
25;0,0007362054892999813;1,8273875128587248E-05;0,00041965454034162506;1,6529512633522721E-06;0,0001806912356505055;1,0005063782105634;4,137588455472557E-05;
26;0,00018002366471656718;5,257468600565964E-05;0,0018911911127984246;1,6529512633522721E-06;0,0005399992958765891;0,7724291791260058;1,4664375473771773E-05;
27;0,00019902953781286115;2,021315536048899E-06;0,001323793287132052;6,24197042131614E-05;7,511626648704823E-05;5,580820724291829;0,00011824021326259513;
28;4,250563362805409E-05;6,646211204800484E-05;0,0012448418311375494;6,646211204800484E-05;0,000682606796824797;0,046841321254927196;1,6529512633522721E-06;
29;0,0003376603839347364;1,118248750616245E-05;0,0008006060659736288;1,6529512633522721E-06;0,0001673072422535822;1,8773681754378129;2,378284925332508E-06;
30;8,018744901464232E-05;6,646211204800484E-05;0,00015889886471552288;1,6529512633522721E-06;0,00021144952905351167;0,020003947001004052;8,966491983249475E-05;
31;0,0009700812856712261;8,353841395834384E-05;8,353841395834384E-05;1,6529512633522721E-06;2,7335218351617432E-05;0,10275882891505309;4,7888267083683586E-05;
32;4,7888267083683586E-05;2,0303968399015835E-05;0,0007262452091285982;2,8771350992162275E-06;4,175775811707988E-05;0,7724291791260058;1,8273875128587248E-05;
33;5,7647711889143424E-05;2,8771350992162275E-06;0,00014048126983468658;2,021315536048899E-06;0,0004497929276319215;1,0005063782105634;3,4722062112888553E-06;
34;0,0008339421724405439;2,8771350992162275E-06;9,765556528738099E-05;9,68347953482746E-06;9,856060185157526E-05;0,23687800629438335;1,3864600491273174E-05;
35;0,0003800411991582864;1,2732530238028651E-05;0,00026612340255253097;3,945351130221012E-05;0,0009993829106728321;0,0885974366966902;1,8273875128587248E-05;






============================================================================
Função: Schwefel
============================================================================
parameter;AGEO1;AGEO2;AGEO3;AGEO4;AGEO1var;AGEO2var;AGEO9var;
meanNFE;100000;100000;100000;100000;100000;100000;100000;
meanFX;852,2394597438159;447,5933419262909;792,4090827930462;440,5825569214101;931,9441618895903;978,3980533098395;334,7104107773169;
medianFX;839,4192860304515;401,0549239995162;818,2473410914013;424,7184579560144;977,0153578674344;981,26566979987;319,21896690302583;
sdFX;298,8691074854299;208,37312984413208;258,8341693014234;205,8114248399494;278,02830784410787;305,35072811619926;95,63264328586385;
==========================================================
===> f(x) médio para cada NFE:
NFE;AGEO1;AGEO2;AGEO3;AGEO4;AGEO1var;AGEO2var;AGEO9var;
5;3944,1596877071597;3944,1596877071597;3944,1596877071597;3944,1596877071597;3944,1596877071597;3944,1596877071597;3944,1596877071597;
50;3779,6576213719122;3779,6576213719122;3779,6576213719122;3779,6576213719122;3779,6576213719122;3779,6576213719122;3779,6576213719122;
100;3607,58042241171;3607,58042241171;3607,58042241171;3607,58042241171;3607,58042241171;3607,58042241171;3607,58042241171;
500;2978,189854630376;3294,7972034247578;3477,5956181876213;2859,746713800843;1579,8842403330439;2110,964691635553;2260,89487667323;
1000;2388,919695510945;2500,181332043138;3172,7331101456552;2087,5685290285946;1040,9555583028994;1066,209667886976;1155,5892330184327;
1500;2005,1811954291147;1946,6657791435307;2825,494251768184;1669,9187889702312;1029,6207141318987;979,8219611755092;1040,9194329641855;
2000;1722,8082126822344;1610,9727922377776;2499,6054043672925;1378,1913932832513;1021,2407366642032;978,4301109856247;1035,0714267809697;
2500;1520,4066972188111;1361,4428344731352;2244,029841354191;1148,6124361532247;995,823364159273;978,3980870382311;1035,0649936758123;
3000;1376,4373498122252;1173,0749587008775;2030,8819685504097;1048,1905623976666;988,248488158171;978,3980533098395;1028,4972493643843;
3500;1259,1901128340796;1095,0534586785077;1843,0487370519818;995,6182067715382;988,248488158171;978,3980533098395;922,3594365512162;
4000;1200,804986312989;1048,3535507549782;1725,0911174318892;958,6508330167791;988,248488158171;978,3980533098395;843,2391318737521;
4500;1158,505992779712;1017,1620231696276;1584,6006311816263;935,733491517003;988,248488158171;978,3980533098395;840,9134314959636;
5000;1107,1263770438957;999,9495832571187;1434,0683211885557;925,31925531182;988,248488158171;978,3980533098395;835,8794943603799;
6000;1063,5449103566802;983,1179367916158;1295,5472378540933;918,5201140008115;964,4955731117499;978,3980533098395;776,3635601333982;
7000;1041,8548180908422;979,5360684440557;1243,0284864803227;916,458118632956;963,3334646561888;978,3980533098395;762,3635548519627;
8000;1009,8909478489024;978,3816474474302;1195,6177960977218;915,7263329958266;961,4954960317825;978,3980533098395;734,3166996712529;
9000;984,9390869129497;978,0186783074151;1132,8298252477553;908,8037493855518;959,8421278408089;978,3980533098395;685,5408699685715;
10000;966,3065082603435;964,3856958505489;1074,0055066421126;906,6577940982042;959,8421278408089;978,3980533098395;673,026526556333;
12000;949,9918048627708;920,0484018675485;1047,7374911223149;892,0207050683667;959,8421278408089;978,3980533098395;629,5553964951303;
14000;949,889983571769;879,4921197422957;1030,186671707628;864,0757418571073;959,8421278408089;978,3980533098395;605,2713612849934;
16000;948,4656528336114;853,1518238947865;1024,5181527398995;843,2096969107841;959,8421278408089;978,3980533098395;588,3836230667229;
18000;927,6280553315731;836,3945614639053;1013,2166548806299;811,2518279346733;959,8421278408089;978,3980533098395;566,8703509584018;
20000;891,2716805061004;813,5490263710058;1010,8729319504718;787,4266942363093;959,8421278408089;978,3980533098395;553,0187731016147;
25000;884,9800759101234;742,4547275180817;1006,3355042441106;736,4005658076942;953,1957500815594;978,3980533098395;509,71937356711186;
30000;884,9769931692894;694,9276930808721;1006,3355042441106;693,7223711635385;942,9450861809144;978,3980533098395;462,1751641288653;
35000;884,9769931692894;646,0800348202496;1003,2799037469474;638,386831969135;931,9441618895903;978,3980533098395;451,8234854428399;
40000;884,9769931692894;622,3763590165784;996,0416912946291;611,795099503045;931,9441618895903;978,3980533098395;429,4478481095863;
45000;884,9769931692894;604,5570241393852;992,1637391418192;602,558032744863;931,9441618895903;978,3980533098395;413,39775887907035;
50000;884,950422044095;583,3284367480125;976,8567603154869;581,7172980124845;931,9441618895903;978,3980533098395;387,0159515021697;
55000;884,950422044095;561,4501500666588;971,820932380711;555,7673876701407;931,9441618895903;978,3980533098395;372,46956167115627;
60000;884,950422044095;543,5224679300136;959,3069732946237;549,3106149629557;931,9441618895903;978,3980533098395;362,583726396306;
65000;884,950422044095;516,0896683577488;919,0610893248385;540,8066912902084;931,9441618895903;978,3980533098395;359,11790127688994;
70000;884,950422044095;511,6726415735131;910,6563646479733;524,4550460629567;931,9441618895903;978,3980533098395;354,86858554485906;
75000;884,950422044095;501,91849000647653;900,13463904483;505,1614342451472;931,9441618895903;978,3980533098395;354,86858554485906;
80000;884,950422044095;497,67740872866665;878,3451991103709;491,6224318981993;931,9441618895903;978,3980533098395;350,4141396471741;
85000;877,4620299211834;490,3616435614358;839,8935388776822;473,6560682727029;931,9441618895903;978,3980533098395;344,88979045908764;
90000;877,4551882422123;476,5829540320408;810,0849081150078;461,67354505261574;931,9441618895903;978,3980533098395;344,88979045908764;
95000;852,3457083587516;454,807361919338;796,1181670276135;454,93569866356705;931,9441618895903;978,3980533098395;342,5702285073522;
100000;852,2394597438159;447,5933419262909;792,4090827930462;440,5825569214101;931,9441618895903;978,3980533098395;334,7104107773169;

==========================================================
===> Melhores f(x) para cada execução:
execucao;AGEO1;AGEO2;AGEO3;AGEO4;AGEO1var;AGEO2var;AGEO9var;
1;1438,9981639880384;436,62958861494735;977,979095610548;552,8592043998724;1075,0480479761518;1097,183575100502;319,21896690302583;
2;1074,809525513524;371,8651567381421;1090,703123028396;608,7726525132189;789,9559242300352;756,4773481880725;283,7851427239507;
3;737,1610749359625;0,4290783821097648;721,7421912097043;165,77260875299953;1187,5756225174687;1175,2284898296625;171,47224593774854;
4;769,184093821872;522,3908487416466;909,305095943585;436,6289571228399;911,1870112972556;1310,273333723214;180,05537886733782;
5;1278,534834501344;221,74926140244725;708,1626386527769;367,40393575661255;1027,6369862841607;1132,4574551330375;368,6346322671852;
6;1165,9372634157762;874,8025444537511;1313,9992117598276;823,8991971893729;1161,0848630075643;1023,3171152973418;236,4773077109894;
7;264,3470530553318;352,8407740942148;848,8746650245512;705,5675919114319;902,7702728931085;981,26566979987;424,2446540098149;
8;1074,8593740809229;746,7623796789117;832,1989372601156;685,0335280765289;1059,7291308885096;983,8914596994418;458,9770219144448;
9;512,5106458940877;371,5734986991206;423,21616026453466;268,5481674043085;757,5546331154464;649,8681915569096;307,4772275150517;
10;1224,0177508333963;333,1730974643074;989,8364639070387;337,2793363003184;1350,3155508374703;586,7709004010758;310,67427663309127;
11;730,890971166406;380,43038574581624;952,8465866444299;496,7093653063798;427,8899688768688;840,9368839075601;131,48310808261203;
12;849,2915867972838;309,70646203259184;818,2473410914013;591,5483497696896;722,4960329616238;768,3870583186508;393,7574387728614;
13;552,5859829971687;418,3634611565976;622,7627875933322;486,5684931308274;303,4525413730594;632,2175249420734;306,4137927129914;
14;790,872802262907;790,872802262907;760,5989767840847;352,6979299958102;890,8516579881089;571,5171050340014;302,6914605596721;
15;553,178650219053;686,1230222284266;1008,4421519339353;237,3044700299688;1028,6978421318136;607,2584730202575;299,7954923431803;
16;1332,178638457743;318,08003099171583;625,5292938439893;165,66697612007192;987,5601967729626;1569,4971200349114;276,71329307624137;
17;1210,2525075582862;621,2096247839304;1329,8225745551758;157,18334400726326;752,2828599652353;1313,4425552032599;241,33973069696276;
18;786,6606603120958;353,7554131037082;1310,6211214250648;588,2664244029743;1249,706647725091;1067,8458110070333;340,12085955866223;
19;608,4613157517715;401,0549239995162;574,1677958210621;194,21175900624667;256,5439054954986;527,2865887372686;437,5650358384846;
20;1222,7309742837865;899,0114280673065;664,1356331522625;626,5722110917686;958,2549424152767;881,6921676757438;422,2592378154668;
21;993,8617324095267;218,47539717925292;837,1779839952119;778,1755892089536;1330,8161365891415;1374,4675576784066;387,03563141635095;
22;627,7939712662246;438,46047505869547;851,061138950105;165,77388271319933;892,4435816957562;1403,49768895108;310,41503615865486;
23;483,11215478800295;829,6240866529083;649,2195923029476;241,0237907283181;1467,836868853508;1373,735589110568;374,8561653367087;
24;690,0048801573357;318,4675603617261;547,7880638990337;506,49743745350224;1140,9303706769847;624,9919995219925;355,4303232837151;
25;914,4259901866453;720,7751048961013;1003,0878026161045;652,2500058307755;997,3641537833482;1130,7440875995621;391,0439509738494;
26;977,6163414952107;426,34142419777754;624,1242689715309;624,1242689715309;977,0153578674344;919,761394898318;396,1331668095968;
27;416,9321373426046;172,00550105707862;357,2679922154939;298,49444151867556;593,9321614400151;633,4342462931463;305,2763400879003;
28;545,0537090863227;438,2466728484269;495,82578659513;275,63139475354455;626,3139634910049;598,0595911195205;310,9920076917324;
29;1121,9785669631992;586,7749623915529;357,0742488043993;275,6695798481396;1184,0402671241754;759,1128287002989;355,64426722952203;
30;1080,8166051180337;305,89982906510204;966,5910512449154;424,7184579560144;658,7001716284517;962,5436128367455;389,9323999266012;
31;633,8156992578197;348,2948480158466;648,3797331663723;187,34820338650388;783,721455028267;1149,1705913252217;367,4715227999027;
32;839,4192860304515;402,6492633850712;717,774935475486;713,9131736137679;1009,6927810785924;1371,4070509973121;494,85239265855034;
33;857,1803971306299;357,1604541302595;829,3614391762467;406,589318651163;921,9107057941364;1036,6174999088585;606,4364458612372;
34;418,4429684270367;403,74265358491994;353,64913800268823;271,813250686178;1101,3713900681578;864,0958747104287;187,6832013092676;
35;1050,462781527754;288,02495195335086;1012,7428768351342;749,8721946405822;1131,3616622639775;1565,4774255830234;268,5052217227221;






============================================================================
Função: Ackley
============================================================================
parameter;AGEO1;AGEO2;AGEO3;AGEO4;AGEO1var;AGEO2var;AGEO9var;
meanNFE;100320;100320;100320;100320;100320;100320;100320;
meanFX;0,5611963553783778;0,5317591817399454;1,320437622124326;0,5263547869519035;1,4554467236385191;1,361021941708272;0,5526026674026799;
medianFX;0,004036568559182996;0,004036568559182996;0,006747137650794599;0,004036568559182996;1,6462673453161294;1,6462666102968733;0,11605067670092595;
sdFX;0,7933801037008423;0,7987875988230932;3,5892065078030106;0,7913071815173738;0,5602458932833378;0,7211266980563159;0,6313598457862879;
==========================================================
===> f(x) médio para cada NFE:
NFE;AGEO1;AGEO2;AGEO3;AGEO4;AGEO1var;AGEO2var;AGEO9var;
5;21,02386147436594;21,02386147436594;21,02386147436594;21,02386147436594;21,02386147436594;21,02386147436594;21,02386147436594;
50;20,98213957068413;20,98213957068413;20,98213957068413;20,98213957068413;20,98213957068413;20,98213957068413;20,98213957068413;
100;20,965158679261645;20,965158679261645;20,965158679261645;20,965158679261645;20,965158679261645;20,965158679261645;20,965158679261645;
500;20,907159986706027;20,931317545199924;20,942646786589997;20,907017787257;20,022868943242493;20,585158105151738;20,508014636955888;
1000;20,802487491354636;20,87465225846997;20,91772108647739;20,808120110376937;17,94418995666393;19,611289175467743;19,59129937677386;
1500;20,66369606151633;20,78178684420171;20,890771640695;20,64763541811417;15,08695144939739;17,80413735936991;17,665268240209688;
2000;20,494017518425057;20,64610131378114;20,85533461374791;20,472580587833175;11,388619525093052;15,389382356744756;14,900126338175008;
2500;20,290131059320203;20,462916616739115;20,79258687992595;20,244880941949816;6,858216178012784;12,416419058072892;11,18026104902696;
3000;20,075573784054352;20,258583693327253;20,729347097473788;20,01615927058001;3,635299559311172;8,704047146032854;6,931639853075013;
3500;19,845436148215317;20,033945310211035;20,64353955823146;19,769974759230063;2,026835520562208;5,238418235316052;3,9212842898098828;
4000;19,6055622058139;19,815314913904917;20,55218035499953;19,51231381277692;1,6408980426325963;2,9754316925032454;2,461134961619245;
4500;19,342425895493058;19,566489768915346;20,45063689671844;19,228404239405204;1,570427625105797;1,9905371879939284;1,842817681216335;
5000;19,023750574457853;19,296811151146887;20,318187904260515;18,92449735048105;1,5167680748268886;1,614396451846972;1,691645749744968;
6000;18,35425241996597;18,66690427971052;20,011954362233904;18,209130899845803;1,4607568786535559;1,4430898611981737;1,633143087735363;
7000;17,539732574702036;17,906395920383115;19,62538385012842;17,36827181625616;1,4558434672277463;1,3734560737165313;1,6180949620444938;
8000;16,68484400244852;17,070418139133615;19,17921166727982;16,537690862828995;1,4554467236385191;1,361498116053019;1,6180949620444938;
9000;15,862210396604503;16,19411931032018;18,64737744027589;15,683228703050421;1,4554467236385191;1,36107183216102;1,6180949620444938;
10000;15,038000403912868;15,340841173216788;18,085832236984132;14,82844797991886;1,4554467236385191;1,3610220736242709;1,6142954547398647;
12000;13,436784381956057;13,676711733459648;16,91300002789075;13,216134767402224;1,4554467236385191;1,361021941708272;1,5375631854349183;
14000;11,826910113465894;12,15848169997018;15,533198230849797;11,628752126762285;1,4554467236385191;1,361021941708272;1,4452141530932412;
16000;10,487069257464734;10,840405884171103;14,404949047995819;10,295062091123686;1,4554467236385191;1,361021941708272;1,4450473097518344;
18000;9,330139932197678;9,60543212378882;13,315024044151897;9,136238550424011;1,4554467236385191;1,361021941708272;1,4213846313749514;
20000;8,312164703364607;8,526769434012454;12,346569347869043;8,125818540153379;1,4554467236385191;1,361021941708272;1,3347628429236773;
25000;6,0856357222791395;6,23004211961324;10,143700180917683;5,92797110595207;1,4554467236385191;1,361021941708272;1,2733638906592988;
30000;4,52314858471512;4,659408709304425;8,35553597576679;4,406639771413713;1,4554467236385191;1,361021941708272;1,0628695166182491;
35000;3,48333240627111;3,5786479738721617;6,930854769300502;3,4073407114028513;1,4554467236385191;1,361021941708272;1,0035117170906902;
40000;2,5560595040171514;2,6388888703552005;5,737655295041064;2,4679626730374493;1,4554467236385191;1,361021941708272;0,9666271225651291;
45000;1,820343711912948;1,9236552464936547;4,911126462861835;1,766293065603583;1,4554467236385191;1,361021941708272;0,8280688080593668;
50000;1,306591346843341;1,3210925082268614;4,243046484241678;1,2379808584287242;1,4554467236385191;1,361021941708272;0,8187009679507309;
55000;0,9397473175426262;0,8773640583224918;3,588353161896027;0,8543452863212153;1,4554467236385191;1,361021941708272;0,8145614926759972;
60000;0,7325217296160996;0,7054300256980556;3,126891735963892;0,7070225830403697;1,4554467236385191;1,361021941708272;0,7619212993880536;
65000;0,6424245010205344;0,6195354723124878;2,8128114937190074;0,6096300378522456;1,4554467236385191;1,361021941708272;0,7325001430956748;
70000;0,605029873933337;0,5796692961336865;2,540535075642971;0,5718075153452866;1,4554467236385191;1,361021941708272;0,7325001430956748;
75000;0,5852920989025062;0,557289152518662;2,300820968654514;0,5517890356711295;1,4554467236385191;1,361021941708272;0,7323848830610025;
80000;0,5746930992425547;0,54584874628002;2,0715148915077393;0,5410610165684933;1,4554467236385191;1,361021941708272;0,6863841970577319;
85000;0,5687302095426765;0,5393520257997925;1,8804863258173405;0,5349215937335832;1,4554467236385191;1,361021941708272;0,6437087415917231;
90000;0,5651687008686671;0,5355005657424894;1,5897787532430405;0,5311606573781845;1,4554467236385191;1,361021941708272;0,5949892640405845;
95000;0,5630204955111762;0,5332381425874353;1,437222687913908;0,5290074215850908;1,4554467236385191;1,361021941708272;0,567782955928407;
100000;0,5611963553783779;0,5317770163749378;1,322891782641927;0,5263665549726816;1,4554467236385191;1,361021941708272;0,5526026674026799;

==========================================================
===> Melhores f(x) para cada execução:
execucao;AGEO1;AGEO2;AGEO3;AGEO4;AGEO1var;AGEO2var;AGEO9var;
1;1,5017577606567052;1,7780180136719501;1,7780180136719501;1,646665457135267;1,8998089385493202;1,5018002395863057;0,020542280709090477;
2;0,0035471763658421196;0,0032762085009458985;0,047064589290563674;0,0026554112793419904;1,7780525609334497;1,778078845961712;0,09597087405129656;
3;0,004260967568406215;0,004260967568406215;0,004678803159357869;0,004036568559182996;1,3404752858470061;1,7780354043057578;0,053879143628300596;
4;2,120130898619095;2,0133259622320168;2,120130898619095;2,120130898619095;2,120175729712596;2,013351121299351;0,019690092163372697;
5;0,0036754150363513816;0,0036754150363513816;0,019227040325382916;0,003132240873735981;0,003919747742624935;1,5017892653463214;0,18747407678467454;
6;0,0022845021664927856;0,0029815481581145775;0,003799474734588415;0,0018422427591282542;1,5017767546773406;0,0035471763658421196;0,02178911849691545;
7;1,6464074254134573;1,3407772194615966;0,004036568559182996;1,646261491946099;1,646592104055415;2,013357677455364;1,0021452411577911;
8;0,0018422427591282542;0,0018422427591282542;0,006001424855064386;0,0018422427591282542;0,00415022505780982;0,0036754150363513816;0,1089744737542091;
9;0,003919747742624935;0,004577770811618365;0,00917202774955328;0,0036754150363513816;1,5017986790663862;1,50179274890899;0,07236955940482304;
10;0,0018422427591282542;0,0022845021664927856;0,0035471763658421196;0,0032762085009458985;1,3410881331209552;1,5017940901150588;1,163658243239734;
11;0,004036568559182996;0,004260967568406215;0,004036568559182996;0,0035471763658421196;1,5018036183356571;1,3404684393279886;0,05416211510176083;
12;1,3408986771890987;0,005508717093690052;0,011067564499324334;0,009940070443267501;0,004369014038807961;0,003414293635369603;1,3405159770275326;
13;0,0032762085009458985;0,0035471763658421196;0,003799474734588415;0,0035471763658421196;1,7780584750772555;0,003799474734588415;0,05303737564203814;
14;1,4855921806374717;1,5017588496155092;1,7459491796866828;1,5017588496155092;1,6463188769750303;1,3408142388836417;1,501804164355427;
15;0,0022845021664927856;0,0026554112793419904;0,0032762085009458985;0,0022845021664927856;1,6462673453161294;1,6469596837196754;1,5018044738136638;
16;0,005508717192906687;0,005677449689162728;0,006747137650794599;0,005508717192906687;1,6462981732804174;1,6462666102968733;1,3413929594893403;
17;1,646394423895945;1,646394423895945;1,6465461791029625;1,6021283831427517;1,7780461009960966;1,3404758981461917;0,12202696708108363;
18;0,0018422427591282542;0,0018422427591282542;0,003132240873735981;0,0018422427591282542;1,5018050766273952;1,6463089106579396;0,023004343836610985;
19;1,6462527471826256;1,7780569042689862;1,5018087430586142;1,6462527471826256;1,778109960086919;2,2215715831900127;1,3476660884208336;
20;1,3404337395135109;1,6463882264374092;1,5017598495066942;1,3404337395135109;1,7780345074702844;1,899777426879357;0,006233951947425709;
21;1,8997575115686978;1,8997575115686978;1,7780177358667935;1,8997575115686978;1,5018032183150218;0,0036754150363513816;0,19094016751511944;
22;0,005063666531277988;0,004474558729842926;20,2810521984378;0,005063666531277988;0,003799474734588415;1,899793454966158;0,09683295798622993;
23;0,004036568559182996;0,003799474734588415;0,006384534721657786;0,0029815481581145775;1,7780461009960966;2,013355979738371;1,3404925986748175;
24;1,6463938324521834;1,6463959505750267;0,0032762085009458985;1,6463938324521834;1,5018073519159145;0,003799474734588415;0,07768081378544522;
25;0,006384534721657786;1,5030449448789724;1,3409641831198513;0,004260967568406215;1,778039072472918;1,899788197730608;0,3146873210280141;
26;0,003799474734588415;0,004036568559182996;0,004874859778187357;0,004036568559182996;1,3404765400616618;1,8997976873461369;0,025946864788426893;
27;0,0018422427591282542;0,0018422427591282542;6,988658110953825;0,0018422427591282542;1,5017959317201175;0,004036568559182996;0,010886846302259556;
28;1,6463528174514686;0,0032762085009458985;1,7780565479712394;1,646345179218212;1,7780376603962935;1,5018031704454664;1,3417357550689033;
29;0,0018422427591282542;0,002074951645681722;0,003414293635369603;0,0018422427591282542;1,7780532535481015;1,5017944806070567;1,3411417656641937;
30;0,0032762085009458985;0,0032762085009458985;0,004260967568406215;0,0032762085009458985;1,646301659691602;1,3404735694740246;0,06517227459442054;
31;0,0018422427591282542;0,0018422427591282542;3,579516375025708;0,0018422427591282542;1,5017912827513165;1,7781118265312266;1,3404861326320727;
32;0,005063666630494623;0,003799474734588415;0,005760058707377169;0,004036568559182996;1,501795931720114;1,7780907658805774;0,11605067670092595;
33;0,0018422427591282542;0,0029815481581145775;0,0018422427591282542;0,0018422427591282542;2,013359844876895;1,7780830487567272;0,0541231688692001;
34;1,6463445566125436;1,7780170126940753;0,002074951645681722;1,6462924961886252;1,3404785191158943;1,8997963867363197;1,3404785191158943;
35;0,0018422427591282542;0,0018422427591282542;0,013364342155323783;0,0018422427591282542;1,77810017806474;1,6462893893940276;1,6462959762619498;






============================================================================
Função: Beale
============================================================================
parameter;AGEO1;AGEO2;AGEO3;AGEO4;AGEO1var;AGEO2var;AGEO9var;
meanNFE;100022;100022;100022;100022;100022;100022;100022;
meanFX;0,0009237321814321113;5,4744161440787506E-05;0,00104750535258231;0,00033395034860674564;0,1266317208382056;1,0912665709284617;0,0001252717312853848;
medianFX;0,00048689955815875663;3,378241508701319E-05;0,00019735175918272262;9,242884663855994E-05;0,0005505666238915207;0,6577100649722235;8,232875393633783E-05;
sdFX;0,0014568712818257285;6,794710870518323E-05;0,001821168612681709;0,0011723153946312927;0,45685579140181504;1,677274304030623;0,00014364590405565184;
==========================================================
===> f(x) médio para cada NFE:
NFE;AGEO1;AGEO2;AGEO3;AGEO4;AGEO1var;AGEO2var;AGEO9var;
5;322,40472439064297;322,40472439064297;322,40472439064297;322,40472439064297;322,40472439064297;322,40472439064297;322,40472439064297;
50;5,552736477509569;11,995326822402713;13,664702602979853;15,444632364865155;4,252012004514214;11,447223843062764;9,555902243659203;
100;2,589635177191784;2,0004554730167516;3,3832569554082546;2,69158395442154;2,3781325007665233;2,7460417584920056;2,5282713020571648;
500;1,148928912469766;0,715021195522503;1,282252432722279;0,8912088341608048;0,8235921449718848;1,1380722473172946;0,5922045819588155;
1000;0,7154654873896166;0,6037185965195253;0,6968532063355437;0,7600928001690258;0,46916277457490735;1,1362272253358434;0,3314116580693455;
1500;0,40098441479343955;0,48259594916772913;0,5900826272612666;0,6791639227183768;0,34887575535920556;1,0912841845545704;0,27136328999617726;
2000;0,34077537093546095;0,3723722396278289;0,5689656072672337;0,6214901449237967;0,24008091301928566;1,0912841845545704;0,1969032271793197;
2500;0,28621585687423745;0,3259947071076464;0,4194439040198383;0,5938989690054866;0,1903803580128111;1,0912665709284617;0,1750310435086409;
3000;0,24355518665758114;0,30089692568563897;0,3392686327062707;0,4365003609574923;0,1768940129245308;1,0912665709284617;0,15468498303238504;
3500;0,21425998465128737;0,2305764603107191;0,30439545879910873;0,3115515187446983;0,16955591909718848;1,0912665709284617;0,13708736905641922;
4000;0,16653942966303054;0,19552644383024537;0,2728566537599168;0,27942311676718123;0,1508772088376913;1,0912665709284617;0,12306580971803494;
4500;0,15376631353087847;0,1691191843057026;0,19595823957034064;0,27870369191902483;0,147355746697952;1,0912665709284617;0,10292588676981135;
5000;0,1227553092719753;0,15286547407755482;0,16562760320741235;0,23428548117832437;0,14466697186137142;1,0912665709284617;0,08562960376885455;
6000;0,10433847829513335;0,13188616513336868;0,1183604353940854;0,1932161163943892;0,14151831453307775;1,0912665709284617;0,046695355398977456;
7000;0,04960708495282768;0,10983968933714094;0,0730728495297004;0,15697829713064815;0,1376083534205311;1,0912665709284617;0,04437981431545763;
8000;0,048145231518087535;0,09072150109472377;0,05712208110242849;0,1096842601267013;0,13592014620946813;1,0912665709284617;0,04278172051901569;
9000;0,04312871958903353;0,03865846965208342;0,04668818197175658;0,0894414622693409;0,13568900235239106;1,0912665709284617;0,03348528927363349;
10000;0,03810421621841821;0,029278890938115098;0,046169650089248906;0,08189013960560285;0,13568900235239106;1,0912665709284617;0,0207925273276185;
12000;0,03201110999203723;0,010480612487684574;0,028593430539255556;0,06272511080395905;0,13399277868048498;1,0912665709284617;0,014790360928579584;
14000;0,014825498111716191;0,007444149638831702;0,020051194778827997;0,04993897819262175;0,13269137938226463;1,0912665709284617;0,012686951228988627;
16000;0,012595696541062816;0,006240214530687591;0,015023858934404258;0,04989026707351167;0,13113098116266178;1,0912665709284617;0,006909823837944565;
18000;0,00906698046439989;0,005147664132717254;0,014468471448245047;0,0498902664959759;0,1310913501745935;1,0912665709284617;0,005988498116928889;
20000;0,008324417964175513;0,0035717208135776692;0,013207235742031934;0,03061065334067714;0,13048920942118428;1,0912665709284617;0,005573750030473515;
25000;0,005802214905003388;0,002533339361635078;0,011766435072802292;0,006099053221235214;0,12871586328511608;1,0912665709284617;0,004143940171466384;
30000;0,004499468964030265;0,0016692290659870105;0,006193694842836342;0,002882685546478037;0,12822337840897344;1,0912665709284617;0,0032318408933895595;
35000;0,003461316678576156;0,001414798692466129;0,005356088222821051;0,002339896652430168;0,12806943141818097;1,0912665709284617;0,002162223404190478;
40000;0,0027476816241202556;0,0010500364316722557;0,004254432786960842;0,001571717896389317;0,12747330801156131;1,0912665709284617;0,000913388237425441;
45000;0,0026815753220702987;0,0009846699727259808;0,00391614733354612;0,0015103855697213555;0,1273661622591145;1,0912665709284617;0,0007777472647530168;
50000;0,002457363328222317;0,0007827126892033724;0,0031970639890496694;0,0013160526505435353;0,12733075081207626;1,0912665709284617;0,0007011972582245371;
55000;0,002457363328222317;0,000527138034981694;0,0029093580743170776;0,0010827322045650785;0,12724706055247598;1,0912665709284617;0,0005971808706851706;
60000;0,0023059727741151156;0,00032503943174661774;0,002414901322614595;0,0010407981840273501;0,12720019596275617;1,0912665709284617;0,0002908281091432362;
65000;0,002115866409769878;0,0003126002814975101;0,0019710926402360927;0,0010407981840273501;0,12704414921107382;1,0912665709284617;0,0002576658069573942;
70000;0,001613187620069909;0,00025986487889817657;0,0019636413604368123;0,0008587412254801779;0,1268507115862538;1,0912665709284617;0,00024778190390102925;
75000;0,0011289870114714424;0,00020910862065020127;0,001915643978993831;0,0007229426522960634;0,12683588430940823;1,0912665709284617;0,00018335201424326755;
80000;0,0010650799943639896;0,00019704826775032507;0,001230222095477179;0,0006844238183086076;0,12683588430940823;1,0912665709284617;0,00017725694069225652;
85000;0,0010374988799278107;0,00018767144578822365;0,0011630783703605815;0,0004434498498944767;0,12668963295718935;1,0912665709284617;0,000134049769174185;
90000;0,0010374988799278107;0,00014471892546476757;0,0010760034955405783;0,0003669866206730217;0,1266317208382056;1,0912665709284617;0,0001289821765880654;
95000;0,0009908270170259502;6,587066787426092E-05;0,0010760034955405783;0,00036426876829950155;0,1266317208382056;1,0912665709284617;0,0001252717312853848;
100000;0,0009237321814321113;5,4744161440787506E-05;0,00104750535258231;0,00033395034860674564;0,1266317208382056;1,0912665709284617;0,0001252717312853848;

==========================================================
===> Melhores f(x) para cada execução:
execucao;AGEO1;AGEO2;AGEO3;AGEO4;AGEO1var;AGEO2var;AGEO9var;
1;0,0009970145374161741;9,242884663855994E-05;0,00032819649165981784;0,0003874562938047595;0,001477915293103896;0,7056035077550746;2,6498772408950856E-05;
2;0,0003218361830044932;9,242884663855994E-05;0,0001614239275406265;6,928163829161841E-06;9,539800050022655E-05;1,0368432026768737;0,00039756619624476097;
3;0,0006922742752561794;7,475136007207091E-06;0,00012143252413858597;0,006995716527907635;0,22244364852383994;0,22244364852383994;0,0005370385044812205;
4;0,0017061389480436543;6,928163829161841E-06;0,009123189571610082;7,475136007207091E-06;0,0006885604750969278;0,6577100649722235;3,171433157509815E-05;
5;0,0008979928307099148;8,356661392220401E-05;0,0015456092230205771;8,356661392220401E-05;5,920869043170299E-05;2,912895086066658;1,8728913897592613E-05;
6;0,00016395197222536547;9,317427970502291E-07;0,00016395197222536547;9,242884663855994E-05;0,0002675932301486473;2,2839623872310466;0,0001690250600401724;
7;0,0015964480116725662;9,317427970502291E-07;0,0008142750000121441;0,0001617563368718918;7,36798291218531E-05;0,03929113094464766;5,920397368379598E-05;
8;0,0003792628557241694;5,902142703587165E-06;3,756902460565083E-05;9,317427970502291E-07;0,0008430668941175253;0,6584230445960345;8,232875393633783E-05;
9;0,0005087030464118543;3,5762918864329115E-05;0,002232610731571418;9,242884663855994E-05;0,0005597288908626003;0,015295768431531992;0,0003874562938047595;
10;5,242114918098313E-05;9,242884663855994E-05;0,0011485731956971824;5,902142703587165E-06;0,22433764785184113;0,0031227618782883296;0,0001617563368718918;
11;1,1939411157068087E-05;3,693632167123932E-05;0,0013842448302634697;3,378241508701319E-05;0,00039845280527065743;0,028539176104664027;0,00012098728595168865;
12;0,0025209808109041727;0,0001617563368718918;0,0001617563368718918;5,242114918098313E-05;0,7056035077550746;0,856244211187112;2,354953477044512E-05;
13;3,51611597396455E-06;0,0001617563368718918;0,0001029197189131212;0,00016395197222536547;0,0007127401372359589;0,8729606091720903;9,355554833393201E-07;
14;0,00030049635895463005;3,693632167123932E-05;0,0001617563368718918;0,0001617563368718918;0,000290385861295924;0,00019184044170875885;6,928163829161841E-06;
15;0,001958170338303608;1,698093320868849E-05;0,002028559369473239;9,317427970502291E-07;0,00043856855338619724;0,22244364852383994;5,155735311171338E-06;
16;0,003186568310480049;5,242114918098313E-05;0,003279146128052908;0,0001617563368718918;0,0008314623555229664;2,593867247163312;5,902142703587165E-06;
17;0,0010933649347256156;9,317427970502291E-07;2,354953477044512E-05;0,0003790167896477422;0,000513658369335687;0,6577100649722235;8,91654272494114E-05;
18;0,00048689955815875663;5,902142703587165E-06;9,242884663855994E-05;0,0001696649142049734;0,00010273676124849916;0,03170006897354391;5,902142703587165E-06;
19;3,171433157509815E-05;0,0001617563368718918;9,317427970502291E-07;0,0006884340176846872;0,002890754158259633;0,014900801482259998;0,00017003427220392027;
20;0,00020510747867241244;9,355554833393201E-07;0,0001446588188388318;3,746925133348242E-05;6,405459367617039E-05;2,84527268465483;0,00010249291622007403;
21;0,0005874776576642255;7,475136007207091E-06;0,00019735175918272262;9,317427970502291E-07;2,5740402078500058;2,629330948840044;7,211365895886093E-06;
22;0,000534668012576595;0,0002693874653789914;0,0003874562938047595;0,0001446588188388318;0,00037541619182006466;0,6584230445960345;8,010811403840696E-06;
23;1,9846976254766896E-05;3,378241508701319E-05;0,00012231889929758413;9,242884663855994E-05;0,00013033970073188938;0,8018022175769292;2,4599950640568122E-05;
24;0,0002844367077965104;9,317427970502291E-07;0,003993185618463991;0,0001617563368718918;0,001319577722444647;4,413565569915796;0,0003874562938047595;
25;0,00011732908978168916;0,0001617563368718918;0,00012098728595168865;7,475136007207091E-06;0,0005505666238915207;0,014750905889997275;0,00010069158459673716;
26;0,0008537144921708288;7,475136007207091E-06;0,0001036970782251981;0,0001617563368718918;0,6584230445960345;0,6584230445960345;3,8179415618887784E-05;
27;0,0003911558639108052;2,1634927710220337E-06;0,00029754493573445255;9,355554833393201E-07;0,00019832976901250433;0,6577100649722235;7,078758917565255E-05;
28;0,00800302817177941;9,317427970502291E-07;0,0014479363871807232;0,0006885604750969278;0,0003640375120890498;0,014718210996869764;0,0001904121090979276;
29;8,612007920593646E-05;0,00011631228795048268;0,0002844367077965104;1,7900643270717355E-05;0,005144317958721693;8,54232948349159;9,66266915736605E-05;
30;0,0016880818264482286;7,475136007207091E-06;6,740169868499887E-05;2,1634927710220337E-06;0,0001036970782251981;0,0019265130022321688;9,242884663855994E-05;
31;0,0008683009835313294;4,0031071618345786E-05;0,0046221703938187815;7,475136007207091E-06;0,0011094135114862935;0,41299379266979896;0,00026580450050672067;
32;3,4969428987997025E-05;5,902142703587165E-06;0,00012820619173851058;0,0001617563368718918;0,0002552134988997243;0,6577100649722235;2,013323178046364E-05;
33;5,920869043170299E-05;3,746925133348242E-05;0,0010989045413926904;7,475136007207091E-06;0,026408568621848063;1,4116756925506722;7,139656601869125E-05;
34;8,612007920593646E-05;5,902142703587165E-06;3,171433157509815E-05;0,0003874562938047595;0,0007868545513975507;0,6577420664430833;0,00044846598791709985;
35;0,0016013668318272006;0,00016395197222536547;0,0007025918919602871;0,0001617563368718918;0,00020787512121677593;0,0018074062308312108;0,00015993533694804408;



Execution Time: 1492236 ms
