============================================================================
Função: Griewangk
============================================================================

1...2...3...4...5...6...7...8...9...10...11...12...13...14...15...16...17...18...19...20...21...22...23...24...25...26...27...28...29...30...31...32...33...34...35...36...37...38...39...40...41...42...43...44...45...46...47...48...49...50...
==========================================================
===> Média de NFE, média de f(x) e desvio padrão de f(x):
parameter;AGEO1real1;AGEO2real1;
meanNFE;100001;100001;
meanFX;0,3106761774925693;0,07830120574137969;
sdFX;0,06526308191232387;0,017597584843128098;

==========================================================
===> Médias para cada NFOB:
NFOB;AGEO1real1;AGEO2real1;
500;290,26472193135015;269,74980668027933;
1000;283,3255559988353;240,06614064747487;
1500;275,6751997076499;212,52507736930966;
2000;268,5484683514163;186,39032942962695;
2500;261,0318373432054;161,89496573602798;
3000;253,55879759291201;139,3829440975404;
3500;246,5550052506062;118,77057576135812;
4000;239,06697134860315;99,83280398142038;
4500;231,7674611475433;82,45419485555956;
5000;225,48019894204282;67,01543399511256;
5500;218,76509272293777;53,7713168056879;
6000;212,0680104095996;42,243670765522545;
6500;205,8508424916989;32,17081237271551;
7000;199,30689110868633;24,314654468462393;
7500;193,9938857803284;17,8105723088457;
8000;188,15007069912306;12,923521511537228;
8500;182,1511093436893;9,312141215629374;
9000;176,11533233025875;6,714403067313908;
9500;170,34439385204175;5,003175902817315;
10000;165,1751006471726;3,6391566192358686;
10500;159,47047059408192;2,749090761581171;
11000;154,49960361653308;1,94061456661139;
11500;148,61445445433353;1,5125250249405022;
12000;143,48409528636645;1,189826736347908;
12500;138,9908603900624;0,9177002976492122;
13000;134,04620391496346;0,724640814027003;
13500;128,73226495405333;0,5003281918430651;
14000;124,22517206186095;0,4158348725184588;
14500;119,60837754348988;0,3668141870497093;
15000;115,15856293999411;0,3221064566576516;
15500;110,77017272168098;0,3050624517868489;
16000;106,46823935927979;0,28279252005599026;
16500;102,13067453331244;0,266593982293965;
17000;97,75980177813562;0,2439961611838411;
17500;93,5922546942857;0,2190200113132494;
18000;89,56940215399418;0,21165548043538224;
18500;85,74047924033307;0,20178822429604018;
19000;82,06605113853917;0,19464294589216588;
19500;78,37322912108044;0,19043922327205806;
20000;74,70323320093694;0,18224471601792125;
20500;71,09160947237336;0,17695178253174254;
21000;68,20167289055301;0,16795804283158142;
21500;64,73339377078584;0,16390844413619482;
22000;61,84992197963333;0,16002782031451498;
22500;58,59718168326065;0,15682964901652804;
23000;55,75445584306953;0,15343261392138777;
23500;52,76324168619209;0,15200366075703006;
24000;49,73031931981135;0,14350367074493722;
24500;47,14031270012931;0,13901446791935268;
25000;44,43180860095313;0,13855372785075604;
25500;41,98534729128282;0,13715351004143253;
26000;39,77952150978731;0,13715351004143253;
26500;37,52079127417014;0,13305096491195803;
27000;35,13418952669182;0,1319746428002985;
27500;32,76722011490994;0,1319746428002985;
28000;30,772685934494504;0,130804162131135;
28500;28,893699173521732;0,12908548634286077;
29000;26,821850645106384;0,1286827052086408;
29500;24,857405599828443;0,12629051877877795;
30000;22,877621891699892;0,12399032084195609;
30500;21,223769315793177;0,12283684207873824;
31000;19,540124226387885;0,12210546865267896;
31500;17,988092069791193;0,12210546865267896;
32000;16,4052142414059;0,1206043484241184;
32500;15,067417349599214;0,12019882569479166;
33000;13,60990939384875;0,12019882569479166;
33500;12,398791363770993;0,11805912342130996;
34000;11,148714453821315;0,11603826384026847;
34500;10,137639097732276;0,11492856883956963;
35000;9,178825955048309;0,11399335605507516;
35500;8,331730695299928;0,11359671538726439;
36000;7,529444991360877;0,11272338042422322;
36500;6,803427478725308;0,11212399600607259;
37000;6,133250881554448;0,11177047944399515;
37500;5,459879908818292;0,11177047944399515;
38000;4,84241676630437;0,11069053080753788;
38500;4,375091590222668;0,10997221313147597;
39000;3,9334889819428334;0,1098705155587417;
39500;3,47715488955904;0,10866960124330896;
40000;3,0841384126833304;0,10866960124330896;
40500;2,6650904137429343;0,10779361706511759;
41000;2,2839685595538093;0,10620019892606339;
41500;2,0315929306612857;0,10533170350708447;
42000;1,7989766590178062;0,10421871597428653;
42500;1,5854267534272442;0,1034114893027441;
43000;1,403838607738578;0,1034114893027441;
43500;1,2285964994251786;0,1034114893027441;
44000;1,0808779420234673;0,1034114893027441;
44500;0,9615056839101819;0,1034114893027441;
45000;0,8757507982298008;0,1034114893027441;
45500;0,8218845113506036;0,10156018916975468;
46000;0,7786058401073858;0,10127556868205038;
46500;0,7417107090408989;0,10127556868205038;
47000;0,7270329538612704;0,10127556868205038;
47500;0,6774345274157121;0,10127556868205038;
48000;0,6537243877231143;0,1008066549363552;
48500;0,6156941114436957;0,1008066549363552;
49000;0,596506638176311;0,1008066549363552;
49500;0,5803127241263735;0,1008066549363552;
50000;0,5662753333893691;0,1005629569862999;
50500;0,5435802960264463;0,1005629569862999;
51000;0,5191851942479924;0,09942983750882854;
51500;0,5141192065564817;0,09942983750882854;
52000;0,49343655186412927;0,09896758849829142;
52500;0,4891675573423552;0,09886723625154346;
53000;0,4875857008531401;0,09834628493123367;
53500;0,48423243665545807;0,09824808728803024;
54000;0,48033954718810984;0,09824808728803024;
54500;0,47540488590438534;0,09824808728803024;
55000;0,47313695985358994;0,09799845088133202;
55500;0,4597377008351068;0,09799845088133202;
56000;0,4543915093063269;0,09725129065358795;
56500;0,4433456254290416;0,09725129065358795;
57000;0,437058390517715;0,09670278805281579;
57500;0,437058390517715;0,09670278805281579;
58000;0,4357176917643473;0,09670278805281579;
58500;0,4309217448114379;0,09614021680172397;
59000;0,4305361970815608;0,0957479855301734;
59500;0,42767545007079427;0,0957479855301734;
60000;0,4259420129218822;0,09525795004035549;
60500;0,4171727125276727;0,09504987063466248;
61000;0,4136119777972292;0,09504987063466248;
61500;0,40843570101028526;0,09504987063466248;
62000;0,40494849095884133;0,09504987063466248;
62500;0,40494849095884133;0,09504987063466248;
63000;0,40494849095884133;0,09490175340655588;
63500;0,39890888693475846;0,09490175340655588;
64000;0,39890888693475846;0,09447756957674595;
64500;0,39658912078700537;0,09441559084052735;
65000;0,3931268932745226;0,09441559084052735;
65500;0,3861953374960913;0,09441559084052735;
66000;0,3861953374960913;0,09438633094471442;
66500;0,38438324788123185;0,09438633094471442;
67000;0,3826338560091544;0,09421376505192755;
67500;0,3757216084824245;0,09421376505192755;
68000;0,3757216084824245;0,09357337228885916;
68500;0,3754502958415259;0,09274155389521228;
69000;0,37186104681760823;0,09210160269043934;
69500;0,37186104681760823;0,09210160269043934;
70000;0,37186104681760823;0,09210160269043934;
70500;0,37186104681760823;0,09207096062189846;
71000;0,37186104681760823;0,09207096062189846;
71500;0,37110313542058565;0,09090818777996117;
72000;0,37045151508837976;0,09090818777996117;
72500;0,37045151508837976;0,08999036015469343;
73000;0,37045151508837976;0,08999036015469343;
73500;0,3704121326169874;0,08999036015469343;
74000;0,37004927884084876;0,0893679239722579;
74500;0,36970259159432317;0,0893679239722579;
75000;0,36695781417236106;0,0893003842468324;
75500;0,36695781417236106;0,08908872590332695;
76000;0,36695781417236106;0,08823083567453757;
76500;0,36695781417236106;0,08803643833326122;
77000;0,3663506259400717;0,08781628478128271;
77500;0,3663506259400717;0,08781628478128271;
78000;0,3655877941815375;0,08781628478128271;
78500;0,3632543589292156;0,08781628478128271;
79000;0,35803820341462256;0,08781628478128271;
79500;0,3555200450771089;0,08781628478128271;
80000;0,3555200450771089;0,08781628478128271;
80500;0,35338792132443175;0,08781628478128271;
81000;0,35338792132443175;0,08781628478128271;
81500;0,35338792132443175;0,08781628478128271;
82000;0,3519294780729841;0,08727406862482273;
82500;0,3493738489180187;0,08727406862482273;
83000;0,3493738489180187;0,0868506617424761;
83500;0,3450815954879036;0,08614509222429635;
84000;0,34138182684746016;0,08453050962222636;
84500;0,3412242288753636;0,08453050962222636;
85000;0,3412242288753636;0,08443750182044983;
85500;0,3397405642993292;0,08443750182044983;
86000;0,3397405642993292;0,08391736470267656;
86500;0,3368272761827326;0,08391736470267656;
87000;0,3368272761827326;0,08373451851901544;
87500;0,3368272761827326;0,08239984626795202;
88000;0,3367544087883401;0,08220175218398332;
88500;0,3367544087883401;0,08220175218398332;
89000;0,33661756989726777;0,08136312439487936;
89500;0,33283335195318303;0,08125481419205122;
90000;0,3303008180224032;0,08125481419205122;
90500;0,3291594908138786;0,08125481419205122;
91000;0,3291594908138786;0,08125481419205122;
91500;0,32809225570053685;0,08125481419205122;
92000;0,32521569929613925;0,08125481419205122;
92500;0,32521569929613925;0,08125481419205122;
93000;0,3241458915358345;0,08125481419205122;
93500;0,3241458915358345;0,08125481419205122;
94000;0,3241458915358345;0,08053916296120335;
94500;0,3237339275962492;0,08053916296120335;
95000;0,32332406643657535;0,07991045857804088;
95500;0,31854766767905857;0,07976206751832848;
96000;0,3176523035728177;0,07950049846931692;
96500;0,31638413974413304;0,07950049846931692;
97000;0,31638413974413304;0,07927699153198878;
97500;0,31638413974413304;0,07927699153198878;
98000;0,3136168782240607;0,07927699153198878;
98500;0,3136168782240607;0,07927699153198878;
99000;0,3125573346895677;0,07927699153198878;
99500;0,3116382298422245;0,07927699153198878;
100000;0,3106761774925693;0,07830120574137969;

==========================================================
===> Melhores f(x) para cada execução:
execucao;AGEO1real1;AGEO2real1;
1;0,3191390104941547;0,09064123259939239;
2;0,27461611932078756;0,054091397412643016;
3;0,30940255975426245;0,0912511389568541;
4;0,28481815519561715;0,04970713272829752;
5;0,3268341930551897;0,10924817866512793;
6;0,33112060459954595;0,094236683365164;
7;0,22153317439149045;0,07589115118048595;
8;0,2890340774001767;0,06898554230512055;
9;0,25082312445202803;0,07676967869783691;
10;0,35670840649272695;0,0898207613757489;
11;0,2801778272504061;0,08208734776955506;
12;0,23492178087985227;0,07112365142132182;
13;0,21226011402833211;0,07988811922156147;
14;0,20988330639791752;0,08212472310778862;
15;0,23606470515495703;0,07416725447790828;
16;0,26524910029299;0,07660694540836865;
17;0,32432064966535035;0,053196396882326025;
18;0,4398531110426087;0,07699943889372829;
19;0,37074376021842415;0,09511980434508782;
20;0,30814575405997846;0,07112657258808985;
21;0,3268434407508132;0,08716790211464864;
22;0,3815837041220459;0,07701528927782164;
23;0,32216649771624717;0,05529630738684688;
24;0,33569458443068056;0,07709329441639412;
25;0,18554443798911235;0,07448901536158148;
26;0,24833041425866376;0,08269598181430515;
27;0,4091228492497775;0,06599361391342107;
28;0,3562445680576485;0,07255721993155062;
29;0,39450056491822083;0,050073889251982084;
30;0,26131208952438234;0,12094475151368467;
31;0,376775645533737;0,11667281205696423;
32;0,41619065078558337;0,0721057841170587;
33;0,3303655634728705;0,0769221548597635;
34;0,3241080718160243;0,09592519588121295;
35;0,3706963107546105;0,08339783611886142;
36;0,31844957951668174;0,07052717437402467;
37;0,3418835665101333;0,08844047943342892;
38;0,22445338502347156;0,08207422020471533;
39;0,3436597941767473;0,10926530904520848;
40;0,28466676889591935;0,08836342121328022;
41;0,34781840904691974;0,022683868978720434;
42;0,2704393430563856;0,0907202044879416;
43;0,2715749510880644;0,06443162060575791;
44;0,11026119989006278;0,06639646525969045;
45;0,3682920490686703;0,09558078333492537;
46;0,3879615091465056;0,06283373992029151;
47;0,374344924058045;0,07328524177271223;
48;0,3161845789858212;0,06812015123041693;
49;0,33518350029565724;0,07170341153684112;
50;0,3535063883421641;0,08919999625252528;

============================================================================
Função: Rastringin
============================================================================

1...2...3...4...5...6...7...8...9...10...11...12...13...14...15...16...17...18...19...20...21...22...23...24...25...26...27...28...29...30...31...32...33...34...35...36...37...38...39...40...41...42...43...44...45...46...47...48...49...50...
==========================================================
===> Média de NFE, média de f(x) e desvio padrão de f(x):
parameter;AGEO1real1;AGEO2real1;
meanNFE;100001;100001;
meanFX;31,092040611394772;3,0547620002410154;
sdFX;4,481190719698453;0,7497880461494664;

==========================================================
===> Médias para cada NFOB:
NFOB;AGEO1real1;AGEO2real1;
500;187,72211380596272;126,06776455424576;
1000;168,42944479681887;65,24811760123355;
1500;154,51151891183633;37,6331123680591;
2000;142,5528274978493;25,26837605697615;
2500;131,48949515248574;18,919611349145022;
3000;123,52200127238798;15,296267389614291;
3500;114,75530171943143;12,376524675163509;
4000;107,78610762522125;10,992277311786593;
4500;100,88337408799926;9,92265077301711;
5000;95,7360776981934;8,995816578080026;
5500;88,62402219450964;8,378014165452907;
6000;82,87367513763196;7,893010018714304;
6500;78,52943636786334;7,5357834984006296;
7000;74,64955057991328;7,251906115555702;
7500;70,75122016344886;6,946655695243769;
8000;68,39784928891086;6,632403744423138;
8500;65,33547786427401;6,1947807602006195;
9000;63,72657611470196;6,042654072985058;
9500;61,851379449110816;5,845195250605811;
10000;58,802798797120914;5,7857556605500555;
10500;56,93762403320704;5,667757208345807;
11000;55,562050314997144;5,555703476052913;
11500;54,401214448495985;5,450464719362047;
12000;52,546704309703685;5,450464719362047;
12500;51,11714156011607;5,410746470038682;
13000;50,31255867168315;5,301038795324543;
13500;50,01765515798106;5,29080280982885;
14000;48,11974241422507;5,176277762559676;
14500;47,43596741949556;5,176277762559676;
15000;46,91157406078301;5,044035866267037;
15500;46,21075129758829;4,993237441459785;
16000;45,58639366563927;4,932863495844867;
16500;44,79317003615598;4,932863495844867;
17000;44,417192401112096;4,901427280444725;
17500;43,317669904323154;4,847202866394356;
18000;42,57982168136002;4,771623091357429;
18500;42,40990491214769;4,758738577023582;
19000;41,66933598303565;4,758738577023582;
19500;41,32466997261223;4,683314447997427;
20000;41,123669856909544;4,665362653197242;
20500;41,1091756609703;4,594021561080212;
21000;40,90437273771524;4,580244487485606;
21500;40,71744661506561;4,568671635918446;
22000;40,56508122345315;4,568671635918446;
22500;40,43529036284601;4,481147522008341;
23000;40,16045987970101;4,4741391097114835;
23500;40,16045987970101;4,423459389046328;
24000;40,16045987970101;4,3664464240982825;
24500;40,148319995773015;4,3330801613122745;
25000;39,95527270493824;4,2477000893098;
25500;39,87976963972391;4,201894580745715;
26000;39,61264907844106;4,165804885498925;
26500;39,61063134714456;4,165804885498925;
27000;39,304105463255766;4,118216193215012;
27500;39,22172095142751;4,060882233800476;
28000;39,08065019585635;4,002389565160527;
28500;38,66943077265185;3,982644740634452;
29000;38,485799643662766;3,978893535556412;
29500;38,30330492342657;3,9400203581110036;
30000;38,20624055575694;3,9056713218601358;
30500;37,94547614906817;3,8943339729371274;
31000;37,69922985540705;3,8943339729371274;
31500;37,2518013775103;3,8943339729371274;
32000;37,13351830936197;3,8868319595291876;
32500;36,927652917802604;3,8354355325288108;
33000;36,795428758171596;3,807663403934867;
33500;36,56034099081689;3,779615503561802;
34000;36,38386605669268;3,779615503561802;
34500;36,32490426004307;3,779615503561802;
35000;36,317888965767466;3,775916438342394;
35500;35,93888093457484;3,7592296105268677;
36000;35,849192589131526;3,7508190399857155;
36500;35,75326264612217;3,6993439518296225;
37000;35,68480153411574;3,633229747021228;
37500;35,596343936699206;3,633229747021228;
38000;35,38002868438795;3,633229747021228;
38500;35,38002868438795;3,621670497040599;
39000;35,359481381941215;3,5804882654955748;
39500;35,359481381941215;3,5686995763227345;
40000;35,28177262154215;3,558162717749216;
40500;35,28177262154215;3,531227709799865;
41000;35,183373428736296;3,531227709799865;
41500;35,183373428736296;3,531227709799865;
42000;35,1261370195897;3,531227709799865;
42500;35,07037275996539;3,531227709799865;
43000;35,02300157688996;3,531227709799865;
43500;35,02300157688996;3,5273140408621417;
44000;34,951740759623085;3,5186364906308905;
44500;34,77233015350755;3,5186364906308905;
45000;34,645770221575795;3,473346010514957;
45500;34,63827826741271;3,457196835447578;
46000;34,63827826741271;3,4347652219683265;
46500;34,58731203088891;3,4094682268575354;
47000;34,36944497674953;3,3973400761870143;
47500;34,36944497674953;3,3973400761870143;
48000;34,155353068822684;3,3781460079498062;
48500;34,0685817677873;3,36459230120813;
49000;34,0685817677873;3,36459230120813;
49500;34,002525746979444;3,36459230120813;
50000;33,98830773442956;3,348420665217252;
50500;33,85080633764401;3,348420665217252;
51000;33,65995881400911;3,2877653469024857;
51500;33,60239699266188;3,2781440871789673;
52000;33,514409692333864;3,2781440871789673;
52500;33,514409692333864;3,2781440871789673;
53000;33,514409692333864;3,2781440871789673;
53500;33,514409692333864;3,2781440871789673;
54000;33,45308066757101;3,2781440871789673;
54500;33,2299801343208;3,2781440871789673;
55000;33,2299801343208;3,2781440871789673;
55500;33,151863138085425;3,2781440871789673;
56000;33,12057722533589;3,2775428416695935;
56500;33,106730685637196;3,2706772519246043;
57000;33,106730685637196;3,2706772519246043;
57500;33,050056427493246;3,2706772519246043;
58000;33,050056427493246;3,2567326467780733;
58500;33,050056427493246;3,2567326467780733;
59000;33,03772045270541;3,2567326467780733;
59500;33,03772045270541;3,255516136082798;
60000;33,03772045270541;3,255516136082798;
60500;33,030319285120505;3,255516136082798;
61000;32,87539472846117;3,255516136082798;
61500;32,87539472846117;3,2434504920860525;
62000;32,85621428764593;3,2434504920860525;
62500;32,714991713486924;3,2434504920860525;
63000;32,65489432825396;3,2434504920860525;
63500;32,622992915320246;3,2434504920860525;
64000;32,47500198582807;3,2434504920860525;
64500;32,47500198582807;3,2434504920860525;
65000;32,47500198582807;3,2238835286873186;
65500;32,47500198582807;3,2238835286873186;
66000;32,3979115118524;3,2238835286873186;
66500;32,3979115118524;3,2238835286873186;
67000;32,352834405997484;3,2238835286873186;
67500;32,352834405997484;3,202056466921107;
68000;32,352834405997484;3,202056466921107;
68500;32,352834405997484;3,202056466921107;
69000;32,352834405997484;3,202056466921107;
69500;32,352834405997484;3,202056466921107;
70000;32,352834405997484;3,202056466921107;
70500;32,33229336798654;3,202056466921107;
71000;32,33229336798654;3,202056466921107;
71500;32,33229336798654;3,202056466921107;
72000;32,33229336798654;3,191962168213954;
72500;32,33229336798654;3,191962168213954;
73000;32,33229336798654;3,191962168213954;
73500;32,33229336798654;3,191962168213954;
74000;32,33229336798654;3,191962168213954;
74500;32,33229336798654;3,191962168213954;
75000;32,33229336798654;3,191962168213954;
75500;32,33229336798654;3,191962168213954;
76000;32,33229336798654;3,191962168213954;
76500;32,33229336798654;3,191962168213954;
77000;32,136143460590375;3,191962168213954;
77500;32,136143460590375;3,191962168213954;
78000;32,136143460590375;3,191962168213954;
78500;32,136143460590375;3,191962168213954;
79000;32,136143460590375;3,182061756633874;
79500;32,136143460590375;3,182061756633874;
80000;32,136143460590375;3,182061756633874;
80500;32,136143460590375;3,182061756633874;
81000;32,07956390297061;3,1669184962811117;
81500;32,07956390297061;3,1669184962811117;
82000;32,07956390297061;3,14993256249138;
82500;32,07956390297061;3,14993256249138;
83000;32,07956390297061;3,1409872330358426;
83500;32,013696506525555;3,1409872330358426;
84000;32,013696506525555;3,1409872330358426;
84500;32,013696506525555;3,1409872330358426;
85000;32,013696506525555;3,1341316356806885;
85500;32,013696506525555;3,1341316356806885;
86000;32,013696506525555;3,122341966467462;
86500;32,013696506525555;3,122341966467462;
87000;31,981130286484387;3,122341966467462;
87500;31,981130286484387;3,122341966467462;
88000;31,981130286484387;3,122341966467462;
88500;31,853099360568816;3,122341966467462;
89000;31,772472139118104;3,122341966467462;
89500;31,772472139118104;3,122341966467462;
90000;31,72589645479291;3,122341966467462;
90500;31,72589645479291;3,122341966467462;
91000;31,72589645479291;3,122341966467462;
91500;31,642750152714875;3,1144611309068364;
92000;31,642750152714875;3,1136926264357316;
92500;31,642750152714875;3,1136926264357316;
93000;31,642750152714875;3,111669134686971;
93500;31,641685853639064;3,111669134686971;
94000;31,602818829362064;3,1098776022506787;
94500;31,547812122942506;3,083916855743547;
95000;31,547812122942506;3,083916855743547;
95500;31,493093806099946;3,083916855743547;
96000;31,409783258535505;3,083916855743547;
96500;31,409783258535505;3,083916855743547;
97000;31,15385301327233;3,083916855743547;
97500;31,092040611394772;3,083916855743547;
98000;31,092040611394772;3,083916855743547;
98500;31,092040611394772;3,065544400547078;
99000;31,092040611394772;3,0547620002410154;
99500;31,092040611394772;3,0547620002410154;
100000;31,092040611394772;3,0547620002410154;

==========================================================
===> Melhores f(x) para cada execução:
execucao;AGEO1real1;AGEO2real1;
1;31,196711711942726;4,079388682343563;
2;31,374277472515544;2,5483550178073884;
3;31,82343528921503;3,7386659330995258;
4;29,72350174872909;3,553078959820887;
5;30,13206897294073;2,9020556192427875;
6;35,10052673983217;4,195557321383703;
7;33,237551719993846;3,52335187107402;
8;38,90639744028641;3,254327280740803;
9;31,12463198118936;2,927060362652192;
10;24,59405339981422;3,4962277634855;
11;33,584839876562455;3,1411603365352434;
12;29,30639605335493;1,5450299993777676;
13;34,323438709981446;3,247510728169516;
14;39,91462995586562;3,055436007036178;
15;30,761698047239683;1,7412823103892308;
16;26,762216479573425;4,071494406992137;
17;32,57061413003112;2,752343304210548;
18;24,199427730568303;4,6764208342644835;
19;18,669736693163728;2,3837769210321653;
20;34,64211161957512;3,271942395790724;
21;29,765609086608066;2,9235231288987364;
22;32,83380440963491;2,748414695764744;
23;32,82004409656821;2,8997436882215197;
24;33,837496652522375;3,1693172716175795;
25;34,83323764485242;3,6027150437733724;
26;34,606876442331775;3,2435693154443968;
27;29,062583999765277;3,0209728529047837;
28;26,20696840972103;3,4948218210723;
29;20,38944330290603;2,375151808098309;
30;29,524419488658275;4,245422782794272;
31;31,942006106120765;3,3175862476422964;
32;29,340476077548374;3,4372612970976135;
33;40,10988863060858;3,6098886252985025;
34;35,49943313871084;2,866000501869678;
35;35,39298623329867;3,692257847584713;
36;31,264313085354836;3,330105275704163;
37;33,38903275950163;3,3455315916044412;
38;36,169472441721844;1,3556217764443517;
39;28,307703490668437;3,7022152007381877;
40;29,10979068588183;2,5841784274909827;
41;25,27955052592921;2,8516881206496407;
42;23,888682060316953;3,2648473423525175;
43;33,222413095103285;2,835412692965839;
44;30,362802150515613;2,2767722789306646;
45;29,83898840009077;3,487759000960857;
46;30,958618856163966;2,618997991238345;
47;35,13430017276677;0,768851255191322;
48;30,668666155025363;3,313778578317539;
49;24,121507743927253;2,3260637801415385;
50;34,77264945454038;1,925163715789239;

============================================================================
Função: Rosenbrock
============================================================================

1...2...3...4...5...6...7...8...9...10...11...12...13...14...15...16...17...18...19...20...21...22...23...24...25...26...27...28...29...30...31...32...33...34...35...36...37...38...39...40...41...42...43...44...45...46...47...48...49...50...
==========================================================
===> Média de NFE, média de f(x) e desvio padrão de f(x):
parameter;AGEO1real1;AGEO2real1;
meanNFE;100001;100001;
meanFX;1,356384542920545E-05;1,4899265025438554E-06;
sdFX;2,522063960445431E-05;1,833076501347922E-06;

==========================================================
===> Médias para cada NFOB:
NFOB;AGEO1real1;AGEO2real1;
500;206,77836172835094;205,9708402448451;
1000;83,70093419656698;85,14701277672462;
1500;30,347615134500508;30,559182000214868;
2000;13,589851084405145;12,065937102323046;
2500;6,044122369575399;4,368317889500226;
3000;2,4377527203063885;1,3536454681940726;
3500;1,5974143340851947;0,9103344235975521;
4000;1,0291952326030662;0,7776422880011273;
4500;0,888435784533391;0,6839048427424431;
5000;0,8305053373475221;0,5951641587250623;
5500;0,7772921628688831;0,5291805246600634;
6000;0,7312395004297204;0,44460552820797056;
6500;0,6768434300840518;0,36734142960366084;
7000;0,6373810075595726;0,30035465054449006;
7500;0,6012134200580523;0,23603309899380986;
8000;0,5480874088616481;0,19207629394422537;
8500;0,49097931983813453;0,15194972162758838;
9000;0,4661930506052421;0,10600490626002847;
9500;0,4376870996360905;0,08273045617382513;
10000;0,4003205056596248;0,0649983784636897;
10500;0,37900976555479216;0,05627839699403544;
11000;0,35767567674040185;0,04629608585540088;
11500;0,33337707013694734;0,040135050401967604;
12000;0,3168354683180918;0,03462950881604071;
12500;0,29446336693391467;0,030951999974058318;
13000;0,28720372104007597;0,02797326274165896;
13500;0,2689406293139275;0,024104867026348384;
14000;0,25716546472109647;0,021200159351047493;
14500;0,2515822205386936;0,01762354952002847;
15000;0,23944042304353286;0,015251674308250284;
15500;0,2262875103852581;0,013297118035774626;
16000;0,21369501741478492;0,01181358229910386;
16500;0,20228637226232193;0,010644435733068931;
17000;0,19677313809759345;0,009380845471625316;
17500;0,193653918272166;0,008662098338556091;
18000;0,19276751567462092;0,007200837764429901;
18500;0,16973522092308838;0,006029713013500493;
19000;0,1481491787563955;0,005168425930650156;
19500;0,1396904811090298;0,004648284106277724;
20000;0,1142556599718239;0,004189853129052482;
20500;0,11379860647229964;0,0037413152519701117;
21000;0,10577924420349084;0,00351122309730053;
21500;0,0948030100405019;0,0032255598907380166;
22000;0,08900778353408365;0,0031521425757740544;
22500;0,08303004334726007;0,002930892833351376;
23000;0,07577326002820604;0,0025842632933958786;
23500;0,06826077139840474;0,002441060016197214;
24000;0,06345613756310889;0,002247294517822607;
24500;0,049681774393929616;0,0019250469700218436;
25000;0,03739834038588012;0,0014971883811405202;
25500;0,034857095050229596;0,0014969370069873023;
26000;0,03485529484229362;0,001479300796271371;
26500;0,03414508515113486;0,0014429746504303006;
27000;0,03153165768811252;0,001438787627703504;
27500;0,02942475512647612;0,001438688709817765;
28000;0,02818484935889928;0,0014355196563117657;
28500;0,027804488436051655;0,0014355196563117657;
29000;0,019315626905441013;0,001379226250816606;
29500;0,013322080729407501;0,0013292514220788277;
30000;0,012943856021972107;0,00127521127176973;
30500;0,01149666609654507;0,0010420785228589932;
31000;0,01117725304262036;0,0010300929470018682;
31500;0,010877627642794853;0,0010299139838967188;
32000;0,010876835975258679;0,0008953052372440261;
32500;0,010869084554195198;0,0008386874140793507;
33000;0,010866326481758844;0,0008386874140793507;
33500;0,00821208526129408;0,0008386874140793507;
34000;0,0057316447741905295;0,0008386874140793507;
34500;0,005317895094558416;0,0007858980703385845;
35000;0,005079020081329321;0,0006982689802716965;
35500;0,004375688167657726;0,0006794151125087283;
36000;0,002865084729896157;0,0006791168385080348;
36500;0,001699257671188621;0,0006789072125191488;
37000;0,0016042182283624016;0,0006789072125191488;
37500;0,001573360455419356;0,000668967470432397;
38000;0,0013390683781211244;0,000668967470432397;
38500;0,0013390683781211244;0,00042360279449675016;
39000;0,0013390683781211244;0,00042360279449675016;
39500;0,0013390683781211244;0,000326368504422935;
40000;0,0013371188310705056;0,00010790326037270784;
40500;0,0013371188310705056;0,00010756576887323884;
41000;0,00133681570302358;0,00010751796001024702;
41500;0,00133681570302358;0,00010747174691687977;
42000;0,00133681570302358;6,587590595341433E-05;
42500;0,0013366028012180725;3,6943087282529784E-05;
43000;0,0013366028012180725;3,6943087282529784E-05;
43500;0,0013366028012180725;3,675007595035862E-05;
44000;0,0013366028012180725;3,668999410486533E-05;
44500;0,0011957430219334197;2,1529137660049338E-05;
45000;0,0011000514706697604;2,138800264918767E-05;
45500;0,0011000514706697604;1,5796609425827158E-05;
46000;0,00109332962128137;1,573936047109044E-05;
46500;0,0010471299337629087;1,573936047109044E-05;
47000;0,0010471299337629087;1,56798650596373E-05;
47500;0,0010440222886157697;1,5112489556545747E-05;
48000;0,0010362090442389562;1,5112489556545747E-05;
48500;0,001008334529479826;1,5030407164156645E-05;
49000;0,0009999062460226804;1,498739690281568E-05;
49500;0,0008757442739679003;1,498739690281568E-05;
50000;0,000765972202140103;1,498739690281568E-05;
50500;0,000765972202140103;1,498739690281568E-05;
51000;0,000765565987716424;1,498739690281568E-05;
51500;0,0007652207041163085;1,4932803429154354E-05;
52000;0,0007651859838177286;7,290215031169195E-06;
52500;0,0007651859838177286;6,3580373542584845E-06;
53000;0,0007651859838177286;6,333146173884984E-06;
53500;0,0007651859838177286;6,296495495859756E-06;
54000;0,0007651859838177286;6,275651160346148E-06;
54500;0,0007647103694832919;6,221499826681684E-06;
55000;0,0007642837191257437;6,20972157837486E-06;
55500;0,0007612415102370111;6,20972157837486E-06;
56000;0,0007612415102370111;6,20972157837486E-06;
56500;0,0007611941950293457;6,141482935439378E-06;
57000;0,0007586249570000036;6,102736315431082E-06;
57500;0,0007580899628501484;6,102736315431082E-06;
58000;0,0007570260109419833;6,102736315431082E-06;
58500;0,0007570260109419833;6,0966447687322794E-06;
59000;0,0007570260109419833;6,044702538814861E-06;
59500;0,0007570260109419833;6,044702538814861E-06;
60000;0,0007569221895936285;5,761174767124331E-06;
60500;0,0007569221895936285;5,761174767124331E-06;
61000;0,000570086988441812;5,761174767124331E-06;
61500;0,00040861934679258124;5,761174767124331E-06;
62000;0,00040861934679258124;5,761174767124331E-06;
62500;0,0003988860395868805;5,634724980192778E-06;
63000;0,0003845036250393143;5,634724980192778E-06;
63500;0,00038393946246649167;2,3305783370987783E-06;
64000;0,00038393946246649167;2,3305783370987783E-06;
64500;0,00038393946246649167;2,241997770453363E-06;
65000;0,00038393946246649167;2,241997770453363E-06;
65500;0,00038393946246649167;2,09939477458116E-06;
66000;0,00038382241631021804;2,09939477458116E-06;
66500;0,00038357450750097025;2,09939477458116E-06;
67000;0,00037931002111811073;2,09939477458116E-06;
67500;0,00037931002111811073;2,09939477458116E-06;
68000;0,00037931002111811073;1,9434705651185875E-06;
68500;0,00037931002111811073;1,9434705651185875E-06;
69000;0,0003781880685220289;1,9114078316374556E-06;
69500;0,0003781880685220289;1,9114078316374556E-06;
70000;0,0003777240871290709;1,9114078316374556E-06;
70500;0,0003777240871290709;1,9114078316374556E-06;
71000;0,0003777240871290709;1,9114078316374556E-06;
71500;0,0003777240871290709;1,8803542486540027E-06;
72000;0,00022879462766540494;1,8803542486540027E-06;
72500;8,677118887500171E-05;1,8421207130278335E-06;
73000;8,629301450369696E-05;1,839456454080329E-06;
73500;8,626094151631515E-05;1,8302766189586318E-06;
74000;8,626094151631515E-05;1,8215084415775664E-06;
74500;8,626094151631515E-05;1,6931688117991254E-06;
75000;8,626094151631515E-05;1,6931688117991254E-06;
75500;8,625982523450638E-05;1,6931688117991254E-06;
76000;8,625982523450638E-05;1,6906210238234618E-06;
76500;8,625982523450638E-05;1,6906210238234618E-06;
77000;7,480340847366415E-05;1,6906210238234618E-06;
77500;7,480340847366415E-05;1,6906210238234618E-06;
78000;7,480340847366415E-05;1,6906210238234618E-06;
78500;7,200561608885756E-05;1,6906210238234618E-06;
79000;7,131806816627297E-05;1,6906210238234618E-06;
79500;7,109926628034352E-05;1,6906210238234618E-06;
80000;7,083167588432189E-05;1,6906210238234618E-06;
80500;7,071048114538225E-05;1,6906210238234618E-06;
81000;7,04550892254884E-05;1,6906210238234618E-06;
81500;7,02952540900419E-05;1,6906210238234618E-06;
82000;7,02486168391516E-05;1,6906210238234618E-06;
82500;6,818907083219832E-05;1,6906210238234618E-06;
83000;6,818907083219832E-05;1,6906210238234618E-06;
83500;1,9564435864698254E-05;1,6728543612187251E-06;
84000;1,9544098183371136E-05;1,6447543782470323E-06;
84500;1,9383267876679444E-05;1,6447543782470323E-06;
85000;1,9383267876679444E-05;1,6039783418654819E-06;
85500;1,9383267876679444E-05;1,6039783418654819E-06;
86000;1,9383267876679444E-05;1,6039783418654819E-06;
86500;1,9383267876679444E-05;1,6039783418654819E-06;
87000;1,9383267876679444E-05;1,6039783418654819E-06;
87500;1,9335877126438085E-05;1,6039783418654819E-06;
88000;1,9335877126438085E-05;1,6039783418654819E-06;
88500;1,925061164281523E-05;1,6039783418654819E-06;
89000;1,925061164281523E-05;1,6039783418654819E-06;
89500;1,899334448840579E-05;1,6039783418654819E-06;
90000;1,899334448840579E-05;1,6039783418654819E-06;
90500;1,899334448840579E-05;1,584134076655109E-06;
91000;1,8975623170325025E-05;1,584134076655109E-06;
91500;1,8975623170325025E-05;1,584134076655109E-06;
92000;1,8975623170325025E-05;1,584134076655109E-06;
92500;1,8896127214134067E-05;1,584134076655109E-06;
93000;1,8896127214134067E-05;1,584134076655109E-06;
93500;1,848565803494309E-05;1,584134076655109E-06;
94000;1,547702048740245E-05;1,584134076655109E-06;
94500;1,547702048740245E-05;1,584134076655109E-06;
95000;1,547702048740245E-05;1,584134076655109E-06;
95500;1,547702048740245E-05;1,584134076655109E-06;
96000;1,5438255718843904E-05;1,584134076655109E-06;
96500;1,5324755890292583E-05;1,5485303930548785E-06;
97000;1,5324755890292583E-05;1,5485303930548785E-06;
97500;1,5324755890292583E-05;1,5485303930548785E-06;
98000;1,5324755890292583E-05;1,5485303930548785E-06;
98500;1,4203251755373824E-05;1,4899265025438554E-06;
99000;1,3655811679785471E-05;1,4899265025438554E-06;
99500;1,3655811679785471E-05;1,4899265025438554E-06;
100000;1,356384542920545E-05;1,4899265025438554E-06;

==========================================================
===> Melhores f(x) para cada execução:
execucao;AGEO1real1;AGEO2real1;
1;3,7802981644837547E-06;2,186635667505744E-06;
2;1,7267415296067503E-06;1,254025259299677E-06;
3;7,344790054608503E-07;6,902381076901777E-07;
4;1,3948880538993834E-05;2,3739343380989242E-06;
5;1,3508662174939989E-05;3,0965015972682664E-06;
6;4,348094168763184E-06;6,557427326548509E-06;
7;3,853279737711769E-06;1,0044744117481901E-07;
8;9,384677889233015E-06;2,1965661685621103E-07;
9;2,459650220722442E-05;3,057301617548262E-08;
10;4,437001604671223E-06;6,916059902824565E-07;
11;1,7799037042905645E-06;7,944421599782492E-07;
12;3,7196409692946014E-07;2,6270823838783396E-08;
13;2,868353384230498E-06;4,591132073826484E-07;
14;1,9643877270564215E-05;1,713763073157285E-08;
15;2,1883718036321267E-06;9,862954109835838E-07;
16;3,747139724749167E-07;3,500274587903557E-07;
17;3,7570053009951095E-06;6,561596647389514E-07;
18;2,399313584710286E-07;2,720637754208481E-06;
19;6,812888176960296E-07;1,319510970988679E-07;
20;1,039239102712621E-05;7,451759181376823E-07;
21;4,779522051197647E-06;4,560444366504742E-07;
22;3,626972446701093E-06;1,1949187853497853E-06;
23;1,3740774020017392E-05;1,0380009893408692E-07;
24;2,922438653222423E-05;2,2582650053170585E-06;
25;0,0001301491604828514;3,4093315333688864E-07;
26;2,214508411737576E-06;3,3552791399037517E-06;
27;4,4567423366275475E-06;3,4189949941939676E-07;
28;1,94180769357684E-05;2,3425535393914024E-06;
29;4,663036986084658E-06;1,8338488830778162E-06;
30;4,541600460193426E-08;6,65036059020638E-07;
31;2,007344286925152E-06;6,630835926041776E-07;
32;1,5135482925338003E-05;4,319197809290431E-06;
33;1,657803243035091E-05;1,2264221781930337E-06;
34;2,833880398937367E-06;3,835638902081047E-06;
35;4,7385481343923874E-07;6,727561933523017E-06;
36;5,787245381201156E-06;6,942449383370582E-06;
37;1,29584199663301E-06;7,000335019880352E-07;
38;1,242610833425172E-06;1,5069309226693003E-06;
39;1,1314678470953193E-08;1,252241704969854E-07;
40;6,110361478144154E-08;3,423289656919948E-07;
41;2,378492183821655E-06;9,348498985010295E-07;
42;3,390056705669582E-05;5,825089384211354E-07;
43;5,94647999228019E-06;6,054115541530113E-06;
44;0,00010198528962056125;9,69725573815479E-07;
45;7,358214065163175E-05;1,1155409559320136E-06;
46;4,8120340547013244E-05;3,8750752240583727E-07;
47;4,095507740140456E-06;2,467888658413919E-07;
48;1,3753481129246142E-06;2,566311136301481E-07;
49;1,0325541636677787E-05;1,9102586997484247E-07;
50;1,6120838593712373E-05;3,8792440004140913E-07;

============================================================================
Função: Schwefel
============================================================================

1...2...3...4...5...6...7...8...9...10...11...12...13...14...15...16...17...18...19...20...21...22...23...24...25...26...27...28...29...30...31...32...33...34...35...36...37...38...39...40...41...42...43...44...45...46...47...48...49...50...
==========================================================
===> Média de NFE, média de f(x) e desvio padrão de f(x):
parameter;AGEO1real1;AGEO2real1;
meanNFE;100001;100001;
meanFX;1151,071199919965;391,93355693298764;
sdFX;180,0757157536014;106,99117322836952;

==========================================================
===> Médias para cada NFOB:
NFOB;AGEO1real1;AGEO2real1;
500;2585,538904725091;1627,8260492112124;
1000;2278,049586266948;1343,1567349878005;
1500;2159,4827675472866;1215,3111570547449;
2000;2081,4570824215116;1104,8119745244587;
2500;1987,5496758391141;1054,9323922611334;
3000;1947,0980390083078;1020,5822886179153;
3500;1922,6638663459241;988,0597591793572;
4000;1890,116730120357;952,2817705034888;
4500;1856,6572542914007;936,1365534846317;
5000;1835,5724468402718;924,9196120761532;
5500;1817,9500852225506;894,0411611620028;
6000;1783,726062965733;874,4141597815346;
6500;1761,0447794296356;841,616438960418;
7000;1739,7843263890275;826,2290790613467;
7500;1733,1430710300658;809,0095632508903;
8000;1712,9343681082628;803,2802189072338;
8500;1699,756547138406;784,2263691981127;
9000;1692,9675985623223;751,3418007229479;
9500;1688,2318404475666;742,6301499885266;
10000;1669,40720798237;721,7654396728796;
10500;1651,0583266434905;693,4732298211218;
11000;1631,292373378447;684,2412502655764;
11500;1624,2022888691333;683,5350439369965;
12000;1612,5615880972646;676,2735150119832;
12500;1588,2673275661377;671,4380648892079;
13000;1562,3798884694706;662,169960837398;
13500;1556,6227223309718;658,8216617011934;
14000;1545,8172914586037;653,2190880343338;
14500;1539,2161779703404;646,7870660142337;
15000;1536,6338151088407;637,3228456380526;
15500;1510,6705787042133;632,4683458744028;
16000;1501,5761204560104;628,3323443296398;
16500;1495,7191047653398;628,3323443296398;
17000;1489,7977346976515;622,124502464576;
17500;1474,896617003317;621,4429312546525;
18000;1465,9342993659884;618,7595940244989;
18500;1447,2200255798164;616,8412685053725;
19000;1446,555761906306;615,1246889653105;
19500;1423,3496400770214;613,0338208368904;
20000;1419,65480918144;612,6625434380593;
20500;1418,2208999271884;604,5176642796082;
21000;1417,9351012778382;599,4225219707578;
21500;1414,9764127544563;599,1790746116234;
22000;1408,2438468132498;591,2386692874064;
22500;1386,5481872637185;590,5247107285004;
23000;1380,04423398625;577,7886257702182;
23500;1375,208339233726;576,0516209135359;
24000;1374,800502674582;568,3466327161055;
24500;1370,6757102232032;566,4774279412688;
25000;1370,6757102232032;565,1088976804461;
25500;1368,926587963876;560,1614527542969;
26000;1366,080952544791;554,5089131342081;
26500;1358,6465274229308;553,5380226522834;
27000;1358,4169951462893;548,3868641192254;
27500;1351,8584624062808;539,7698578741297;
28000;1347,2388533408985;530,589626371757;
28500;1344,7188712456136;530,589626371757;
29000;1343,3437949465642;530,0449437140837;
29500;1333,3395324075498;519,7190442527705;
30000;1330,4573513414018;519,479297096295;
30500;1321,5063774490911;516,2702886998812;
31000;1321,5063774490911;513,0563867640152;
31500;1320,2180581390487;508,1915004632116;
32000;1314,8130817717895;508,1915004632116;
32500;1313,791842559672;508,1915004632116;
33000;1313,791842559672;508,1915004632116;
33500;1308,41364803108;502,30549691422425;
34000;1305,720851712651;502,30549691422425;
34500;1305,1590205606744;502,30549691422425;
35000;1305,1590205606744;497,9506779650016;
35500;1305,1590205606744;495,18222725269953;
36000;1305,1590205606744;489,8274769130834;
36500;1305,1590205606744;489,8274769130834;
37000;1305,1590205606744;484,1463270075417;
37500;1305,1590205606744;483,37314112573966;
38000;1298,833940794184;482,4924190341277;
38500;1298,346123883523;482,4924190341277;
39000;1287,994870438405;479,57309122225007;
39500;1286,8179852106973;479,57309122225007;
40000;1286,742076938913;477,63253871830557;
40500;1286,742076938913;477,63253871830557;
41000;1286,742076938913;477,63253871830557;
41500;1286,0591878562457;477,63253871830557;
42000;1282,97456026106;477,0554375652839;
42500;1282,5124706745557;476,42721941319104;
43000;1282,5124706745557;472,2708754307998;
43500;1281,6855061827744;472,2708754307998;
44000;1281,6855061827744;470,15411610412366;
44500;1277,7372897648836;468,95192847385647;
45000;1276,2857234581902;466,66992535577805;
45500;1273,7100637444598;465,6549741664429;
46000;1273,5152994300158;465,6549741664429;
46500;1267,7693543981388;464,9280514463605;
47000;1267,4655040436553;460,4947360949578;
47500;1266,0924253254614;459,44763495240096;
48000;1265,2244671204921;458,81048439523244;
48500;1264,758697259986;458,81048439523244;
49000;1263,7728894786103;458,81048439523244;
49500;1263,7728894786103;454,5466186881491;
50000;1259,770453335156;454,5466186881491;
50500;1256,6865521515406;452,4169080922677;
51000;1253,7341316689808;452,4063947211612;
51500;1250,589909731687;452,2937641414912;
52000;1247,8912708537498;452,2937641414912;
52500;1245,2088588438146;451,9540787149701;
53000;1245,2088588438146;451,9540787149701;
53500;1245,2088588438146;450,9651867820176;
54000;1237,0631434906297;447,4370493073882;
54500;1233,5706267006012;446,7816132035812;
55000;1228,671622349804;446,7816132035812;
55500;1224,7778242229351;446,72959018655087;
56000;1223,7785974614844;446,72959018655087;
56500;1223,7785974614844;446,72959018655087;
57000;1218,6145357580617;446,72959018655087;
57500;1217,4743579942876;444,0828560503947;
58000;1217,0774298099502;441,8790765944895;
58500;1214,9634911672772;441,8790765944895;
59000;1214,9634911672772;440,13841735395084;
59500;1214,9634911672772;440,13841735395084;
60000;1214,9634911672772;440,13841735395084;
60500;1211,07657132847;439,54398839064856;
61000;1207,9403879660365;439,0007080455309;
61500;1207,9403879660365;439,0007080455309;
62000;1207,9403879660365;439,0007080455309;
62500;1205,8115414111123;439,0007080455309;
63000;1205,6544222838975;439,0007080455309;
63500;1205,6544222838975;439,0007080455309;
64000;1205,6544222838975;439,0007080455309;
64500;1205,6544222838975;438,35050635434067;
65000;1205,4781635518393;438,35050635434067;
65500;1205,4781635518393;438,35050635434067;
66000;1205,4781635518393;438,35050635434067;
66500;1205,4781635518393;438,35050635434067;
67000;1205,4781635518393;437,64551317321065;
67500;1204,0812690435798;435,9851574186834;
68000;1204,0812690435798;431,18475466810696;
68500;1204,0812690435798;430,96248644811004;
69000;1204,0812690435798;430,96248644811004;
69500;1202,9370898215982;430,96248644811004;
70000;1201,3559580914336;430,96248644811004;
70500;1201,1421610922453;430,0896575305346;
71000;1200,8405654233432;427,11717036360625;
71500;1197,8183540485538;427,11717036360625;
72000;1197,8183540485538;427,11717036360625;
72500;1197,8183540485538;427,11717036360625;
73000;1196,3973496039935;427,11717036360625;
73500;1196,3973496039935;427,11717036360625;
74000;1196,3973496039935;426,761694865181;
74500;1196,3973496039935;426,761694865181;
75000;1195,5923533332839;426,6203390432504;
75500;1192,2028365612382;426,6125732993918;
76000;1187,7658742654844;426,6125732993918;
76500;1187,7658742654844;426,6125732993918;
77000;1187,6183413068488;426,6125732993918;
77500;1187,6183413068488;426,6125732993918;
78000;1179,4762849769252;426,6125732993918;
78500;1179,4762849769252;426,6125732993918;
79000;1179,4762849769252;426,4400630115708;
79500;1179,4762849769252;424,5617828607631;
80000;1179,4762849769252;421,87493854631214;
80500;1179,085624678265;421,87493854631214;
81000;1179,085624678265;421,87493854631214;
81500;1179,085624678265;416,60143790593503;
82000;1179,085624678265;416,60143790593503;
82500;1179,085624678265;416,60143790593503;
83000;1179,085624678265;416,33336795046614;
83500;1179,085624678265;415,9042047665465;
84000;1179,085624678265;415,9042047665465;
84500;1179,085624678265;412,8765996222334;
85000;1171,7501047983096;412,8765996222334;
85500;1170,4678034273882;412,56400957167824;
86000;1170,4678034273882;412,4182868562338;
86500;1168,8086582765295;412,4182868562338;
87000;1168,8086582765295;412,4182868562338;
87500;1165,8989932145932;412,4182868562338;
88000;1163,1715104701632;411,61603136471143;
88500;1159,9700507404307;411,61603136471143;
89000;1159,9700507404307;411,61603136471143;
89500;1159,9700507404307;406,0086582080876;
90000;1159,9700507404307;406,0086582080876;
90500;1159,9700507404307;406,0086582080876;
91000;1159,9700507404307;406,0086582080876;
91500;1159,9700507404307;404,8540619121601;
92000;1157,696520765278;404,8540619121601;
92500;1157,696520765278;402,9854197083951;
93000;1157,696520765278;402,9854197083951;
93500;1157,406087949785;402,9854197083951;
94000;1156,1235448444902;402,4660133729376;
94500;1155,9780965290092;397,9917863564692;
95000;1155,9780965290092;396,0464868882095;
95500;1155,9780965290092;395,4461806675621;
96000;1155,9780965290092;395,4461806675621;
96500;1155,9780965290092;392,2496450513147;
97000;1155,9780965290092;392,2496450513147;
97500;1151,071199919965;391,93355693298764;
98000;1151,071199919965;391,93355693298764;
98500;1151,071199919965;391,93355693298764;
99000;1151,071199919965;391,93355693298764;
99500;1151,071199919965;391,93355693298764;
100000;1151,071199919965;391,93355693298764;

==========================================================
===> Melhores f(x) para cada execução:
execucao;AGEO1real1;AGEO2real1;
1;1357,2699260174659;449,65038498297963;
2;1124,987147024803;291,5907968369479;
3;1430,5813538152152;399,5263258860914;
4;1286,5886122073084;343,5811644430214;
5;1321,2939245953494;526,1858191470834;
6;1135,8982320332475;561,6366349061423;
7;1310,5479571822298;367,99179409670614;
8;1023,9481069646163;289,89432485069665;
9;999,8649351238455;476,96868293561874;
10;1063,0124756740606;338,95538117377555;
11;1329,2499391023052;382,61146716726444;
12;928,197686079744;175,9345915415961;
13;1028,6881599019634;412,89255873557977;
14;1250,4310351494269;377,4262095663871;
15;1279,9242138683671;333,6508642309509;
16;873,6890038421329;414,4074247243566;
17;1217,2309640410608;411,3775015375463;
18;942,1152072120994;406,6613595866943;
19;937,132665437065;458,36782373528604;
20;1348,3135762252914;294,5514017421233;
21;1177,1642041455193;401,59289695281495;
22;1405,5902755647585;387,6965176889498;
23;1286,1658980438401;356,58621766872193;
24;982,2150805417214;448,3141875105075;
25;1456,6082383732396;447,56692670407074;
26;1021,2499915870408;489,9914874779647;
27;1272,5784123258827;361,3871075568254;
28;1252,0706002685702;617,4490550886289;
29;955,959567733506;191,42210055389296;
30;848,2409935071514;232,51545099204304;
31;1060,4636725585015;215,7054459257488;
32;842,6101645701187;503,4972519428443;
33;1226,550938569104;296,15328414017677;
34;1089,8152090115295;489,91466113670003;
35;1164,3233017953617;328,2924881794406;
36;960,4282269921428;319,0639003967408;
37;1442,6303427092694;301,33911414027307;
38;1171,2188188280998;316,0303388894117;
39;850,8359746479096;528,8613027639703;
40;1140,5492348739695;230,23136884709993;
41;1437,5880010820201;362,42727013414105;
42;1232,5030579745112;429,65071045302875;
43;1177,415647337291;352,24954972794467;
44;1152,0138836015403;590,1515079257415;
45;1132,022719796737;295,85896096051965;
46;973,7672054088771;464,7731490169672;
47;863,2827849785872;362,0144796779614;
48;1324,3247366678243;628,1566820852195;
49;1413,7501917752304;568,6234047573184;
50;1050,657499230776;365,29851552686296;

============================================================================
Função: Ackley
============================================================================

1...2...3...4...5...6...7...8...9...10...11...12...13...14...15...16...17...18...19...20...21...22...23...24...25...26...27...28...29...30...31...32...33...34...35...36...37...38...39...40...41...42...43...44...45...46...47...48...49...50...
==========================================================
===> Média de NFE, média de f(x) e desvio padrão de f(x):
parameter;AGEO1real1;AGEO2real1;
meanNFE;100021;100021;
meanFX;5,8113627506791055;0,18902189797879662;
sdFX;0,5594166439911135;0,02856396922557587;

==========================================================
===> Médias para cada NFOB:
NFOB;AGEO1real1;AGEO2real1;
500;20,701336654944495;20,114176546979742;
1000;20,505575151343468;19,55363972736788;
1500;20,404093962608314;19,43341162208127;
2000;20,311308184316612;19,38702336947459;
2500;20,249866739376092;19,357160923882994;
3000;20,19130083764882;19,340471496897216;
3500;20,134873031967153;19,320906576016384;
4000;20,109799315023057;19,300505661026378;
4500;20,080760294383502;19,29121008899473;
5000;20,050165013580703;19,277975579050544;
5500;20,022674709983363;19,272260012027438;
6000;19,998387914043498;19,261598383028037;
6500;19,977260742338903;19,24988032967037;
7000;19,954225839440564;19,23596557646215;
7500;19,92035481841925;19,222351617866867;
8000;19,89823158158002;19,20744302307257;
8500;19,870532306891974;19,192247448634397;
9000;19,82447129742101;19,17737476759199;
9500;19,791178597013207;19,159304170509657;
10000;19,76180101135559;19,148181068730743;
10500;19,7307623396381;19,13913616939326;
11000;19,693811883103926;19,108779533457188;
11500;19,654477981778673;19,092197732875817;
12000;19,62782618675338;19,075436925086944;
12500;19,598534557537903;19,059842516933113;
13000;19,5521173707151;19,04623790837762;
13500;19,508123854088172;19,026305655424252;
14000;19,460795897132012;19,002908056557622;
14500;19,427356336225976;18,979601010052356;
15000;19,390345273694187;18,95413327388387;
15500;19,359959756264086;18,936263029281392;
16000;19,328972890831565;18,900728969759253;
16500;19,286024278711274;18,86400299101581;
17000;19,21257184831572;18,82880082127459;
17500;19,163876154106468;18,801348409704747;
18000;19,123880296507128;18,7701151929523;
18500;19,070768527449733;18,733752838536503;
19000;19,017262681645462;18,691820635210057;
19500;18,97199373655036;18,651593616430695;
20000;18,900893591193043;18,59908204908585;
20500;18,819213756470948;18,545533568216218;
21000;18,72081419433909;18,483123939329186;
21500;18,661161694231943;18,419562558905046;
22000;18,551875811318787;18,34835328617384;
22500;18,457033651775884;18,29083103049157;
23000;18,368759034561627;18,21449448495361;
23500;18,2623339684232;18,117814876514917;
24000;18,14956456121936;18,051060899325336;
24500;18,021389291594794;17,962254320108688;
25000;17,883326487530027;17,835953990260762;
25500;17,76065320589921;17,743085241833136;
26000;17,63404391156135;17,654917623042707;
26500;17,519103526030072;17,557877490069238;
27000;17,4129689382963;17,43477935303898;
27500;17,323615702916108;17,328715124439086;
28000;17,166972076086637;17,22090977229653;
28500;17,036850938376666;17,08263482839725;
29000;16,91876554279761;16,923182455070332;
29500;16,779417729503795;16,74270576375108;
30000;16,668130092384438;16,55269013657482;
30500;16,543771083962767;16,378327725083732;
31000;16,446542848791907;16,152703028357983;
31500;16,371388853822385;15,925203235487913;
32000;16,257390027734864;15,701591033055731;
32500;16,04616209341914;15,497081188222873;
33000;15,775035604900054;15,28347249655136;
33500;15,637288240365551;15,042309231740637;
34000;15,472742772593634;14,82554657448348;
34500;15,255489210617588;14,625722323267631;
35000;15,033180702405797;14,377149830757673;
35500;14,791720529401445;14,11621067319721;
36000;14,649920369724828;13,85864608794339;
36500;14,50482305275484;13,58959064251088;
37000;14,3508482943612;13,308211884616549;
37500;14,125466546300231;13,079601574679245;
38000;13,939791315838043;12,792524425691381;
38500;13,728588724167741;12,509947299506127;
39000;13,547310893830321;12,257716502071634;
39500;13,332460945461174;11,979973090892907;
40000;13,192210430788213;11,734254844918144;
40500;13,024187406734614;11,451068492111547;
41000;12,859995269044784;11,148975090836261;
41500;12,609769939134047;10,83990711121341;
42000;12,471980445582455;10,574123781024909;
42500;12,33570952721368;10,29146599161199;
43000;12,174482792873178;10,012308331374067;
43500;12,00373989621613;9,738765527760728;
44000;11,813898891388405;9,435361986777542;
44500;11,6577250112195;9,141619179102928;
45000;11,526477378556194;8,825023872083532;
45500;11,414485907353642;8,517471754909415;
46000;11,212744584963026;8,222095668818355;
46500;10,96740730542009;7,945607257009166;
47000;10,836212257337728;7,671201914796679;
47500;10,709693067217755;7,353468599137452;
48000;10,582397238078281;7,108851034307167;
48500;10,514482432582051;6,831760496023892;
49000;10,380547387959805;6,550052614869558;
49500;10,277475742971426;6,267123996573729;
50000;10,181877217067585;5,996324112319636;
50500;10,041176041417218;5,73024293930884;
51000;9,921546909133019;5,448404429558335;
51500;9,82957890602354;5,1588639082067695;
52000;9,74323685541124;4,863369208544027;
52500;9,703512350171048;4,587548027235727;
53000;9,660684907789022;4,268720409558985;
53500;9,570525755822336;3,993807302115154;
54000;9,41259244574548;3,6716482398553603;
54500;9,294301445301857;3,43818811474033;
55000;9,197582636184496;3,2739109482907325;
55500;9,146109704921468;3,1481179913525943;
56000;9,01470990990974;3,03163068839366;
56500;8,956166667243474;2,950966062270666;
57000;8,859936007031061;2,8904048816837564;
57500;8,783860039739366;2,8017377317589762;
58000;8,676842603017436;2,7213758565213406;
58500;8,61621955732814;2,653503879516181;
59000;8,546938801425101;2,559212076915116;
59500;8,463794179981411;2,4721782800801186;
60000;8,346335804327815;2,3761372000567444;
60500;8,211861404653416;2,283604024715962;
61000;8,113565425290291;2,177103880519162;
61500;7,990028872716095;2,0814661332978006;
62000;7,859631423652068;1,961819029391338;
62500;7,76633109327795;1,871596829970901;
63000;7,700830949928604;1,7958575544474211;
63500;7,634880131582943;1,734073928254436;
64000;7,612896160963178;1,6805690625701153;
64500;7,556373415169713;1,6346305585596788;
65000;7,477378163218934;1,5827500758748752;
65500;7,40016369875467;1,51915999963329;
66000;7,312803533528961;1,4789035939141368;
66500;7,26676209270566;1,433803050695947;
67000;7,210503018339086;1,372665899341985;
67500;7,17156278563598;1,3341166191268392;
68000;7,077731027634173;1,3074748857361667;
68500;7,067601669539052;1,270639719649407;
69000;7,045244991474533;1,2549158030178587;
69500;6,990926183718917;1,25209726985159;
70000;6,9714545294649835;1,2382067366471756;
70500;6,939069498269317;1,2268480116549643;
71000;6,887536214951661;1,21257588256521;
71500;6,827801722591691;1,2006039381129097;
72000;6,77766565227583;1,1917072487861702;
72500;6,7547394916784205;1,1843649308860387;
73000;6,712376446334971;1,1718868465930865;
73500;6,658640633268522;1,147754074137628;
74000;6,644024272178954;1,12956908757281;
74500;6,610021372378064;1,1108104823463811;
75000;6,55822204608649;1,0891781911036136;
75500;6,5420793142915645;1,0596673747610064;
76000;6,527344162956542;1,0338178303551553;
76500;6,513763058544523;1,006038555736511;
77000;6,499926707103834;0,97647988122659;
77500;6,474888566222304;0,9376900402936578;
78000;6,447076281623809;0,8942336541510403;
78500;6,436073718093853;0,8596675252236607;
79000;6,424439943207013;0,8328427118017722;
79500;6,408355892434055;0,812011059324561;
80000;6,390121640809685;0,765108189558774;
80500;6,368011902067357;0,7417234530177425;
81000;6,2824278137949605;0,7230398977995856;
81500;6,242057148368536;0,7047446883500262;
82000;6,212240756295443;0,678999017310565;
82500;6,200664385247428;0,6559707858074836;
83000;6,177971551201088;0,6173958169525363;
83500;6,160803192610308;0,5850592040087694;
84000;6,1509080732259065;0,5464346199639187;
84500;6,1372895374099565;0,53527682438409;
85000;6,1202667664623265;0,4876279648946891;
85500;6,088529380268283;0,44252022416082537;
86000;6,087473299764138;0,41205113576486335;
86500;6,056245903121306;0,3860453990111968;
87000;6,054481178661276;0,3703977268525795;
87500;6,0379849561461345;0,36253428089555073;
88000;6,036368674799645;0,3348982881984072;
88500;6,036351027542249;0,31429793643841875;
89000;6,021916259003866;0,2857363804166679;
89500;6,0107763787598705;0,28119889807324217;
90000;6,0107763787598705;0,2601735802336702;
90500;6,005597247858109;0,23907039637482616;
91000;5,982589001242125;0,2156084005300269;
91500;5,9720332059585575;0,20050129421690496;
92000;5,9177436712896805;0,1998621030606085;
92500;5,911234805704811;0,19421230598936565;
93000;5,91077529973201;0,1939675791696168;
93500;5,886089819556337;0,19367066912492537;
94000;5,883741143156227;0,19367066912492537;
94500;5,871061333966538;0,19367066912492537;
95000;5,871061333966538;0,1923844946343056;
95500;5,871061333966538;0,19226646362018282;
96000;5,871061333966538;0,19144723129282196;
96500;5,871061333966538;0,1904171487743167;
97000;5,843070592587754;0,18948723645755083;
97500;5,829139950604547;0,18948723645755083;
98000;5,829139950604547;0,18910788642353107;
98500;5,829139950604547;0,18906608222606433;
99000;5,822007783247086;0,18906608222606433;
99500;5,812665623291029;0,18902189797879662;
100000;5,812665623291029;0,18902189797879662;

==========================================================
===> Melhores f(x) para cada execução:
execucao;AGEO1real1;AGEO2real1;
1;5,962823517509644;0,1909195099408354;
2;6,00237298690112;0,1933433193389309;
3;6,3202167023228215;0,2421487770010926;
4;5,387388887970284;0,1924693777795876;
5;5,257083082498336;0,2128907547120793;
6;5,770746117165011;0,154939352329047;
7;6,245188744177005;0,2265025299397796;
8;5,3066235333961975;0,18004241474033833;
9;6,5643019119416754;0,13499835105454538;
10;5,33933418643829;0,1979861257717146;
11;6,211663710288895;0,16734600428508006;
12;5,864660825878039;0,20448381263534365;
13;7,081291124676348;0,15810890802761124;
14;5,6726818418101885;0,19100434289312318;
15;5,284456407975938;0,2585443170452759;
16;5,768005188048911;0,17213260513769235;
17;5,8884547514677115;0,20591302365508923;
18;6,741228751759551;0,1760461517655183;
19;6,533558138843867;0,18260442182202619;
20;5,73673642280358;0,1625197409840471;
21;5,107362989004664;0,1545925447591463;
22;6,1610808334569445;0,16047191189336907;
23;4,797207762486325;0,15345626099299192;
24;6,42674572759641;0,14242715905413217;
25;5,184127243399575;0,21149541122530913;
26;5,351440942465636;0,20344880597616566;
27;6,049161496685636;0,1510533893188537;
28;6,4853680440950665;0,18895797181523877;
29;6,467050232448038;0,2504360160200054;
30;5,320847079626252;0,1569730536643359;
31;5,294977292143315;0,20650224384020355;
32;5,763666027587927;0,24467362630653433;
33;5,247121103934483;0,1846522142192617;
34;6,543174280509131;0,184131918809614;
35;5,331879350543438;0,17659426752332807;
36;5,5751304205059675;0,18979183604861705;
37;5,676769699811006;0,14708601555278022;
38;6,233016831379716;0,2184463518090114;
39;6,783357665103033;0,2171201771719944;
40;6,422469142663954;0,17401439430895138;
41;4,7299154885018275;0,15606639244113962;
42;5,398775801388068;0,19999642459557254;
43;6,197782884861447;0,20439060249418395;
44;5,341179800773516;0,1821895074968647;
45;5,911993503007041;0,2018506501711057;
46;5,305571336569508;0,17151053691469986;
47;4,97604566286985;0,1926227029753167;
48;6,37156241543047;0,19903639408386065;
49;5,597418434174598;0,22215948760241044;
50;5,57712120705906;0,2000027889960747;

Execution Time: 74869 ms
