




============================================================================
Função: Griewangk
============================================================================
parameter;GEOreal1_O;GEOreal1_P;GEOreal1_N;GEOreal2_O_OI;GEOreal2_P_OI;GEOreal2_N_OI;GEOreal2_O_DS;GEOreal2_P_DS;GEOreal2_N_DS;
meanNFE;100001;100001;100001;100000;100068;100000;100000;100068;100000;
meanFX;0;0,14599875152665273;0,07868851593564179;0;0,004688385780759729;0,011722780715787489;0;0,001899763538335917;0,003637023308902669;
sdFX;0;0,024940857656466572;0,022899586174442186;0;0,006013769097121323;0,00824381444981463;0;0,00483324333972031;0,005085449897223834;
==========================================================
===> f(x) médio para cada NFE:
NFE;GEOreal1_O;GEOreal1_P;GEOreal1_N;GEOreal2_O_OI;GEOreal2_P_OI;GEOreal2_N_OI;GEOreal2_O_DS;GEOreal2_P_DS;GEOreal2_N_DS;
500;1,2802819313451437;233,38335225358838;295,5691757044298;0,6588678434974006;48,598522746726175;297,5302661461748;0,6170355984478187;170,96794557777693;276,90025874050286;
1000;0,1982472405449314;167,02034244920287;279,13998443137973;0,06120573086905799;7,841491077250157;282,6660161026253;0,13757345324367176;83,65007939116362;245,5906746768443;
1500;0,07401240380591428;112,65727573844846;263,83228164132396;0,01011862783079627;1,0983207761808287;268,7017033018315;0,06939752265901658;35,95305114865846;216,80772864638385;
2000;0,03411566981293245;69,91240323899008;248,3597415581013;0,0018738983569411706;0,5594829424463198;255,31909420845517;0,04438067760654718;12,641260736802003;191,25060607107451;
2500;0,014436577366623434;38,10294258710134;233,24792076525154;0,0004293165941601096;0,28506407917043824;242,7106706440418;0,030871911752676878;3,260814590154654;167,4409763598824;
3000;0,0072787079121794315;17,5118838330256;218,88910342990002;0,00034617090749519355;0,14699492663755023;229,5725764459061;0,022663482455075365;1,080853253779949;144,19296779112855;
3500;0,004306511594861311;6,715692226050825;205,02675753985827;0,00034436924957839123;0,09832184975252847;218,2164817617842;0,010681237832770855;0,37999297943470545;124,3463837205514;
4000;0,0024121798087707335;2,6409114310973085;191,4592900381341;0,00034436923034856457;0,0713681252660257;207,03477245112404;0,0052866891721095;0,15110911155692835;105,90770953886413;
4500;0,001712827688662759;1,23098614864342;178,64329972760913;1,01929926943356E-09;0,06446911271739879;196,29756839344165;0,004836380674502496;0,07118152804558721;89,54986858596665;
5000;3,9734550760783806E-10;0,8187953850768684;165,92503652118586;0;0,05878155383482739;185,00049801267647;0,00042630660883623994;0,05253127967866455;75,11530514133739;
6000;0;0,5769831737505555;142,87395040686116;0;0,05677193521649649;163,60103267004624;0,00033521740953026627;0,045574327701221336;50,686266729176516;
7000;0;0,4774939794563163;121,85660759157287;0;0,052324150360226473;144,70267137002628;0;0,04208151461473561;33,67646961096678;
8000;0;0,40640573525259316;102,29458574449757;0;0,05065587707441014;127,62763479824147;0;0,037519133422858696;21,347955112448155;
9000;0;0,35150794622218745;84,4988682651329;0;0,04525141542467271;111,56027669656953;0;0,03593886649368053;13,6461981104036;
10000;0;0,3124874561034741;68,6965015924975;0;0,044111379467445505;97,10624373259076;0;0,03431709047567913;8,367725552032196;
12000;0;0,2680053299282873;43,01383582392772;0;0,03677506251096474;72,08590826984116;0;0,03076825439227579;3,8478542326598495;
14000;0;0,24223115879266424;24,18113233416148;0;0,03149310135994623;52,80470404447543;0;0,025257858437222377;2,2582722713299086;
16000;0;0,22259046918196915;13,103449460414344;0;0,030104478676275085;38,53045341641554;0;0,024025198052807478;1,469466249831424;
18000;0;0,2037927661265273;6,664102306029093;0;0,02739724659060558;28,068640102158053;0;0,022602863999840888;1,1091096251459636;
20000;0;0,1972199206139317;3,377919861627734;0;0,02500270100458665;20,39686869500422;0;0,020810069965423936;0,6671406782107918;
25000;0;0,18467681547374212;1,1448202033248804;0;0,02000654993080795;10,592314859970186;0;0,016986741063893175;0,2614494309566374;
30000;0;0,17726697755493498;0,4532213083390977;0;0,01873095384912606;5,301607134564733;0;0,014192494417513602;0,09744629393468021;
35000;0;0,16896465787824794;0,2676540607133561;0;0,017369820894176463;3,0022430829823175;0;0,011933703474518427;0,05019866063729118;
40000;0;0,16416673791799907;0,19321025521465798;0;0,015470358531244274;1,6797878297860642;0;0,009192904652820844;0,033334895217705315;
45000;0;0,16073075449908672;0,15093137697171596;0;0,014373608604290315;0,9976715279032518;0;0,008193636005354592;0,017939748942655417;
50000;0;0,15716695418949495;0,12089841917366398;0;0,013774830446049203;0,553351426314063;0;0,007319410713277002;0,015407660474851391;
55000;0;0,1554612677877357;0,10368347398120178;0;0,012602801500101068;0,29894242619966716;0;0,006962001819816011;0,011134100555720436;
60000;0;0,153986533982031;0,0987854393126517;0;0,01127191304905414;0,1734882436620132;0;0,006490625516367812;0,008807272978929746;
65000;0;0,1529628535326383;0,09254493184390764;0;0,010523986485430892;0,09220394875736063;0;0,004524021748431344;0,007945490565015539;
70000;0;0,1514776817357012;0,08931616084339565;0;0,009054524933766503;0,07143605862713007;0;0,0042638846494326655;0,006854181690136645;
75000;0;0,15120319340279742;0,08794547184568305;0;0,008771622499767283;0,04132239920558762;0;0,003851429529138628;0,006055056344482641;
80000;0;0,15101237692351124;0,08437818796675936;0;0,00829651839696944;0,028602216540450042;0;0,003035827879752624;0,004978074756370175;
85000;0;0,14782957572785954;0,0830567074662885;0;0,007955483957785982;0,02713687529648899;0;0,0028896731392708207;0,004816131277075306;
90000;0;0,14724026456403366;0,08230202783171099;0;0,00695359748775717;0,021402041875466616;0;0,00262514747715874;0,00415893657042933;
95000;0;0,1463873403543592;0,08050848142823938;0;0,006252273526979892;0,013337264716689872;0;0,0022191114084643892;0,003640675951638668;
100000;0;0,14599875152665273;0,07868851593564179;0;0,004696749028120735;0,011722780715787489;0;0,001899763538335917;0,003637023308902669;

==========================================================
===> Melhores f(x) para cada execução:
execucao;GEOreal1_O;GEOreal1_P;GEOreal1_N;GEOreal2_O_OI;GEOreal2_P_OI;GEOreal2_N_OI;GEOreal2_O_DS;GEOreal2_P_DS;GEOreal2_N_DS;
1;0;0,13366917256500144;0,06549854520101506;0;0,007396040746560417;0,02332390288180819;0;0,0001292247009634373;0,0013011793809465377;
2;0;0,19248373575488253;0,0742436286486664;0;0,012840570407366747;0,012528444666544014;0;0,0014567632362287863;0,00028401762572716205;
3;0;0,13185568874042997;0,0422638127703997;0;4,624222782467768E-09;0,003787558262880908;0;0,000515429170633408;9,500929814587611E-05;
4;0;0,10342875164513832;0,08063638700582121;0;0,009893596039047381;0,01549294927538114;0;0,012495921210467165;0,004559650425052464;
5;0;0,15623422641948326;0,06776939983243357;0;0,009857286626007156;0,0031101796030726936;0;0,0004958370210231822;0,012494633472154848;
6;0;0,15406746207996203;0,05145214562548506;0;1,9620350899529626E-08;0,004507420348885405;0;0,00016849454659584318;2,5234905501658744E-05;
7;0;0,17516965692606434;0,09415198570713845;0;4,2232782904161326E-07;0,015315877352632845;0;0,00010358349104322429;0,0007823383865006583;
8;0;0,10279356191043221;0,10018355952566227;0;6,71798061624429E-10;0,016877478356227327;0;0,00017786881032844093;0,00024958338207059505;
9;0;0,11898899735225632;0,12388857110839724;0;7,469544449634213E-08;0,023138123288550694;0;0,00017385461212349185;7,664492226511221E-05;
10;0;0,14010210888831842;0,08376172206373078;0;1,150750096323705E-07;0,018311079740877645;0;4,3077901857202505E-05;0,012412475647279098;
11;0;0,11477601774359814;0,0920015642991695;0;2,0642141067894748E-05;0,012713451210444426;0;0,00010239166813408307;0,014839108367036502;
12;0;0,17598258739807904;0,05918427757936762;0;4,590324758302344E-06;0,0048570495282227455;0;0,00012313985217604628;2,71118632734213E-05;
13;0;0,17033030743578514;0,052566531979410636;0;1,0223332402858887E-08;0,008801164642584292;0;0,015239107050652123;0,0003486149408581385;
14;0;0,12606383916761166;0,07495312858313719;0;2,746013860743801E-09;0,00091800216618243;0;0,00014512441259040276;0,012351251007271191;
15;0;0,13185136349759663;0,10403292382134866;0;0,009857371979923757;0,033272494421942134;0;0,017517691403673652;3,897175443023926E-05;
16;0;0,15283153591258813;0,07177742975681078;0;6,80306663225494E-08;0,0070643663536806844;0;9,991248975604883E-05;4,031160272821577E-05;
17;0;0,14054562672892879;0,051384143417910644;0;1,19262577591428E-09;0,009494465001992358;0;0,00011529462107828792;4,389353368494664E-05;
18;0;0,1407143721417411;0,07412308344597307;0;0,00027274712536684564;0,030909244252677492;0;0,00017013985739799953;0,007445652795907698;
19;0;0,13415784372339634;0,061374853401911844;0;0,007396093339235632;0,01113902421832369;0;0,00032038298852066216;3,7338810494946806E-05;
20;0;0,1313373468838961;0,06099434481071264;0;0,007396656201635099;0,006620436758001058;0;8,147974870476027E-05;7,42816214767128E-05;
21;0;0,1109838834082062;0,05816812245857794;0;1,1217025086551757E-09;0,00683105038244447;0;0,00016043107720342675;6,4710413505642E-05;
22;0;0,20070837576546885;0,09507174178531652;0;0,012316075612926247;0,0027624013802477476;0;0,0002059824576419178;6,34713727780678E-05;
23;0;0,10634319584660934;0,0840780673621443;0;9,544541101913495E-08;0,024017932921402863;0;0,00013752919006637665;0,014819927711427372;
24;0;0,15315282881341896;0,07394386898954619;0;1,0003524159030164E-06;0,015483293610601967;0;0,00017342057840852299;0,007447517187642472;
25;0;0,1240620413366611;0,04646403184475112;0;4,5829429140553657E-10;0,01564647074021963;0;0,0001536404196950114;7,72941599678223E-05;
26;0;0,17269091638093714;0,08037025281393562;0;0,007681565457994588;0,005779575872605247;0;0,0002433617280820366;7,59570534457632E-05;
27;0;0,11759809191265558;0,05057235371445301;0;7,365253851254749E-09;0,004187128706934606;0;0,0004661120560994769;4,225367287347126E-05;
28;0;0,1592576571289155;0,08515667768227375;0;0,005686474562056287;0,002217222451614931;0;0,02165013087437062;7,331682688449526E-05;
29;0;0,20006549197630585;0,07687753490538418;0;1,0436628228305267E-09;0,018389019635837056;0;0,0002365016053219593;4,664384160968371E-05;
30;0;0,1212541136147598;0,05974783901306058;0;0,007396040544072835;0,011677812196665083;0;0,00023128481184531147;2,5181764618964486E-05;
31;0;0,1562946516488155;0,07582365665079105;0;0,0073962662441661164;0,02735731949758169;0;0,0004999617434491288;0,0005901189023490572;
32;0;0,1724551968236021;0,06725157487906108;0;0,012318221757581349;0,004992637621171192;0;0,0010203674617585978;0,012339731609996463;
33;0;0,1446123121542866;0,060382468021654034;0;0,012413121946052263;0,002844736531541603;0;0,00017635611756761094;0,0001581388891259694;
34;0;0,14784046105075854;0,11415753500352188;0;7,293431217858526E-07;0,013322695170828847;0;0,00011864228597902038;3,2472286791151994E-05;
35;0;0,12502632725179053;0,0729986512193459;0;0,00985732996407851;0,007422978730657448;0;0,009925790173282656;0,007487108352517868;
36;0;0,15206649585577736;0,1465324762498128;0;2,3538548887813704E-10;0,005310191576386125;0;0,00012602629964375556;0,009088134046171481;
37;0;0,1648495665185803;0,0877736487979065;0;8,795397743455169E-10;0,018125147047565737;0;0,0002184495498469552;0,007451849266276955;
38;0;0,14267938518677414;0,0983699116751462;0;0,0006686507347742898;0,006396086754710151;0;0,00016007371528403702;8,566517134145357E-05;
39;0;0,14286363605374197;0,11707933618277255;0;0,01390803029128429;0,015653291345281928;0;0,00015039910952363567;4,054026235689179E-05;
40;0;0,13751155799543213;0,050121408987913285;0;0,020491799306199487;0,006163800664055197;0;0,0001488601097670017;0,00357213398931322;
41;0;0,16146516921519283;0,09450784208156471;0;4,277706941557824E-06;0,006325513147730888;0;0,00022649109858241534;0,01483480619775579;
42;0;0,1547278568229803;0,07704100639023714;0;1,3216983063557564E-09;0,0028377284610320297;0;0,007571790064206607;0,01003721199339136;
43;0;0,10254646121181632;0,07022537712089927;0;0,00986467380513456;0,0026843970034671205;0;0,00010328418526406313;0,0007194676950046386;
44;0;0,1682768494210869;0,044723634980799565;0;0,0073968118382274906;0,014515847486555322;0;0,00035634708595477793;5,5383321485913406E-05;
45;0;0,17191702860792213;0,07330579397425707;0;0,0010229641997303585;0,01147940544853221;0;8,912423580764717E-05;7,577118966217711E-05;
46;0;0,11449297913315037;0,07949736072751235;0;0,020478383638416253;0,014510777287745524;0;0,00017970480823636947;7,07910094738251E-05;
47;0;0,1773601608521903;0,08975238024221066;0;1,1796912258166259E-07;0,0059298457183389885;0;9,418420911833092E-05;0,00750372848921943;
48;0;0,15660968260179886;0,07781427654027673;0;0,003335329471524262;0,011197521579173753;0;0,00013578405029990304;0,007470544793225065;
49;0;0,15888708283444108;0,1158626758022645;0;0,017236233291110126;0,007979043687450726;0;0,00018439156399963075;0,009933623928294555;
50;0;0,15395391599337005;0,12451225210019712;0;8,768991844765317E-06;0,03191545080008218;0;0,00016903545654078922;4,036630382042716E-05;






============================================================================
Função: Rastringin
============================================================================
parameter;GEOreal1_O;GEOreal1_P;GEOreal1_N;GEOreal2_O_OI;GEOreal2_P_OI;GEOreal2_N_OI;GEOreal2_O_DS;GEOreal2_P_DS;GEOreal2_N_DS;
meanNFE;100001;100001;100001;100036;100016;100016;100036;100016;100153;
meanFX;0;0,09927466154059701;0,1500719062069878;0;1,4210854715202004E-16;0;0;0;0;
sdFX;0;0,02003788036774073;0,03503757769189751;0;1,0048591735576156E-15;0;0;0;0;
==========================================================
===> f(x) médio para cada NFE:
NFE;GEOreal1_O;GEOreal1_P;GEOreal1_N;GEOreal2_O_OI;GEOreal2_P_OI;GEOreal2_N_OI;GEOreal2_O_DS;GEOreal2_P_DS;GEOreal2_N_DS;
500;53,46915386758575;152,38871371223001;131,5884092699296;11,224485002737813;141,13807859427376;140,83175237454293;22,00183800222485;159,29117034806342;156,32607330962784;
1000;15,550819734872544;119,90222634190688;83,04538918551916;1,9457849747875957;93,16135547127196;95,8629544177012;2,4296177468951417;112,55994161658495;88,9248284152777;
1500;5,295488911331799;98,69125683250462;51,772841040984574;0,3254832081154811;62,69144549118446;64,30304694363954;0,28696045154351824;81,31826475826045;64,97203886375242;
2000;1,7602336183569491;81,5519015089191;32,331162882998996;0,060889843917037466;43,712935954510094;44,470418595947265;0,06766213754782441;61,38882590661335;41,76620130533022;
2500;0,4690640428835384;68,83630618167372;20,788723979422414;0,039355548261965655;28,906472224199952;30,84190242102688;0,0199306077260934;44,64657366387703;32,31384252688436;
3000;0,19053359280795235;57,743900527323056;13,770362904834354;0,000259407224811099;20,477381754441435;21,740835226231024;0,019925409927401036;33,879241016399426;23,2922999685298;
3500;0,024325720800094642;50,05609584236046;9,442062237011452;4,987793005284402E-09;14,593381936149887;15,799826896143093;0,0001332566228700216;26,294068324445718;19,078641497580698;
4000;4,010844043449424E-06;44,166075935537776;6,385104002717501;4,547473508864641E-15;10,868923859718992;11,900965676943219;2,108315430575658E-06;20,449720410267545;14,574266920665348;
4500;2,617892967293756E-07;38,481728719052;4,589055116099484;0;7,963572533999104;8,771054753527286;7,13481540515204E-11;16,252784734998528;12,055002872119733;
5000;1,7176377582472925E-08;33,91968755909459;3,5411707410385556;0;6,234030233666848;6,546912568773916;1,7053025658242404E-15;13,171381479542685;10,251964354005308;
6000;7,056257800286402E-11;26,51061854097168;2,3232327287828203;0;3,9057421861863215;3,685862040034038;1,4210854715202004E-16;8,552700649693355;7,142190818052951;
7000;4,646949491871056E-13;21,43631331597162;1,541891274969895;0;2,623448716996587;2,3001376390501096;0;5,511615481062964;5,073807001792192;
8000;9,379164112033323E-15;17,610555118806854;0,9710506826317179;0;1,4589606588030484;1,446812593310551;0;3,9610185924105767;3,7389922272706393;
9000;4,973799150320701E-15;14,971815903716855;0,6363105071438845;0;0,9596377775015941;0,9800775174980874;0;2,623221823687814;2,7949112932397413;
10000;3,9790393202565614E-15;12,581578208532642;0,47860040032816714;0;0,7506293971838854;0,7889538543393193;0;2,007666248593451;1,9046128757631562;
12000;1,5631940186722204E-15;8,59825309369032;0,3560815940738702;0;0,32848537643914083;0,36883998314163835;0;1,2856636270662074;1,0565296043887065;
14000;7,105427357601002E-16;6,403558608642368;0,26883360763490133;0;0,17358560578567547;0,18155285392427487;0;0,8392383521596908;0,6778354306563322;
16000;5,684341886080802E-16;4,917196626615085;0,25010235140327663;0;0,0804221982344103;0,07062393793284542;0;0,4552325136261004;0,45837703723610174;
18000;2,842170943040401E-16;3,866879490474379;0,23624452652971656;0;0,020181351401322017;0,059156107520255574;0;0,248941509383762;0,3033220404859304;
20000;1,4210854715202004E-16;2,8763298192166076;0,22665230447207946;0;0,00629842482919301;0,01966781070902755;0;0,13925431083775677;0,2134897800265668;
25000;1,4210854715202004E-16;1,5872864758276657;0,21317587952640493;0;4,847890977544011E-12;3,4969344596902375E-07;0;0,0593168313390926;0,034552918704728056;
30000;1,4210854715202004E-16;0,9808571288352397;0,20339551832837585;0;8,384404281969182E-15;3,824567329502315E-12;0;0,024917023814562213;0,00025019342556106497;
35000;1,4210854715202004E-16;0,5217323012806129;0,19865343073939287;0;3,9790393202565614E-15;5,968558980384841E-15;0;1,6588640875170313E-07;1,3129870254147136E-07;
40000;0;0,3192475725505203;0,19204162136915032;0;2,415845301584341E-15;2,842170943040401E-15;0;1,2749836741932086E-11;1,4210854715202004E-14;
45000;0;0,16934579415826448;0,18889078693078432;0;2,1316282072803005E-15;1,7053025658242404E-15;0;9,947598300641404E-16;1,1368683772161603E-15;
50000;0;0,16010449767170884;0,18132796407573123;0;1,2789769243681803E-15;1,1368683772161603E-15;0;4,263256414560601E-16;7,105427357601002E-16;
55000;0;0,14772542845892175;0,17516785751369354;0;1,1368683772161603E-15;8,526512829121202E-16;0;1,4210854715202004E-16;4,263256414560601E-16;
60000;0;0,11141679731762011;0,17144401161258188;0;7,105427357601002E-16;7,105427357601002E-16;0;0;2,842170943040401E-16;
65000;0;0,10773443210157112;0,16811928915117547;0;4,263256414560601E-16;7,105427357601002E-16;0;0;2,842170943040401E-16;
70000;0;0,10633159947769315;0,1661823630864923;0;2,842170943040401E-16;2,842170943040401E-16;0;0;0;
75000;0;0,10630699519349093;0,16280822907636364;0;1,4210854715202004E-16;1,4210854715202004E-16;0;0;0;
80000;0;0,1045137448041335;0,15755718140857283;0;1,4210854715202004E-16;1,4210854715202004E-16;0;0;0;
85000;0;0,10304856900488474;0,15456756957495613;0;1,4210854715202004E-16;1,4210854715202004E-16;0;0;0;
90000;0;0,1004053546215006;0,15287284009032576;0;1,4210854715202004E-16;1,4210854715202004E-16;0;0;0;
95000;0;0,10001842452776373;0,1510899954157668;0;1,4210854715202004E-16;0;0;0;0;
100000;0;0,09927466154059701;0,1500719062069878;0;1,4210854715202004E-16;0;0;0;0;

==========================================================
===> Melhores f(x) para cada execução:
execucao;GEOreal1_O;GEOreal1_P;GEOreal1_N;GEOreal2_O_OI;GEOreal2_P_OI;GEOreal2_N_OI;GEOreal2_O_DS;GEOreal2_P_DS;GEOreal2_N_DS;
1;0;0,07695617311296132;0,18877604728372432;0;0;0;0;0;0;
2;0;0,07805425414514389;0,1768527264833324;0;0;0;0;0;0;
3;0;0,0984149265532892;0,12544924490215692;0;0;0;0;0;0;
4;0;0,0682327736720012;0,15568358558363116;0;0;0;0;0;0;
5;0;0,10435519340811084;0,1451982282376818;0;0;0;0;0;0;
6;0;0,11687283289040806;0,12133741808416687;0;0;0;0;0;0;
7;0;0,08819552185673274;0,07668034711024063;0;0;0;0;0;0;
8;0;0,12296283454053025;0,16869192587658688;0;0;0;0;0;0;
9;0;0,1251080086166496;0,13989899369882153;0;0;0;0;0;0;
10;0;0,09380322590936885;0,22281905535790258;0;0;0;0;0;0;
11;0;0,08815815177273834;0,16472404738851054;0;0;0;0;0;0;
12;0;0,10717594323354973;0,206217263471018;0;0;0;0;0;0;
13;0;0,09714893146143311;0,1444539599472563;0;0;0;0;0;0;
14;0;0,09343615693236984;0,16699151128806022;0;0;0;0;0;0;
15;0;0,08437538174354131;0,15196654620093852;0;0;0;0;0;0;
16;0;0,10677976433871805;0,18274162906328684;0;0;0;0;0;0;
17;0;0,09058304455304267;0,1359419672587805;0;0;0;0;0;0;
18;0;0,09091631009428625;0,15610917215892783;0;0;0;0;0;0;
19;0;0,08661966155469258;0,16203810359558446;0;0;0;0;0;0;
20;0;0,08208501102725307;0,1580490759985267;0;0;0;0;0;0;
21;0;0,11207838193674746;0,14353785753749548;0;0;0;0;0;0;
22;0;0,09447714485400383;0,12848555194368316;0;0;0;0;0;0;
23;0;0,10602260285161691;0,1320320012681151;0;0;0;0;0;0;
24;0;0,06715092423789315;0,07204245067892856;0;0;0;0;0;0;
25;0;0,08031867793989278;0,12986396830851277;0;0;0;0;0;0;
26;0;0,10605959366957052;0,14116093590111944;0;0;0;0;0;0;
27;0;0,1360806474955112;0,11361189199332244;0;0;0;0;0;0;
28;0;0,09512748820548467;0,13420367553063528;0;0;0;0;0;0;
29;0;0,10794472829827839;0,17548839485746726;0;0;0;0;0;0;
30;0;0,07690176736220877;0,13330960675297376;0;0;0;0;0;0;
31;0;0,15546867467598702;0,12049954539966734;0;0;0;0;0;0;
32;0;0,11089483761779206;0,17819230851149115;0;0;0;0;0;0;
33;0;0,1025347457678123;0,16960857667393014;0;0;0;0;0;0;
34;0;0,08922301073799588;0,09930714807817509;0;0;0;0;0;0;
35;0;0,12118159910795612;0,1448629813166633;0;0;0;0;0;0;
36;0;0,13046139074567265;0,07410932632365075;0;0;0;0;0;0;
37;0;0,05001485341922063;0,10946538931026595;0;7,105427357601002E-15;0;0;0;0;
38;0;0,10150836366795346;0,12678963827175949;0;0;0;0;0;0;
39;0;0,08432643706899512;0,16699985869097844;0;0;0;0;0;0;
40;0;0,11997189763683735;0,12738859429800442;0;0;0;0;0;0;
41;0;0,10607415479466198;0,1562239413370179;0;0;0;0;0;0;
42;0;0,10493340882862867;0,18450900922177738;0;0;0;0;0;0;
43;0;0,09639313347537382;0,18652039604172188;0;0;0;0;0;0;
44;0;0,12083541783125185;0,219486930898249;0;0;0;0;0;0;
45;0;0,10443653631894989;0,15033397355174571;0;0;0;0;0;0;
46;0;0,1102525177673499;0,11616048834773807;0;0;0;0;0;0;
47;0;0,06615866894950528;0,20291244509972728;0;0;0;0;0;0;
48;0;0,07275590936194476;0,12437495635443696;0;0;0;0;0;0;
49;0;0,10556581269606369;0,213727452145406;0;0;0;0;0;0;
50;0;0,12834564829186945;0,17776516671559506;0;0;0;0;0;0;






============================================================================
Função: Rosenbrock
============================================================================
parameter;GEOreal1_O;GEOreal1_P;GEOreal1_N;GEOreal2_O_OI;GEOreal2_P_OI;GEOreal2_N_OI;GEOreal2_O_DS;GEOreal2_P_DS;GEOreal2_N_DS;
meanNFE;100001;100001;100001;100000;100000;100000;100001;100000;100012;
meanFX;0,007706717599259706;1,4247221574683555E-06;7,305897480738248E-05;4,997402947207483E-05;1,5700163129948947E-08;5,021875571354896E-06;0,000444884000968464;9,573054033349492E-09;2,8820384654610135E-06;
sdFX;0,008048270402399854;1,5200623642927576E-06;7,035140195149302E-05;6,499452001772065E-05;1,7924290062458077E-08;4,639575056191562E-06;0,0019489827035922198;1,2665228410351308E-08;6,488503464481102E-06;
==========================================================
===> f(x) médio para cada NFE:
NFE;GEOreal1_O;GEOreal1_P;GEOreal1_N;GEOreal2_O_OI;GEOreal2_P_OI;GEOreal2_N_OI;GEOreal2_O_DS;GEOreal2_P_DS;GEOreal2_N_DS;
500;1,2921886888837306;5,736052596620766;0,46423846453963713;0,5193536318172532;290,532449840249;1,01979734754771;0,3440741926896916;328,9119777426165;0,9508316884653921;
1000;0,47288381727015455;0,4393943632827623;0,13804866219984477;0,30135865363641434;179,32892748189118;0,812076497123088;0,29081419805529635;232,29700048519848;0,421904527406424;
1500;0,40691510406318626;0,27924602211688493;0,10465513317933596;0,15194986158928925;106,40695507668053;0,7183184745592501;0,2617678030317979;159,04917482060796;0,3723682818408289;
2000;0,140545289681541;0,16142916923825282;0,09623970188156396;0,12323052806244339;63,74462526227278;0,6260058110425306;0,1495883006161817;107,6820174361719;0,25707251253073726;
2500;0,13566555050921272;0,11987088314924543;0,0900562373424984;0,1015782994691202;37,42782677883098;0,4602338148466111;0,1335238433033515;70,52949611231843;0,1457482818080277;
3000;0,11713807733826995;0,09187058491265476;0,08855876075908312;0,08009433787323843;21,225624264109157;0,3865232833826608;0,11989925069273465;46,11057648654979;0,1276910173481609;
3500;0,10666252938795198;0,06258555772241306;0,011765541671725494;0,06658677384768416;11,45917479712765;0,3539643294705894;0,1092631727633325;30,187742924535073;0,0816159808678759;
4000;0,09898921146772068;0,017013491100899822;0,00583900849589382;0,05757163216399949;5,773628010582343;0,335771265226248;0,09987284864091191;18,841251854371;0,07218338613576356;
4500;0,09623780994786166;0,006302468449235472;0,004526581994694696;0,05106762629752981;2,86017893108157;0,31378379624238595;0,09209600602620797;11,607908934204854;0,06225204485500924;
5000;0,09135885469521382;0,0037023224843345075;0,003782371184752773;0,044222672524864996;1,2737721603762173;0,19639106818980448;0,0857168226512267;6,9767315407455355;0,05475994164014859;
6000;0,07048048835184803;0,0015839070919834895;0,0024320078051345965;0,03461311194268275;0,41956382280812676;0,16857465622184153;0,07510955066307322;2,4904255851658887;0,044158996062836554;
7000;0,06403675209805555;0,0007629140248906881;0,0016832736970342653;0,029771892499785152;0,26399674321467353;0,1371278187167005;0,06547947717034601;0,8016203935704981;0,03798607448639694;
8000;0,05578161952675249;0,000736646871108664;0,0014261731159284634;0,02320801349220538;0,1725242386646516;0,023296585836812787;0,057695910582522575;0,3497928504603186;0,033618956528400044;
9000;0,04989644662756718;0,0006058238775472751;0,0013579551862879353;0,015627670393458457;0,11494667803606838;0,014338140947578806;0,05176023397920784;0,22957272884622687;0,031008215586857246;
10000;0,0423718451994339;0,00046279898643647335;0,0011660688246578905;0,013320379751812909;0,07536243467802203;0,01155219561050108;0,045912606172649265;0,15566154241461463;0,027482959867639028;
12000;0,03573974680473401;8,15802294667978E-05;0,0009628301557548002;0,011264800385101786;0,03370932744339444;0,010444428901627317;0,03730818908875485;0,07632123973976036;0,021342183331972086;
14000;0,03214723652080627;6,521779469985804E-05;0,0008176841929637012;0,007676413087328392;0,01976599711603847;0,008674930087650605;0,03137246498808811;0,03796945369130686;0,01780350082383155;
16000;0,03046381151270469;6,172164420832003E-05;0,0006987877647662999;0,005936169950441949;0,012695683421605534;0,0021773716199340954;0,0256575757959512;0,019902752366806033;0,012792320567524324;
18000;0,026514427529062034;1,6879899333633384E-05;0,0006477590228514105;0,004145438664785431;0,00829930966253066;0,001495894627989327;0,021395218793506223;0,012064165828464722;0,009502176682766142;
20000;0,02483020914156565;1,2095896997716623E-05;0,0005407543968285141;0,003072289355932829;0,005833502377544772;0,0013531750563936045;0,017952394419967502;0,007813057057125102;0,00835828915033911;
25000;0,023305393553745203;6,717420174081193E-06;0,0004146358317707107;0,0010946995795978285;0,002337019989159223;0,00044256248960120286;0,01289440700239891;0,0028185822868261904;0,005129204142058463;
30000;0,02001103163318109;4,496596758725141E-06;0,00030863008674127443;0,0010813983072234074;0,0009740987612468078;7,779049819417133E-05;0,009406136108391536;0,001076005559386961;0,0030051257673952554;
35000;0,01818030569862801;4,336569113538633E-06;0,00027018061374110776;0,0007755966549264462;0,0004681370366598533;7,053466511708619E-05;0,007231949656107319;0,00044708097437756565;0,0019437093708568917;
40000;0,016605875589732356;3,947870084746695E-06;0,00023694426518657206;0,000684685359149627;0,00023900704422782532;3,4918276706552216E-05;0,004932395968303056;0,00018356527757386378;0,0015374779558276171;
45000;0,01630335138244296;3,4468363402619647E-06;0,00019495046576245974;0,00038672421648068447;0,0001013185693584113;2,903392152894267E-05;0,003470173836760715;6,30072022776556E-05;0,0012564050099688625;
50000;0,013757562471998764;3,375089500993942E-06;0,00015318967475947453;0,00022005493954275747;2,7833112248485527E-05;2,623898788584794E-05;0,0026699289699094754;2,526409177011547E-05;0,0011527838979569144;
55000;0,012913183894823231;3,0708667752958275E-06;0,0001387768173255794;0,000214533467712817;6,414415344594045E-06;2,3346698453117828E-05;0,0019573043391982086;1,0962441334119447E-05;0,0010120545791932126;
60000;0,0125308020501651;2,916877662804546E-06;0,00013086359667437736;0,00020260421302778636;1,830534441599659E-06;1,390484046624669E-05;0,0015275040886545547;6,1581593680082964E-06;0,0008544538503314738;
65000;0,011963820228868162;2,3323126168998206E-06;0,00011434404909153797;0,0002009989412879848;1,1490715774505125E-06;1,2584550723051466E-05;0,0013337226777889203;3,1147297014311568E-06;0,0008110449819165701;
70000;0,011422244236546248;1,979802770829478E-06;9,643553430390632E-05;0,00019359713429568582;2,304048457437544E-07;1,2473682538919217E-05;0,0010828860164940946;2,9099698903505996E-06;0,0006245424549161109;
75000;0,010983550564993543;1,9310741430594278E-06;9,519744754566049E-05;0,00017414709660004856;1,2303211561938634E-07;1,1126005553057314E-05;0,0007976460989952321;2,742023000251906E-07;0,0003724785280075243;
80000;0,010526720067160546;1,7144074355189617E-06;9,385222095750455E-05;0,000147477205336079;1,1979371079628726E-07;1,0838726650663508E-05;0,0006300577782841349;1,6390478985788303E-07;0,00020373427042714003;
85000;0,00910268726555915;1,5445501270485676E-06;8,396214050149524E-05;7,183029530124654E-05;2,0744483962020858E-08;9,990719232063627E-06;0,0006113180620003839;1,6390478985788303E-07;6,466331528438521E-06;
90000;0,00899071352932999;1,4443896577837957E-06;8,098317749709595E-05;6,165909702149418E-05;1,7139612826578506E-08;9,233326557568961E-06;0,0005940579055692172;1,3381406468256078E-07;3,6687627375011646E-06;
95000;0,00836533489092257;1,4257214068086307E-06;7,392824145228262E-05;5,577749716096557E-05;1,6027306377961513E-08;7,97189524741811E-06;0,00047742411450735927;1,11504175826263E-08;3,226917904188916E-06;
100000;0,007706717599259706;1,4247221574683555E-06;7,305897480738248E-05;4,997402947207483E-05;1,5700163129948947E-08;5,021875571354896E-06;0,000444884000968464;9,573054033349492E-09;2,8820384654610135E-06;

==========================================================
===> Melhores f(x) para cada execução:
execucao;GEOreal1_O;GEOreal1_P;GEOreal1_N;GEOreal2_O_OI;GEOreal2_P_OI;GEOreal2_N_OI;GEOreal2_O_DS;GEOreal2_P_DS;GEOreal2_N_DS;
1;0,001064138691138073;2,2506404946623526E-07;8,516683781764781E-05;0,00010650337027261874;3,9197577361578796E-08;4,8543466414606E-06;5,4729441631682826E-08;5,461117783558451E-10;2,90105205552751E-07;
2;0,03290726003725504;4,1202586284638315E-06;4,6539851764530004E-05;1,1632944388680972E-05;5,167226145364975E-09;3,5465708427402775E-06;3,189339236812336E-07;2,0404546997309113E-09;6,038666908990641E-07;
3;0,008245687000538841;3,9013341201659343E-07;3,360611833628931E-05;5,9761304088645594E-05;3,27721953327416E-10;8,068959414765778E-06;3,468110122150113E-07;1,2038007357153977E-08;9,687383608742864E-07;
4;0,0035646875138548107;9,463625052538402E-07;1,3563571870585976E-05;4,062108596594072E-05;9,134080280509386E-09;7,368043299758938E-06;4,859634895498207E-08;1,490963854517414E-08;1,4938439535639102E-06;
5;0,007165102310935407;7,892243685438921E-07;0,00038241135276870756;1,512730289421385E-05;1,0552670593597196E-08;5,892150826295907E-07;0,0035063118872109035;6,5992694327470456E-09;3,3802324249387075E-06;
6;0,013648681398853273;1,1162426116800253E-07;4,662103972721773E-05;1,1144991610542866E-05;1,0406617564243006E-08;1,7229502226519616E-05;1,5012875907374243E-07;2,6229584361106934E-09;1,30470614545409E-06;
7;0,007916182315372802;7,581912899107748E-07;3,653975204175361E-05;1,2911079362745656E-05;4,0673155774313735E-09;3,6539326996402987E-07;4,251854288318726E-05;9,147068730539289E-10;1,5427715570011448E-07;
8;0,0039182639749303074;1,0553903465062609E-07;0,00019961740309258158;7,207983638444443E-07;1,7677976393967534E-08;6,762883394890723E-06;1,1124095655087072E-05;1,6331667387386085E-08;7,178278176038128E-06;
9;0,002331220863256731;3,7027386949109805E-07;2,652746393665409E-05;8,504262207832607E-06;9,65151528411565E-10;1,5038702113124918E-06;4,730306248988595E-07;6,203030217853679E-09;4,4995750706105595E-05;
10;0,009312296026889514;5,079162749439894E-06;7,662204678977438E-05;0,00014224625861457703;5,366332635457917E-09;6,71399731424495E-06;3,794519924768967E-07;1,1608086586708017E-09;2,278916416276977E-06;
11;0,0010585408396561863;3,5487085219776483E-06;0,00011087247066712195;6,030744053968387E-05;2,1026169804749008E-10;5,3783341332676665E-06;0,0005781154965519481;1,0983244097879996E-08;1,485533471454545E-07;
12;0,0010885539844138802;2,3463621288569017E-06;7,0833411040736E-05;2,5441157222915614E-06;1,0001792043792976E-08;7,132212547347572E-06;1,1825121506560065E-07;7,734836285686444E-09;7,629549634308435E-07;
13;0,024352883916129733;2,971531968184143E-06;6,961259447257945E-05;4,975698923042496E-06;5,980397346470044E-08;1,5198723745393525E-06;2,254111175810093E-07;6,1031180707155305E-09;3,447484280447773E-08;
14;0,0200307496263605;1,8558296029632214E-06;0,00018024422764347276;3,981554833310368E-05;6,2186884678522485E-09;3,2552225175059896E-06;9,255687435507256E-06;2,583185736119265E-09;4,0213057250704046E-07;
15;0,006498794572117058;7,530706020630608E-08;0,00023470357836956378;4,8461578571444175E-05;1,3443122204658945E-08;5,495082520395059E-07;1,6772540895046864E-07;2,8196611285003908E-08;6,831831839251195E-07;
16;0,003354192397756259;2,462790877180676E-06;5,815307179930131E-05;2,410346670478049E-05;2,4254201175251168E-09;5,218529463754227E-06;2,574203411153814E-07;7,241439468152187E-09;4,5761825869247445E-07;
17;0,006250240627955063;1,2349278173185524E-06;5,920605107918945E-05;9,70731457149503E-06;5,84483721701072E-10;5,6253236115225155E-06;1,5020015716049397E-08;1,550469948423205E-08;8,866458556299191E-07;
18;0,00030461847251003293;2,139963580903372E-06;1,1560470360874134E-05;2,108739628878767E-05;5,1478991658591676E-09;1,1049050061085455E-05;9,800860719156508E-07;1,835989757555881E-08;2,818837895568652E-07;
19;0,00028763711411702457;1,4150787158720579E-06;0,00012053969550921003;1,6961463286149328E-05;4,7818798618046876E-08;2,997638998632644E-06;7,491852601500022E-07;9,272374235674459E-09;2,497241769008323E-06;
20;0,01061674166662365;5,369671699507577E-07;1,3097391845684506E-05;0,00016856234431144543;2,0615786433502241E-10;3,2974484259917343E-06;2,468915079123012E-06;8,904087374577492E-09;9,654803936481499E-07;
21;0,00209844927236029;2,8336217359905055E-06;1,3671680658663554E-05;1,6363880504639827E-05;2,124466835268373E-09;5,72223526400647E-06;1,5251130222385008E-06;1,0398206235497779E-09;4,627927606423347E-07;
22;0,0040650426583225645;2,7275473994455793E-07;7,175987449083313E-05;3,403529899536053E-05;8,99995161755122E-08;1,508522258706196E-06;9,096785019692041E-08;1,3035702586246148E-08;1,4074547767343265E-06;
23;0,009153193017759971;1,2521074206488665E-06;7,590484688606709E-06;4,71809869526143E-06;3,0576723802463965E-09;8,649062324231426E-06;2,0081231314090105E-07;2,6063102519634835E-09;7,94342285563996E-06;
24;0,014179821907204758;6,897599436378266E-06;6,145780200367521E-05;3,3359662770055127E-07;2,20736435848031E-09;5,19723591976197E-06;1,3241172609965773E-06;9,435182307669193E-10;5,525294763323792E-07;
25;0,000530977612146991;6,434350850542066E-07;6,456762337628326E-05;7,432301068025577E-06;9,610558140905596E-09;1,1013259813519567E-06;5,160209717931607E-07;2,6829445075674684E-10;1,931353533735012E-06;
26;0,005144856655815084;3,4681477950737114E-07;2,673752642433337E-05;6,202098338506574E-05;2,135557167759293E-08;9,677441874489346E-06;2,3808122207632287E-07;3,9969625524835194E-09;6,803024252453672E-07;
27;0,009562736019721045;1,3375855350849653E-06;4,099170591814581E-05;1,5256931030231017E-05;2,0829880218771448E-08;5,337844853175336E-06;0,013088098092849105;2,0918081060037913E-09;1,927669832642453E-06;
28;0,026777259745348413;1,3279390296900138E-06;1,8258207456608475E-05;0,00013103861720125418;1,3240517064056223E-09;2,479448131409699E-06;3,2749701277358906E-08;5,5061958036177174E-08;6,960577738163864E-07;
29;0,00024123411479644427;1,0200733301481266E-06;3,14054199755315E-05;1,2719052488236884E-05;1,696698324404859E-08;3,6165338833288455E-06;2,1320670156108045E-06;2,271339851497575E-08;5,144938210272582E-06;
30;0,0028325581923106025;3,314154056119751E-07;0,00013742805310793676;1,1007093572392481E-05;2,9369714417565024E-08;2,8132725839174404E-06;3,978089131956385E-07;3,647003629067481E-08;1,1698122303617097E-06;
31;0,02193204405170295;5,121070024478868E-06;5,928855556137207E-05;5,71157214702993E-05;1,1428880014504467E-08;2,10921770996483E-05;1,668664150245555E-07;2,2241053429331026E-09;6,994577995889142E-07;
32;0,01741179467693797;2,0826829156487044E-08;2,735745406187557E-05;5,167119527612874E-05;3,162377336757239E-08;7,446925732359349E-07;0,003352839530587448;5,170356560457042E-09;9,887515472006986E-06;
33;0,0034867468367376846;1,6271918381368431E-06;7,676082980551876E-06;8,744178052492597E-05;4,2101370031004734E-08;2,275915233714957E-06;0,0004469107202955563;2,711417021752136E-09;3,1351974780282414E-06;
34;0,013472486997823536;1,2685659953286484E-07;1,1950763169990784E-05;3,0135690680363978E-05;1,4007162876181722E-09;3,450571794530686E-07;7,895981686864996E-07;4,6411663573123066E-10;1,1337602033736843E-06;
35;0,0005702592217618818;1,0844025212485892E-06;7,969463540965956E-06;2,571361032826203E-05;1,7232797929753584E-08;2,7937381061149928E-06;9,689402664086039E-08;2,942303294541604E-10;8,503564146938979E-07;
36;0,01589300330930765;2,0839413698164835E-06;3,786207143897013E-05;3,8722031436761166E-05;7,206667326790267E-09;3,490571807490514E-06;1,6950480486605517E-07;1,0989893744505353E-09;7,304716523078799E-06;
37;0,0036465203159140435;4,720450842005753E-08;1,9495729192547912E-05;5,69455186186033E-05;2,120092156241489E-09;9,856404504044967E-07;2,3872474340895567E-07;2,9182664158268518E-09;3,7959569966211013E-06;
38;0,0016376062370795747;4,911790419931558E-07;2,5173615820651527E-05;1,5808035018164006E-05;1,838651571099787E-08;2,036256481955783E-05;0,00058792749398606;6,873864405912376E-10;2,2042505045911183E-07;
39;0,00700804598660364;1,1188654950942341E-07;0,00016197689826697692;1,9699940716482328E-05;2,9395638196442595E-08;2,5344182872396063E-06;0,0005534396334128056;8,22229384378476E-10;1,9831235973654728E-06;
40;0,005343298424935295;6,256793424120281E-07;0,00011224762989043183;8,374605055830564E-05;9,24818590773052E-09;1,1937877266925041E-06;3,0505608359356305E-06;2,117095613251947E-09;1,5727822753893332E-06;
41;0,0016722456766284956;1,4455744289753105E-06;0,00016314837595927562;1,96933226592034E-05;4,4226276772208395E-09;3,3160347081946687E-06;3,482808033378121E-07;2,3265698588619627E-08;5,1355763860968355E-06;
42;0,00577130450882034;1,0767763235973825E-06;8,648050029232523E-05;7,537311172737961E-05;4,1287111654425507E-08;4,50220811088938E-06;5,038560838660834E-08;2,125064541352703E-09;1,767583461549539E-06;
43;0,027782603906348846;3,403546215928541E-07;4,153391658605136E-05;0,00014425521590024168;8,596910751002607E-09;1,1117980840168836E-05;2,946896911520724E-07;2,990796823196895E-08;9,686886449847606E-08;
44;0,0034545673871016506;3,9188450126860136E-06;0,00010943249481088589;1,8122805171608068E-05;2,5786084862124984E-08;3,7372363531980135E-06;5,556179504289785E-07;3,067582056891606E-09;4,472391561215182E-06;
45;0,00642211065769735;2,2952540257480405E-06;8,327077200843871E-05;0,000316828292113367;2,352557676997078E-09;1,3919713899757953E-06;1,6900129679001337E-07;1,0028617766664784E-08;5,23632013158083E-06;
46;0,0016158859912682485;1,5189360201360156E-07;6,229751922492475E-05;2,010181211354943E-05;3,89637546457883E-08;5,522647106808785E-06;1,7020182430499077E-08;1,0570480641293609E-10;4,815881429131186E-07;
47;0,002298343017879865;2,6542614852839415E-08;1,0048534798963103E-05;3,4977544938132054E-05;1,2750235444595296E-08;1,7018049920200195E-06;7,999203319320428E-07;1,5734197439278083E-08;1,3533644350275822E-06;
48;0,00014546996450823084;5,820602246804651E-07;9,423492929822249E-05;6,392045095382184E-06;3,3468755911161387E-09;7,51577738066668E-06;4,710947715141246E-05;5,434225992360954E-08;1,0754188351264484E-06;
49;0,003864265937017547;1,3469887226992699E-06;3,976574903139254E-05;1,830856350318464E-05;2,488835238674254E-08;1,8227610736676274E-06;4,230588274071485E-07;3,6828522070866423E-09;2,0841199611614237E-06;
50;0,003404674310460086;9,64931561989905E-07;0,00014183090540021714;0,0002770235671633629;6,8999623235729105E-09;5,517948170250478E-06;1,6783183467982046E-07;1,4066063433277267E-09;1,3018359610086853E-07;






============================================================================
Função: Schwefel
============================================================================
parameter;GEOreal1_O;GEOreal1_P;GEOreal1_N;GEOreal2_O_OI;GEOreal2_P_OI;GEOreal2_N_OI;GEOreal2_O_DS;GEOreal2_P_DS;GEOreal2_N_DS;
meanNFE;100001;100001;100001;100143;100068;100000;100068;100068;100000;
meanFX;96,03224118401505;135,2978215926475;1992,4372909011402;0,00012727566208923236;0,00012727566230751107;1996,78849762743;0,00012727566219837173;0,00012727566219837173;1760,9538276776332;
sdFX;48,54176867940192;103,79810847372781;346,17409195506673;4,500831521958328E-13;4,409896258812854E-13;347,5298727099102;4,589965551571806E-13;4,589965551571806E-13;325,635853717608;
==========================================================
===> f(x) médio para cada NFE:
NFE;GEOreal1_O;GEOreal1_P;GEOreal1_N;GEOreal2_O_OI;GEOreal2_P_OI;GEOreal2_N_OI;GEOreal2_O_DS;GEOreal2_P_DS;GEOreal2_N_DS;
500;951,8431468505415;1322,9843852596327;3747,5557870846465;1764,6055742106757;1266,0844788790646;3322,21712187359;1867,1509197446428;1766,8928203095975;3439,5629518868877;
1000;650,0294008889189;1002,6173311534038;3404,130049241835;1076,8517477011787;792,5305524524617;2708,527315144573;1225,460589265743;1254,7302726607484;3076,588534452398;
1500;521,557356797302;869,2028453540231;3096,221511256108;751,4410712863807;602,8231192565902;2310,7077530014417;920,084932672185;999,9124375547748;2825,425549982731;
2000;450,64296793831323;787,3147647898589;2816,462470716998;601,1453713018009;507,6178167766803;2097,664621012841;722,0287095241886;798,5175751372352;2627,6019772846603;
2500;417,78874715877885;738,4833828252544;2575,521219458677;475,46748840117283;436,7322621764763;2022,4872798311387;624,7646964036053;656,0660775956852;2485,4945889073365;
3000;402,1773020728394;716,5478040705965;2376,5540157317464;405,03586946750033;394,9258146805063;2002,299043751868;518,1762597118226;566,2314838958973;2388,1730370891482;
3500;374,2862391751667;690,3525881845579;2232,3334742469683;350,2610851351815;356,04946475571955;1997,0323272365035;457,3689461777586;509,1169817750084;2326,43469586596;
4000;367,3789541543733;677,120826468912;2131,361613034026;309,9012308194053;326,2056883520125;1996,816880431257;414,51891011627254;450,00469032364936;2275,073920128614;
4500;340,8153863375293;657,6625765880985;2074,055173867442;262,4535131943768;304,4342694311772;1996,8148162671164;382,91511052462977;408,0197925219158;2229,0685143370342;
5000;324,74826609190126;649,4188284327537;2036,1366865884922;233,48339718068212;287,5839956679625;1996,812874033381;352,23851373211824;350,4735461661818;2182,618321318217;
6000;308,76768320694623;630,7836487545824;2008,4466220409536;194,03771188320502;246,06064348189255;1996,810267241761;299,5909744712441;302,6970065312155;2123,9487196547716;
7000;285,2316987011723;613,895480542124;1996,588781856068;172,3795851132593;201,17946261818688;1996,8052464665418;257,51757211032464;253,58531753376127;2102,8273855940915;
8000;278,12027029953975;597,2428076371272;1992,7817194048473;145,62702614700606;172,36475027525208;1996,8027825003537;228,843322350771;239,52032494437154;2088,526766726272;
9000;261,17681911142887;572,1394906961303;1992,4656098242458;126,11772800722743;157,03161313311438;1996,8019382360599;200,84715912356793;207,27892775757317;2069,773190972043;
10000;250,4721850486871;560,2904812767817;1992,4592604279135;101,6035833733997;120,4392110568192;1996,8007686382336;179,6315103964216;175,22128853637588;2060,8748108108107;
12000;234,1301309210196;542,8434898116147;1992,4555266868556;70,95780823499025;84,31802357023761;1996,7991782314057;134,8456901741387;131,22419861617252;2032,3311620978254;
14000;225,15019191460368;516,0628769902004;1992,4529880150897;40,232338794722935;66,65854034398527;1996,7972398224251;112,56917179765922;92,91990669030962;2018,9480394930067;
16000;211,9349336426708;487,5049745430009;1992,4516686281247;31,024198673357485;47,46730788408428;1996,7964197860838;90,70558763118446;69,12064194362024;2004,7126216559168;
18000;203,56186847532825;473,30222602347095;1992,4490616877197;20,593596617859404;35,58259874264285;1996,7956671023878;73,13824774088161;47,92025036636917;1996,114306470108;
20000;188,02447429281455;450,14307579943;1992,4487658029288;11,929131453961245;23,93104705521195;1996,7945311686904;64,92391243396973;37,8917616539127;1984,1150201239998;
25000;176,444704206145;397,7636402151536;1992,4455189191206;3,318367400922516;7,128104642403314;1996,7936491355683;40,53804438548812;17,96623818575781;1959,2512750258152;
30000;162,15505850085555;369,9904062576667;1992,4441240285187;1,359401744480074;4,737660660636993;1996,7930740970262;19,195641781381156;9,777768809343106;1941,031011425472;
35000;144,57407981017428;353,8498629979905;1992,443600586198;0,00013582447081716964;0,00142264249649088;1996,7923368675213;12,148907910635735;4,469931973217199;1929,159151542367;
40000;139,2531786755187;313,2664743768019;1992,441890593458;0,00012727566248941003;0,0001272756625621696;1996,7922186648232;2,700696115711389;0,00013248117651528445;1903,7591957912111;
45000;133,3796947493162;279,2723281564101;1992,441601284761;0,00012727566236208076;0,0001272756625257898;1996,7915542450037;0,24529181511490605;0,00012727566247122012;1888,5857813955417;
50000;130,4746971935662;249,80908547593663;1992,441415618566;0,00012727566234389088;0,00012727566250759993;1996,7914263130715;0,24529181511485149;0,00012727566241665044;1881,2754860253635;
55000;122,78884045545479;233,20119102839325;1992,4411208553456;0,00012727566232570097;0,00012727566248941003;1996,7912779781107;0,0001273057310754666;0,00012727566239846056;1867,4421731483149;
60000;119,41063441556942;211,42927447594604;1992,4402310701962;0,00012727566230751107;0,00012727566248941003;1996,791121810121;0,00012727566241665044;0,00012727566239846056;1859,800493354319;
65000;118,14724049693477;195,01640421298669;1992,4396305848795;0,0001272756622893212;0,00012727566248941003;1996,7905513978849;0,00012727566239846056;0,00012727566238027066;1846,9523066690922;
70000;117,62414709544241;185,01857912449645;1992,4393439311555;0,0001272756622347515;0,00012727566245303025;1996,790387577084;0,00012727566238027066;0,00012727566234389088;1836,2662235673945;
75000;113,8908339645807;163,11764218026278;1992,438594486002;0,00012727566216199192;0,00012727566243484034;1996,7902707644448;0,00012727566234389088;0,00012727566230751107;1825,2876360498458;
80000;108,9794015211689;149,62516549084148;1992,4384132245664;0,00012727566214380205;0,00012727566238027066;1996,789996724689;0,0001272756622893212;0,0001272756622893212;1815,8010709417704;
85000;103,11401061003626;146,63580297431193;1992,4378873883904;0,00012727566214380205;0,00012727566238027066;1996,7897151316213;0,0001272756622711313;0,0001272756622893212;1800,1839263721129;
90000;101,33057480606136;145,86930889467584;1992,4375664160927;0,00012727566212561214;0,00012727566238027066;1996,789408065942;0,00012727566225294141;0,0001272756622893212;1781,9274718220329;
95000;98,69290625957746;141,33418961248788;1992,437414616864;0,00012727566210742224;0,00012727566234389088;1996,788720779407;0,0001272756622165616;0,00012727566225294141;1773,9245366919733;
100000;96,03224118401505;135,2978215926475;1992,4372909011402;0,00012727566208923236;0,00012727566230751107;1996,78849762743;0,00012727566219837173;0,00012727566219837173;1760,9538276776332;

==========================================================
===> Melhores f(x) para cada execução:
execucao;GEOreal1_O;GEOreal1_P;GEOreal1_N;GEOreal2_O_OI;GEOreal2_P_OI;GEOreal2_N_OI;GEOreal2_O_DS;GEOreal2_P_DS;GEOreal2_N_DS;
1;120,50368937295343;402,3401647304181;1776,7599013732365;0,00012727566263492918;0,00012727566263492918;1776,7637640760604;0,00012727566172543447;0,00012727566263492918;1534,063449092081;
2;181,77937397198866;262,7193138864195;1993,8562905066137;0,00012727566172543447;0,00012727566172543447;1993,857623039351;0,00012727566172543447;0,00012727566263492918;1823,9909407561404;
3;77,35792010250134;32,6377951411223;1783,6635242861303;0,00012727566172543447;0,00012727566263492918;2000,7992107010953;0,00012727566263492918;0,00012727566263492918;1725,135141900467;
4;66,80248157776441;163,27243190219542;1638,4720484727427;0,00012727566172543447;0,00012727566263492918;1638,465206389857;0,00012727566263492918;0,00012727566263492918;1658,45816230044;
5;96,21637034794958;150,8338307883696;2323,7064083567543;0,00012727566172543447;0,00012727566172543447;2323,698072040333;0,00012727566172543447;0,00012727566172543447;2179,2001955675014;
6;62,2955131161807;138,88397371640167;1875,4680298680605;0,00012727566263492918;0,00012727566263492918;1737,2566121157392;0,00012727566172543447;0,00012727566263492918;1510,692283316187;
7;31,676177660741814;149,70369619562734;1934,7907515990669;0,00012727566263492918;0,00012727566263492918;1717,6474082667628;0,00012727566172543447;0,00012727566172543447;1473,7085942144217;
8;22,060332927083437;158,99028143909572;1474,6638627956884;0,00012727566263492918;0,00012727566263492918;1474,6560463290534;0,00012727566263492918;0,00012727566263492918;1233,2994096910174;
9;52,260180100873185;273,5611327326119;1796,5814664155496;0,00012727566263492918;0,00012727566172543447;1796,5792405946304;0,00012727566263492918;0,00012727566172543447;1596,5401878863613;
10;134,08252944139304;37,22356110810506;2198,33472182439;0,00012727566263492918;0,00012727566263492918;2198,3319461181704;0,00012727566263492918;0,00012727566172543447;1747,9803598951983;
11;86,405255709029;145,76102862196012;1974,1218948475162;0,00012727566263492918;0,00012727566263492918;1974,1229305652041;0,00012727566172543447;0,00012727566263492918;1599,5241558723337;
12;81,08892766903864;26,913493003726217;1842,9744067670922;0,00012727566172543447;0,00012727566263492918;1842,9770350456638;0,00012727566172543447;0,00012727566172543447;1656,5171885291961;
13;108,65451566256525;272,7457757865668;2099,593490949662;0,00012727566263492918;0,00012727566263492918;2099,5894229525566;0,00012727566172543447;0,00012727566172543447;2242,6610033606657;
14;178,6787622138504;14,507366159476078;1948,9445037695314;0,00012727566263492918;0,00012727566172543447;1948,9478180340093;0,00012727566263492918;0,00012727566172543447;1297,0528985015976;
15;164,99282688447602;152,3921041095805;2632,6520063342773;0,00012727566172543447;0,00012727566172543447;2692,339649554788;0,00012727566263492918;0,00012727566263492918;2333,15098907861;
16;32,37846023765542;84,00754699107347;1381,8572844640244;0,00012727566172543447;0,00012727566263492918;1243,64622733245;0,00012727566263492918;0,00012727566172543447;1264,628908423715;
17;99,92884291910605;380,2430930873711;2021,1519829616238;0,00012727566172543447;0,00012727566172543447;1922,3561159174997;0,00012727566172543447;0,00012727566263492918;1495,284934366652;
18;11,624129232087398;255,87445073209574;1875,8713889511223;0,00012727566172543447;0,00012727566172543447;1875,8652784540827;0,00012727566172543447;0,00012727566172543447;1675,7206778326163;
19;112,18945447380793;390,97587046479975;1756,987907298173;0,00012727566263492918;0,00012727566263492918;1756,9809874674984;0,00012727566263492918;0,00012727566172543447;1713,2171552339191;
20;92,62116947263712;274,1707058199663;2138,9270087479167;0,00012727566172543447;0,00012727566263492918;2138,9152443729067;0,00012727566263492918;0,00012727566172543447;1939,044575400676;
21;93,07345891694149;49,30958057961925;1902,1989948930852;0,00012727566172543447;0,00012727566172543447;1902,1817969963665;0,00012727566172543447;0,00012727566263492918;1496,509601271471;
22;73,0535450577936;52,29037296300885;1928,811572345406;0,00012727566263492918;0,00012727566172543447;1928,811841462277;0,00012727566172543447;0,00012727566263492918;1682,5619068442747;
23;153,0286393295546;23,616773705875858;1934,628330795441;0,00012727566172543447;0,00012727566263492918;1934,621724090201;0,00012727566263492918;0,00012727566263492918;1893,5554803332416;
24;79,88432844738145;152,9471233229483;1875,4682511367832;0,00012727566172543447;0,00012727566172543447;1875,460627232345;0,00012727566172543447;0,00012727566172543447;1832,0589840858302;
25;160,10373037242607;264,5975432172586;2000,8463895940142;0,00012727566172543447;0,00012727566263492918;2000,840781050345;0,00012727566263492918;0,00012727566263492918;1442,2361198537385;
26;90,20170344409053;134,4627807701345;1882,4518136161355;0,00012727566172543447;0,00012727566172543447;1882,4563387455355;0,00012727566263492918;0,00012727566263492918;1584,9989830971372;
27;100,10558579305552;139,35295038853246;1796,582312333977;0,00012727566172543447;0,00012727566263492918;1796,5715442224637;0,00012727566263492918;0,00012727566263492918;1672,3902971708458;
28;163,66653927208063;163,3228421451422;1783,5771870115384;0,00012727566263492918;0,00012727566263492918;1783,5648781775578;0,00012727566263492918;0,00012727566263492918;1862,0070071402672;
29;72,62742654189606;165,49452601962685;2935,7821102294683;0,00012727566172543447;0,00012727566172543447;2935,782159925498;0,00012727566263492918;0,00012727566172543447;2246,24373920553;
30;111,43252625999048;141,83212054448222;1388,784070096569;0,00012727566172543447;0,00012727566263492918;1388,7832021949066;0,00012727566172543447;0,00012727566172543447;1442,0044226488699;
31;26,86590228256773;39,50399009490502;2507,140604166604;0,00012727566172543447;0,00012727566263492918;2507,1323929968657;0,00012727566172543447;0,00012727566172543447;2174,964890613456;
32;89,1662087617733;32,665736118453424;1283,207569060562;0,00012727566172543447;0,00012727566263492918;1283,2028526144531;0,00012727566263492918;0,00012727566172543447;1094,2091314794334;
33;35,0913614234496;23,911292205653808;2297,492306916652;0,00012727566172543447;0,00012727566263492918;2297,48460659196;0,00012727566263492918;0,00012727566263492918;2067,6307165155367;
34;96,05682358809372;147,35729014950402;2021,0569118907388;0,00012727566263492918;0,00012727566263492918;2021,0561316909666;0,00012727566172543447;0,00012727566172543447;1428,3568017476605;
35;165,2516763175945;35,036092287656174;2093,10364415511;0,00012727566263492918;0,00012727566263492918;2093,0959171419445;0,00012727566263492918;0,00012727566263492918;1644,5909970758053;
36;74,44937541725085;34,9958361882409;2021,5525720098651;0,00012727566263492918;0,00012727566172543447;2021,5510209639203;0,00012727566172543447;0,00012727566172543447;2092,450709879999;
37;105,29377030901469;50,857608774145774;2679,465293414864;0,00012727566263492918;0,00012727566263492918;2679,4627191309214;0,00012727566172543447;0,00012727566263492918;2459,129186407126;
38;61,31018422154648;20,463009792527373;2027,6042835551473;0,00012727566172543447;0,00012727566172543447;2027,5944296284727;0,00012727566263492918;0,00012727566172543447;1624,442518571464;
39;112,03498998786563;40,40110745327547;2132,4681799969344;0,00012727566172543447;0,00012727566172543447;2132,461949636136;0,00012727566172543447;0,00012727566263492918;2101,3276391906497;
40;101,61994779674933;23,06392023783974;1415,434810021425;0,00012727566172543447;0,00012727566263492918;1632,5653247158386;0,00012727566172543447;0,00012727566172543447;1378,0305018381418;
41;194,0296506619502;155,04216999418213;2218,878755022863;0,00012727566263492918;0,00012727566263492918;2218,875394021549;0,00012727566263492918;0,00012727566263492918;1644,1853839674695;
42;55,367254311007855;36,78046713430285;2086,6158489872537;0,00012727566172543447;0,00012727566263492918;2086,6172828633935;0,00012727566263492918;0,00012727566172543447;2033,3586049648866;
43;181,5578748131843;167,93401073056611;2073,6980059035286;0,00012727566172543447;0,00012727566172543447;2073,696319285758;0,00012727566172543447;0,00012727566263492918;1870,5429390627373;
44;41,04784986123104;29,347996966222127;1783,6683427286014;0,00012727566172543447;0,00012727566263492918;1862,5405191767024;0,00012727566263492918;0,00012727566263492918;2066,781671443597;
45;42,377452224462104;140,78376541680746;2758,8953153275866;0,00012727566172543447;0,00012727566263492918;2779,0190201329196;0,00012727566172543447;0,00012727566263492918;2144,559053814904;
46;43,13363063820907;14,630278152350002;1797,9525782036949;0,00012727566263492918;0,00012727566263492918;1797,959342690721;0,00012727566263492918;0,00012727566172543447;1357,3162015874661;
47;182,60418552043893;139,77461775313623;2192,1636467637336;0,00012727566172543447;0,00012727566172543447;2192,151132398847;0,00012727566172543447;0,00012727566172543447;2094,281819036517;
48;136,68201025764665;190,74294850688784;2494,3082463853502;0,00012727566263492918;0,00012727566263492918;2494,305192372901;0,00012727566263492918;0,00012727566172543447;1988,3567255293808;
49;107,22576972716752;142,28972537307163;1639,4456596250443;0,00012727566172543447;0,00012727566263492918;1856,5715524475795;0,00012727566263492918;0,00012727566263492918;1586,9017249719104;
50;39,6717445506556;244,32498622903313;2199,202058279878;0,00012727566263492918;0,00012727566172543447;2199,2110474044152;0,00012727566172543447;0,00012727566263492918;2341,8364133125133;






============================================================================
Função: Ackley
============================================================================
parameter;GEOreal1_O;GEOreal1_P;GEOreal1_N;GEOreal2_O_OI;GEOreal2_P_OI;GEOreal2_N_OI;GEOreal2_O_DS;GEOreal2_P_DS;GEOreal2_N_DS;
meanNFE;100021;100021;100021;100068;100359;100359;100068;100359;100049;
meanFX;4,973799150320702E-16;0,07040760784310493;0,06737147558907892;0;9,800668010484516E-10;1,057046432606512E-09;0;2,0938500711054075E-10;7,24043047739542E-14;
sdFX;1,2452610773787336E-15;0,005676639680651922;0,006602851463079944;0;2,345066649495876E-10;8,511511794068877E-10;0;3,654180872154207E-11;2,148347399229847E-14;
==========================================================
===> f(x) médio para cada NFE:
NFE;GEOreal1_O;GEOreal1_P;GEOreal1_N;GEOreal2_O_OI;GEOreal2_P_OI;GEOreal2_N_OI;GEOreal2_O_DS;GEOreal2_P_DS;GEOreal2_N_DS;
500;19,948490640073775;19,927114540862508;19,905359826580547;10,236247531807097;19,893264847821047;20,00769718138106;13,390194905691565;20,2170980202719;20,186056746622807;
1000;18,139108629769456;19,512775486550943;19,509878123197396;2,95881024560597;19,35185254542718;19,596951357572507;5,075699835698614;19,771370007557163;19,70426531455506;
1500;15,87539532841887;19,40240823874456;19,40201052471259;0,6976190664979172;18,898248656536662;19,365022768884135;2,170030383855918;19,41676705729448;19,40529632133462;
2000;13,202691683785314;19,349124902116806;19,35025158618929;0,08279052422542968;18,620064102413423;19,30630584976902;0,9810557651715436;19,307793468886747;19,205651683006273;
2500;10,562157970202726;19,310881345944825;19,316259468365057;0,013299957497468142;18,30229480362093;19,262487232283362;0,1652455001489453;19,22648681989771;19,0380792516978;
3000;8,29552337369528;19,2760710912741;19,284541553531657;0,0003262245371849559;17,3322700171772;19,204175341056487;0,013061973635080833;19,135635708683427;18,902458005552116;
3500;6,600712586352227;19,244954375921186;19,24666753578306;6,808005003335893E-06;16,5656480655958;19,173839503096357;0,0017030929607007295;19,086674981683686;18,73911269076471;
4000;5,155646484679346;19,207831194562388;19,211156945338804;2,4602189704125974E-07;15,048081922476879;19,125154404200515;0,00013241982250647766;19,02023221016817;18,577690028628453;
4500;4,025798263686376;19,16524055563651;19,167212150036875;2,123100550477375E-08;13,858367015331872;19,09053835053546;1,641352764821136E-05;18,9594362152958;18,395186555452202;
5000;3,0438739375663615;19,130983319790282;19,1272926086857;1,4944731674404465E-09;12,436433178068851;19,057118534191268;1,9019558403954306E-06;18,89945694160341;18,154125731672256;
6000;1,6618153796010524;19,038681749108633;19,040432359006886;5,203943942433398E-12;8,375481950554784;18,968136413693184;1,523373661882488E-08;18,73371004395319;17,66114582868971;
7000;0,6952072931905792;18,92850562778135;18,934320893565094;1,4850343177386093E-14;5,226005227363125;18,866056782541293;1,6280097270282568E-10;18,569822336723107;16,987120649562158;
8000;0,19321643412800468;18,799732832585317;18,814480286321892;4,7606363295926715E-15;3,1966864278864624;18,746066942526774;1,0609113587634056E-12;18,302517140645172;15,998826844384707;
9000;0,05704611919377882;18,65663002975133;18,6705487997881;2,6290081223123707E-15;2,152855957335277;18,6338783913868;3,1761260288476477E-14;18,028381373217584;14,696876070465056;
10000;0,017830441440749637;18,49510660246965;18,50101707860142;1,6342482922482305E-15;1,2665682070592807;18,465740136520168;6,0396132539608514E-15;17,58450203638305;13,366814632061603;
12000;0,0030910522551803863;18,064361755869335;18,05104443153992;7,105427357601002E-17;0,2543027521977171;18,002941867948138;1,9895196601282807E-15;16,24086930477942;10,38862099085854;
14000;0,0004126248934916532;17,469890543919487;17,411967217632743;0;0,05200112592013717;17,322271261356793;4,263256414560601E-16;14,47943739803814;7,144911591379573;
16000;6,779555566282624E-05;16,54869310881565;16,44838345955304;0;0,006641235295485615;16,104463170911895;1,4210854715202004E-16;11,911250545296921;4,783511688973768;
18000;1,2317870501590278E-05;15,18086810837042;14,958546943482004;0;0,000960873768100825;14,651889183823457;0;9,170573941314824;3,207190735773174;
20000;1,9681252012304638E-06;13,087063527646638;12,736143518624308;0;0,0003236238455983909;12,493541392244346;0;6,370240089710335;2,307535322394612;
25000;1,95537248259825E-08;6,031878336094511;5,415223121576849;0;1,8532194685789704E-05;6,218175979730879;0;2,201386158230856;0,6130026102510188;
30000;2,7721398510038854E-10;1,1272320771196744;0,9900051054465484;0;1,0199175422798134E-06;1,4696640618746393;0;0,6542098846871701;0,07746673160609496;
35000;2,241051788587356E-12;0,0906964028556348;0,09056727957915321;0;3,884435905376904E-08;0,12316774635428253;0;0,11928193831860107;0,002954810504047032;
40000;4,3129944060638083E-14;0,0821334286391432;0,08255954915261107;0;1,4085184218970425E-08;0,0005881181993784424;0;0,0035045317016340503;0,00010924217325808172;
45000;1,3713474800169933E-14;0,07838455901747146;0,07789399111862956;0;9,018880646749495E-09;1,1080412927881867E-05;0;0,00024028788469493634;4,213112078872427E-06;
50000;7,460698725481052E-15;0,07735015613617023;0,07479644069391711;0;2,0169449754803283E-09;2,4384548034106503E-07;0;6,573509392637788E-07;3,9097547762878546E-07;
55000;5,115907697472721E-15;0,07596411894686149;0,07412647887839881;0;1,5911529516188238E-09;4,12356297374572E-08;0;4,7289373128478474E-09;1,0345999470473543E-08;
60000;3,836930773104541E-15;0,07500197131073855;0,0728545269310122;0;1,4575090290236403E-09;1,958237021426612E-08;0;5,64147057957598E-10;9,379640175666282E-11;
65000;3,623767952376511E-15;0,07374242210600677;0,07178962738364056;0;1,269856184649143E-09;8,986181327941268E-09;0;3,0521555061113756E-10;2,1741186628787547E-12;
70000;3,0553337637684308E-15;0,07340071742480106;0,07126992186058828;0;1,1761947860122746E-09;2,9819814528764256E-09;0;2,648453545361917E-10;6,299671895249048E-13;
75000;2,3447910280083307E-15;0,07258060871441345;0,0707310948325788;0;1,1394701004974195E-09;2,2040018876623435E-09;0;2,5076047904804E-10;3,4006575333478394E-13;
80000;1,9184653865522706E-15;0,07223560926323863;0,06999675626293893;0;1,096442971970646E-09;1,948049686006925E-09;0;2,426997269822095E-10;1,482192146795569E-13;
85000;1,4921397450962103E-15;0,07155528165748642;0,06945090749042869;0;1,026748606136607E-09;1,5633451511121165E-09;0;2,3116577096971013E-10;8,597567102697212E-14;
90000;1,2079226507921704E-15;0,07135250683115033;0,06885860832984413;0;9,925339838900981E-10;1,1946038114274416E-09;0;2,2063197491206664E-10;7,815970093361102E-14;
95000;8,526512829121202E-16;0,07074212225651622;0,06825257514434035;0;9,865640038242419E-10;1,1046447667695247E-09;0;2,1470277999924292E-10;7,403855306620244E-14;
100000;4,973799150320702E-16;0,07040760784310493;0,06737147558907892;0;9,800668010484516E-10;1,0597616295626722E-09;0;2,0959731727998588E-10;7,268852186825825E-14;

==========================================================
===> Melhores f(x) para cada execução:
execucao;GEOreal1_O;GEOreal1_P;GEOreal1_N;GEOreal2_O_OI;GEOreal2_P_OI;GEOreal2_N_OI;GEOreal2_O_DS;GEOreal2_P_DS;GEOreal2_N_DS;
1;0;0,05699917998882853;0,06699883437229914;0;1,173184216440859E-09;5,634284150346502E-10;0;1,5334933323174482E-10;7,815970093361102E-14;
2;3,552713678800501E-15;0,06490848933851012;0,07068798054509173;0;9,53484402543836E-10;4,561861999263783E-10;0;2,0244428355908894E-10;4,618527782440651E-14;
3;0;0,07629422065478408;0,06985535535497078;0;8,220446545692539E-10;1,3186891578698123E-09;0;1,7925216866387927E-10;4,618527782440651E-14;
4;0;0,07203927649426234;0,06662164873612397;0;1,3849259516973689E-09;5,067285258064658E-09;0;1,794511206298921E-10;6,394884621840902E-14;
5;0;0,07290371329388279;0,05856420383572214;0;1,0824976470757974E-09;6,262936835810251E-10;0;2,1235635472294234E-10;1,1013412404281553E-13;
6;0;0,07051169663053969;0,0757748755343286;0;1,227196122499663E-09;1,1147136547151604E-09;0;1,9702639519891818E-10;6,750155989720952E-14;
7;0;0,06624036654488563;0,06253690787731259;0;8,714664545550477E-10;8,845226773246395E-10;0;1,624620438178681E-10;4,263256414560601E-14;
8;0;0,0704101891264699;0,06842532119348377;0;1,6363550514597591E-09;7,67212071650647E-10;0;2,290043710218015E-10;6,750155989720952E-14;
9;0;0,0674861274795795;0,07254616393703728;0;1,6371686228922044E-09;5,992930596221413E-10;0;2,5198332309628313E-10;4,618527782440651E-14;
10;0;0,08193796484782467;0,0647491641141471;0;8,457980982257141E-10;4,985238888366439E-10;0;1,766338186826033E-10;8,171241461241152E-14;
11;0;0,05572079107065875;0,06592251064093801;0;9,060343586497766E-10;1,1427623292092903E-09;0;1,4628653843828943E-10;6,750155989720952E-14;
12;0;0,0690059496449642;0,07938284544251673;0;7,707399163336959E-10;8,374669846489269E-10;0;2,553441902364284E-10;7,460698725481052E-14;
13;3,552713678800501E-15;0,07065275867104148;0,06498982351462601;0;8,541931606487196E-10;1,2351080158623517E-09;0;2,0152413071627961E-10;6,394884621840902E-14;
14;0;0,06918937631557043;0,07585459231752267;0;9,011102974909591E-10;1,0382130710695492E-09;0;2,0538593048513576E-10;6,750155989720952E-14;
15;0;0,07839398275710963;0,061602365598712794;0;1,1990550774498843E-09;1,6568257876770076E-09;0;2,2720314518664964E-10;9,592326932761353E-14;
16;0;0,06712659634681373;0,06124420818256482;0;8,432401443769777E-10;2,6613662384988857E-09;0;1,9733903400265262E-10;6,750155989720952E-14;
17;0;0,07030086537097091;0,07218311296734115;0;8,520117944499361E-10;5,84144288495736E-10;0;2,013997857375216E-10;6,394884621840902E-14;
18;0;0,07292179362730522;0,051732511387303504;0;1,0576357567515515E-09;7,393339274130994E-10;0;1,666293769631011E-10;7,460698725481052E-14;
19;0;0,06699797208160518;0,06422787534207686;0;1,2679493011091836E-09;1,4043060048152256E-09;0;2,589857217571989E-10;5,3290705182007514E-14;
20;0;0,07831412796280546;0,06185297512832122;0;8,76802630500606E-10;8,158878017638926E-10;0;2,4993696001729404E-10;4,973799150320701E-14;
21;0;0,06743564112522549;0,06986660034884551;0;7,891678421856341E-10;8,477449853216967E-10;0;2,0484236529227928E-10;1,1013412404281553E-13;
22;0;0,0685706188495594;0,06559180637501427;0;1,1758309881315654E-09;1,1458638482508832E-09;0;1,7387336015417532E-10;5,684341886080802E-14;
23;0;0,0785865804142567;0,06283344452077344;0;1,1271090727404953E-09;1,6122072565849521E-09;0;2,0381918375278474E-10;7,105427357601002E-14;
24;3,552713678800501E-15;0,07073734419311961;0,06721980836175234;0;5,099849431644543E-10;4,4845904767498723E-10;0;2,5789148594412836E-10;7,460698725481052E-14;
25;3,552713678800501E-15;0,06444716982288767;0,07749953838072088;0;8,106795235107711E-10;7,782041677728557E-10;0;3,511999580041447E-10;5,684341886080802E-14;
26;0;0,07472524374088607;0,061962041418762936;0;1,0018617047080625E-09;4,747349180433957E-10;0;1,7496404325356707E-10;1,0658141036401503E-13;
27;0;0,07433238956251031;0,05703650167300722;0;7,483649255846103E-10;1,578001729285461E-09;0;2,65323762960179E-10;6,750155989720952E-14;
28;3,552713678800501E-15;0,06587538255540437;0,07466445766061369;0;9,081233542929112E-10;7,700187154568994E-10;0;2,2421886569645721E-10;5,684341886080802E-14;
29;0;0,06854796625191284;0,08082673216689429;0;1,2700098750428879E-09;5,864677632416715E-10;0;1,9128520989397657E-10;6,750155989720952E-14;
30;0;0,06834316332963652;0,07405350916075903;0;8,731930734029447E-10;3,169517981405079E-10;0;1,7423218423573417E-10;6,394884621840902E-14;
31;0;0,0792823161740408;0,07053804727299351;0;1,0587548615603737E-09;5,915623546570714E-10;0;2,1075763356748212E-10;7,460698725481052E-14;
32;0;0,0746750008929169;0,06736477117429018;0;6,440714628297428E-10;7,180851469001936E-10;0;2,0940049694218033E-10;6,039613253960852E-14;
33;0;0,07573410365874267;0,07105580999955663;0;9,547420631861314E-10;3,4600091680658807E-09;0;1,8887647001974983E-10;5,684341886080802E-14;
34;0;0,06451552552948314;0,05284251062688483;0;9,250591403997532E-10;9,688818636277574E-10;0;2,191882231272757E-10;9,237055564881302E-14;
35;0;0,07254211926703746;0,06528524288736648;0;8,66794636067425E-10;1,019714090944035E-09;0;1,8594548123473942E-10;5,684341886080802E-14;
36;0;0,0742651489884345;0,06928009070900387;0;8,694769348949194E-10;2,9955771196910064E-10;0;2,2421531298277841E-10;5,684341886080802E-14;
37;0;0,07051183067710554;0,07225372125712681;0;1,1888587891917268E-09;4,790123853126715E-10;0;1,8004442381425179E-10;7,460698725481052E-14;
38;0;0,0724486261682209;0,05616166221295771;0;1,0405756256659515E-09;6,547686837166111E-10;0;2,476738814038981E-10;8,526512829121202E-14;
39;0;0,08008702332293183;0,0662947790993158;0;8,151594954597385E-10;4,900542194263835E-10;0;2,199449511408602E-10;4,973799150320701E-14;
40;0;0,0698849997740929;0,06891833874165343;0;6,482245851202606E-10;6,534399688007397E-10;0;1,8901147313954425E-10;5,684341886080802E-14;
41;3,552713678800501E-15;0,05488900405123687;0,07004546205992668;0;1,1457856885499496E-09;1,0231460123577563E-09;0;2,0720136717500282E-10;6,394884621840902E-14;
42;0;0,069475000569021;0,062385673574034683;0;1,0254268545395462E-09;2,9324311867640063E-09;0;2,1467982946887787E-10;1,4210854715202004E-13;
43;0;0,06927774192512715;0,08184749808537006;0;7,215916753011697E-10;7,735394547125907E-10;0;2,1664803284693335E-10;7,105427357601002E-14;
44;0;0,06768910141419582;0,07090217152057221;0;8,194511735837295E-10;1,4093473055254435E-09;0;1,6491341625624045E-10;1,0658141036401503E-13;
45;0;0,06847023831156562;0,0628021088348234;0;6,923883688614296E-10;9,285585633733717E-10;0;2,695230705285212E-10;6,039613253960852E-14;
46;0;0,07733438682107519;0,05998956011933387;0;1,1660041820960032E-09;9,937224376699305E-10;0;2,2582469227927504E-10;8,526512829121202E-14;
47;0;0,07028242108740912;0,06743504426133029;0;1,1384528875169053E-09;7,313118999263679E-10;0;1,688071904482058E-10;1,2789769243681803E-13;
48;0;0,07177955221409604;0,0699699058768779;0;8,983178645394219E-10;6,49571063604526E-10;0;2,0270363165764138E-10;5,684341886080802E-14;
49;3,552713678800501E-15;0,0723407862002361;0,06413266290851638;0;7,348752717462048E-10;1,109661695863906E-09;0;2,177884539378283E-10;7,815970093361102E-14;
50;0;0,06493852701446556;0,07176100214242709;0;1,272109528827059E-09;3,957296712542302E-10;0;2,304538782027521E-10;1,0302869668521453E-13;






============================================================================
Função: Beale
============================================================================
parameter;GEOreal1_O;GEOreal1_P;GEOreal1_N;GEOreal2_O_OI;GEOreal2_P_OI;GEOreal2_N_OI;GEOreal2_O_DS;GEOreal2_P_DS;GEOreal2_N_DS;
meanNFE;100001;100001;100001;100012;100001;100001;100000;100001;100024;
meanFX;0,0004016952060164502;0,04572986081736999;8,695094754637476E-06;0,015231665613510142;0,04569500998439459;3,608663761103745E-06;1,509854319836798E-08;3,447641711798882E-08;8,567200756006099E-09;
sdFX;0,00041962839700454254;0,1828024334549193;8,410219525201695E-06;0,10770413808651635;0,18270225073560015;1,9571296143637763E-05;1,7557861812268207E-08;3,360412756917632E-08;3,44413051561464E-08;
==========================================================
===> f(x) médio para cada NFE:
NFE;GEOreal1_O;GEOreal1_P;GEOreal1_N;GEOreal2_O_OI;GEOreal2_P_OI;GEOreal2_N_OI;GEOreal2_O_DS;GEOreal2_P_DS;GEOreal2_N_DS;
500;0,1264832487036812;1,780460375419431;0,8591393291895403;1,124613604607086;0,7678595541865431;0,9594463000382504;1,0113186868468491;0,809032227320088;1,0883176174594562;
1000;0,06427354031804139;0,800220372762592;0,584992334383061;0,89002683766345;0,7089076055465838;0,8779180202744881;0,9234283243896557;0,6540417010805488;0,6932610520085531;
1500;0,035990043612758676;0,5871375519119579;0,4947854225361841;0,8320294286187037;0,6650106182742392;0,8420976973918921;0,8296979665896588;0,5085286052676585;0,65572937064508;
2000;0,0283043019358493;0,5075480947688916;0,4756269803257131;0,7969280986063815;0,42994851663638267;0,7986425034528943;0,8086155845595535;0,3768092631019267;0,6252898816397182;
2500;0,02334909730689245;0,496454845650149;0,42870551807660484;0,659548979569375;0,4017966551915078;0,7322625274503968;0,7947086020436486;0,3508410310608;0,5935063353245495;
3000;0,019456218227889246;0,47566723857913906;0,4078744305410056;0,6043029244819206;0,3824597830119106;0,539838876659265;0,7799307428567103;0,3218252004978907;0,5752994704706282;
3500;0,01591772930906396;0,42704111652234955;0,40619651659747347;0,569245227655343;0,37293444972784073;0,5012555047413777;0,7655380715860338;0,29513432769621906;0,5551555403127796;
4000;0,014844217285818527;0,41937509748096036;0,40555996478228584;0,5411042306977281;0,3643336116900658;0,4854080399872015;0,7572890322121478;0,2858179962925967;0,5411500943441494;
4500;0,01163237870616296;0,29083200988888946;0,4055343736514951;0,5179908771781807;0,35727069392452193;0,4647429924401725;0,7545669117831652;0,2784570118581822;0,513488295301191;
5000;0,01083691687019837;0,2095397442518669;0,21753457253683947;0,4940099075582644;0,34957314889259605;0,44083076674356486;0,7469051504431685;0,2454244602317666;0,49241742298810964;
6000;0,00811694780426691;0,2086722148385466;0,20144367782212588;0,4556107580269168;0,2871081406049339;0,36937753264166856;0,7398016044345365;0,21481447338292292;0,47334999098796876;
7000;0,007640847893620144;0,2064747204724315;0,20067343896639894;0,41537054093132997;0,27326952444856795;0,20690660374633082;0,7351918602334675;0,19113945490481155;0,44117498787379;
8000;0,007204142364657047;0,20092629296317063;0,1997292617362672;0,35766220056690884;0,2462283704016406;0,15054517911152712;0,7283657513849049;0,17442960414640563;0,42695625155276157;
9000;0,005662941278307176;0,20059844650622577;0,14095260228365453;0,347125448924129;0,23927410773157615;0,14727350509376724;0,725361652079835;0,17245703744532626;0,41697896297311;
10000;0,005197695618757865;0,20057610031004167;0,0918900486806724;0,33971047236103197;0,21737832501899348;0,12506169611170528;0,6812826305509638;0,16840218285927322;0,40953131456301933;
12000;0,004431817647282251;0,18492768939561363;0,06133122393219519;0,33447466141202065;0,21040088697651493;0,09378385349668315;0,6635060765307333;0,1628434080569069;0,2562965980675036;
14000;0,0032977027629782964;0,18476136880135496;0,061234809241678206;0,3142879235211834;0,18705973432805553;0,07842284323106453;0,6330270429884738;0,15710419789626298;0,20393885836336384;
16000;0,0027941594338938545;0,169262311261211;0,0611769383373902;0,28020869990383157;0,15424790118019305;0,048054043182096794;0,6329512310387898;0,14103529184863778;0,18107979137649777;
18000;0,0024846942779846288;0,16906020966403415;0,06107678411869575;0,2792724590609356;0,13833210615307137;0,033006616784869484;0,6026356875333793;0,12340400968411197;0,14758885787366877;
20000;0,0022221304733021576;0,16894114367537516;0,06106635634908171;0,27903257865932424;0,13726183693326374;0,03263382686326062;0,6024861754860463;0,1233488016058978;0,11645000083875505;
25000;0,0017180778762089042;0,16876909022446898;0,03057682530736844;0,27903246000984955;0,12315758297508866;0,016985962140870278;0,3844080484508268;0,07765587637522428;0,10085639947022948;
30000;0,001327254562887465;0,13737789266220482;0,03052083191685638;0,2638178918244348;0,12185335761859854;0,0017504582206693327;0,38438043597191324;0,07616058420548699;0,07372673690403167;
35000;0,0010815016883723432;0,12204589978330872;0,03051607725495169;0,06096758193721328;0,10830440554377413;0,0017451867425832387;0,37064181357689;0,030512391307797423;0,028033307192067532;
40000;0,001028504584392045;0,12194814000508297;0,030494891121075233;0,06092675596172215;0,10665074110528763;4,272129784492349E-05;0,20287514723388952;0,030465538759923833;0,027996263478272408;
45000;0,0008308026221477808;0,07806094522068849;0,030487214441344355;0,04569506152265662;0,10662169996168439;3,9334429316581295E-05;0,202874063023835;0,030465466878817016;0,02798940432201688;
50000;0,0007789682998160307;0,06097846776482556;0,016781248029714636;0,045694998199326056;0,0609945557945769;3,481972128802918E-05;0,20287406021867027;0,015246602698200093;0,027989285693422124;
55000;0,0007456940152268893;0,0609687808102303;0,015247687079412011;0,030492004185818745;0,0609465232378139;1,0407672112445652E-05;0,18764270309385125;0,015233701869905015;0,02798928435485327;
60000;0,000678287975100783;0,06096469536441851;0,015246749967802717;0,015235087825500558;0,06092670974896027;8,892385314171488E-06;0,18764234080224967;2,32927443637119E-06;0,012766842148149193;
65000;0,0006649401633908365;0,04573335133095749;0,015245513593584304;0,015231667915433986;0,0609266812497437;8,306397096671983E-06;0,18764231142789353;2,3058450440079807E-06;0,012758996623255246;
70000;0,0006084848315912107;0,04573335133095749;1,341984022566108E-05;0,015231666591294808;0,06092667701031867;8,00327314117692E-06;1,1426789073461291E-06;4,879340982561701E-07;0,012757720331900403;
75000;0,000552567460335969;0,0457321773212729;1,2265341230003572E-05;0,015231666231755602;0,06092667547550099;7,862112323534116E-06;2,1803651687419163E-08;6,316660893742883E-08;0,012757684842367707;
80000;0,0004992428756111196;0,045731989193259326;1,1113277880162387E-05;0,015231665774929291;0,04731567910768405;7,641211393658123E-06;1,8615020975314997E-08;5,7238610087826956E-08;2,6975914056458173E-05;
85000;0,0004931081385810433;0,045731047016982676;1,1038139169354224E-05;0,015231665774394736;0,045695044516611716;7,568039231074217E-06;1,8606293854588123E-08;5,6021322752541544E-08;9,151626846438947E-08;
90000;0,0004904751959718627;0,04573053684450769;9,63159042857069E-06;0,015231665762410355;0,045695010009585445;7,514839543120147E-06;1,8203509598011486E-08;4,056944886293138E-08;9,82456102961598E-09;
95000;0,0004183108859602804;0,04573006332600183;8,960289827688659E-06;0,015231665616519775;0,045695009993312344;3,6089651347531974E-06;1,5828307052362984E-08;3,681079780570413E-08;8,567200756006099E-09;
100000;0,0004016952060164502;0,04572986081736999;8,695094754637476E-06;0,015231665613510142;0,04569500998439459;3,608663761103745E-06;1,509854319836798E-08;3,447641711798882E-08;8,567200756006099E-09;

==========================================================
===> Melhores f(x) para cada execução:
execucao;GEOreal1_O;GEOreal1_P;GEOreal1_N;GEOreal2_O_OI;GEOreal2_P_OI;GEOreal2_N_OI;GEOreal2_O_DS;GEOreal2_P_DS;GEOreal2_N_DS;
1;0,00024404542195182661;6,334421428802361E-06;1,8222005293025727E-06;2,938023468741637E-11;3,071972557340074E-16;7,5331018899866E-08;6,775741557079228E-09;2,9539509227594243E-08;1,6633176400711035E-08;
2;0,0007345928446285914;4,323248854081544E-06;9,610868646196301E-06;2,3560576675021526E-10;3,8113993217568956E-14;4,3579845343621435E-06;1,1351643539721285E-09;6,405920104571276E-08;1,4289934123462622E-09;
3;0,0008577660197441367;1,651430691009644E-07;1,1667091644993442E-05;4,851641463468725E-10;1,742992169669404E-11;2,9865682297382047E-10;1,0822930058211548E-09;2,7197674576487228E-08;1,1389139394209954E-09;
4;4,585989804678168E-05;0,7617669740368804;1,6641082026888142E-06;1,043513576697575E-09;1,4895314431922875E-11;1,2977095639885975E-07;4,432828504314188E-09;1,5844225858003382E-08;3,9025124375772175E-09;
5;0,0024529833065275453;2,4102443141917503E-06;8,741461478778371E-06;5,6740555640360566E-11;1,0510029546068055E-13;6,650614017523274E-08;1,346985190073381E-08;2,5410158934211456E-08;7,218277924587522E-10;
6;0,0005554194440750346;7,443186508390498E-06;2,5749480812858494E-06;4,744372948856586E-12;6,13517975071545E-13;4,984078864120154E-09;9,651019866700383E-09;8,726237326909194E-09;3,5531031425180856E-10;
7;1,4113048371707161E-05;5,0837412596106066E-06;1,4776639190209182E-05;1,2973696866858115E-12;2,212511735650805E-10;8,454845379168474E-09;4,079293218273473E-09;1,005797420650799E-08;1,2078421903778425E-08;
8;2,6150452396998964E-05;9,512758150402122E-07;1,7932387332992462E-05;1,601544910247892E-09;1,1699392671230785E-11;1,0542861313621028E-06;3,250510800824405E-08;5,502583708869078E-08;1,3151801207419737E-09;
9;0,00021399325355507976;1,4766829822201744E-06;3,106382191693626E-06;2,7807039873163267E-12;2,3294211701065773E-14;2,361078117924536E-09;4,67467950695221E-08;1,9968196345220348E-08;1,3192940459234463E-08;
10;0,0006211836565534843;8,058133192015439E-06;5,828849400619389E-06;4,359568850281846E-12;3,2347034232664717E-09;1,1095604048032662E-05;2,4825083331550606E-09;1,1039975768347306E-08;5,904602158503781E-10;
11;0,00010518239625262969;5,620198841072763E-06;1,5083186087953785E-05;4,818918694991983E-12;3,4102534213950834E-11;5,560092659803311E-08;8,250622562125546E-09;3,996505660446162E-08;8,225752454870334E-10;
12;0,00031391337469346015;6,936275296574719E-06;6,346163545863459E-06;4,780293391904028E-11;8,990232575488993E-13;3,6343273648355993E-11;1,5767605330238102E-11;6,045581306207391E-08;8,563259515328828E-10;
13;0,00018868216576022198;1,08438784825827E-05;1,0882150197579241E-05;9,963234365157111E-11;8,976543272252586E-12;4,695393080495463E-10;1,1297191508843258E-09;5,31282644170691E-10;1,4866574275681577E-09;
14;6,684795301295984E-05;3,4361453728731426E-06;2,673335802246209E-06;8,081035107362274E-10;2,2632270081109023E-11;1,4886110176742774E-08;2,2330188284170153E-08;6,289293728794586E-08;1,5078004104032163E-09;
15;0,0005867285738942304;9,182903077412914E-06;7,959594575518341E-06;1,0493462815259233E-09;1,868772966306669E-12;8,324863148359945E-08;1,3121784031866144E-08;1,6069592876792533E-08;4,872905984207469E-09;
16;0,0002558011591685467;8,089455365165639E-06;1,1867055966166554E-06;8,175064019174985E-13;8,144677111594008E-12;1,349981771512382E-06;6,603674264722081E-09;2,5056505507646413E-09;1,1250350922629323E-08;
17;0,00042173317612638966;5,005659246412918E-06;7,168691891373223E-06;3,779152662852794E-11;1,9597175055629066E-10;8,212684590287515E-08;1,5257524449897603E-08;6,52295330240151E-08;7,782004803321888E-09;
18;9,166298057268985E-05;0,7622336018379509;1,2891215232056721E-05;5,437491998016898E-12;0,7615832643561384;9,521040584807458E-07;1,1775302124214563E-08;7,62400841615553E-08;1,4986623649851978E-08;
19;0,0009002246849178241;5,150644176168113E-06;2,0307476564396664E-06;3,048775528974811E-11;6,065079700148591E-11;2,3545927001118948E-07;3,154323571950022E-08;1,7014456020852025E-08;8,223625070382824E-10;
20;0,00027906450251806474;5,597635919067422E-06;2,1322161960368226E-06;2,3460280138258975E-10;3,41481962042459E-14;8,554190634886226E-08;8,981984473478142E-09;1,9511092070177433E-09;4,46824239876622E-09;
21;8,054737325389941E-05;5,46566562125911E-06;4,79208846905723E-06;1,0675559926491927E-11;0,7615832643561432;4,065491647256503E-08;2,358125673013246E-08;5,425285062367925E-09;1,5073105293700721E-09;
22;0,0005798559714638623;0,7620313397498343;1,9548633778502928E-05;5,267475820136042E-12;2,9977762386698943E-12;1,1996073640476782E-06;8,215185131338497E-08;2,3696427790733807E-08;5,90100881127393E-10;
23;0,000100464770108608;2,7124468886096802E-08;3,337911182215563E-06;2,924193938641277E-11;2,236732985123915E-14;5,524312539761529E-10;1,8060330983966104E-08;3,2422684423588806E-08;5,219028673140287E-10;
24;0,00012368151585889886;5,692855733037618E-06;6,023947540015764E-06;6,095799121106032E-13;1,4469740071061446E-11;1,1054543264703295E-08;8,956125366549256E-09;5,6119321040303853E-08;8,250360497956173E-09;
25;0,00033314851047354377;1,83440192993226E-05;2,0348324673600374E-06;7,576724229934357E-13;2,8726786475858686E-10;1,2036778778020047E-08;1,670947640817874E-08;2,2967604288693346E-09;6,262538473736728E-10;
26;0,00040810728105588093;3,1349292354762855E-06;4,036981335092038E-06;3,8083045639830866E-11;3,577100303267543E-11;1,0348562076544042E-11;3,72389344515482E-09;1,115606023487405E-08;5,076111949712917E-09;
27;0,00011020896394564665;1,6862980268047428E-06;2,1197158137928242E-05;3,386428343356958E-10;6,668228064368257E-13;1,5947253884130702E-06;2,155803319462826E-09;6,488986803074442E-08;1,5481942784987996E-08;
28;0,0008446702465772088;5,963378575079666E-05;6,817482367901899E-06;2,2257082286011584E-13;1,7041144026771452E-09;1,7601448456819824E-08;4,900724714273076E-08;1,1496850942430881E-09;2,8014666523300855E-09;
29;0,0003707414557916923;6,13431047594021E-06;2,134247469161046E-06;4,579771618273208E-13;2,307900064690013E-11;8,219990235038891E-09;2,4399846480185622E-08;1,9972573835289073E-08;1,1753240900722904E-10;
30;6,330364870356366E-05;1,1330905082735599E-05;4,768909865799686E-06;1,5352038781724567E-11;2,0328255408129392E-13;1,7346139517672333E-06;5,426696377864934E-10;3,4856027379265444E-08;3,6468272047033127E-10;
31;0,0002566315169516254;4,7263738609168266E-07;2,2238716666409053E-06;1,771553057263155E-09;2,1921300029235837E-11;3,552460991326643E-06;1,8389299639777358E-09;1,293816067361035E-08;4,927544526762643E-09;
32;0,0013275039329257692;4,7829553737357205E-06;4,598556337368026E-06;2,452061477924554E-11;3,583448376943288E-14;2,193352787279811E-08;1,4201267654848224E-08;3,3764820626099637E-09;1,8289936405127014E-09;
33;0,0006161396609309298;2,270653507777809E-05;1,3651605334060484E-05;4,059210788848666E-11;1,1648194812729637E-12;3,3065310163286038E-06;7,338574432484589E-08;1,0824473758437277E-07;2,452100399699123E-07;
34;0,0005357500438500562;1,006749828835368E-05;1,8990042908811208E-05;4,44379917429026E-09;4,395716655237201E-11;1,6188687992457313E-07;1,0716297213608004E-09;2,3091722888130943E-08;1,7823548516923636E-09;
35;7,177131738521087E-05;8,542582228601121E-07;1,4070481389414507E-05;9,128344651653315E-10;1,4342445621072548E-12;1,6845117761551557E-08;4,727617007829127E-09;2,4642032740990332E-08;1,3667270947648024E-09;
36;0,00010433835165686756;7,231817604164343E-05;1,0661633378900265E-05;1,3317322354367668E-10;3,475833250927904E-10;5,316509964385104E-08;1,6466451562073976E-08;1,3362440970768402E-08;1,509418582678645E-09;
37;0,001126445526705993;2,8785028007353933E-05;5,292869859123097E-06;8,363807789424845E-13;1,8441965925426897E-10;2,3151675585863432E-10;6,858967959250335E-10;8,712044001982732E-08;6,446499921574565E-09;
38;0,00023082244613174553;3,67872844400949E-07;7,956338179582904E-07;2,253546003132819E-11;2,865453051900069E-10;3,351416473959736E-06;3,04200865288489E-08;1,0759577353442561E-07;6,946310736829145E-10;
39;0,0007727271391190762;3,461267059062654E-05;2,5367625526665492E-05;1,092343007395195E-11;1,5130519287440597E-10;1,705854881797041E-07;2,430422583949812E-08;1,3742981789529604E-07;2,5638791412032376E-10;
40;0,00042820200644092074;6,715558176701082E-06;7,57287827302998E-06;7,072535781854442E-12;2,467879600103742E-13;1,700337923995329E-06;2,7424802066332646E-09;1,8257632882956522E-10;4,806399598702056E-09;
41;0,0003798866350317835;3,861660305819139E-06;2,4425280813920636E-06;1,3407932337908484E-09;1,2055592495446478E-11;8,13417342358389E-09;8,608902177881041E-09;6,225019731606716E-08;5,907279721136739E-10;
42;0,00036708527736602545;7,40845628426012E-06;3,9019777742372846E-06;8,582425191819126E-10;6,38623286309748E-13;1,7833307860927626E-06;3,47829833714011E-08;4,434427518911529E-08;8,112090861795989E-10;
43;0,00021124049334134005;1,022148476909796E-05;5,4444147107078605E-06;6,530389538041106E-12;2,0633079043104387E-10;1,9063874134824034E-07;3,3930012257369833E-09;4,559583240655983E-08;1,3355697522266158E-11;
44;0,0003287537426605488;1,2979581574794195E-05;9,020338074158759E-06;2,627577509113133E-13;6,263111999425474E-15;1,0381215181392962E-07;8,857657335183195E-09;1,900814926765236E-08;8,434143805597196E-09;
45;8,543753227199997E-05;7,133291878108398E-06;1,4318932587908523E-05;3,284451664977323E-12;3,283460410361633E-11;2,1349992685172993E-06;1,5123490616443113E-08;7,69690459200379E-09;1,0605847951523028E-09;
46;6,74930870228106E-05;1,7724714577726167E-06;5,101628566394185E-06;0,7615832643612247;6,580611616391642E-11;7,077565281794152E-07;2,194160799307015E-10;1,2892864822140338E-08;5,346306836966521E-10;
47;0,00039376201840130774;1,427833937322455E-05;1,982480955693937E-05;4,6527887204778063E-10;1,0851315194061268E-10;9,304567577009703E-09;7,903840512461993E-09;1,3984859488956211E-08;1,4816724266405306E-09;
48;0,0002935367197366025;7,987895416680982E-06;3,4644963424118483E-07;4,2412228482477354E-12;0,7615832643561357;0,00013863894082554048;2,1995885989202385E-08;4,737620538679431E-09;7,058292835906915E-09;
49;0,00012008480551473407;5,838301624864876E-07;4,782732513458591E-05;4,399207755298717E-11;6,987750776370228E-07;3,564447893139898E-08;4,593403118317502E-09;1,1642982569427768E-07;6,933518524331357E-11;
50;0,00037646999737615;5,656275707285631E-06;2,529999025857888E-06;5,333929144216165E-13;8,803299763083113E-12;2,1111844525214273E-07;8,945342574463222E-09;1,7186942747513695E-08;3,925836701021648E-09;



Execution Time: 452588 ms
