porcentagem;std;GEOreal1;GEOreal2
0,1;0,004096;0,000266085287835648;0,151489675426001;
0,2;0,008192;1,94709962265969E-06;0,0215867056522699;
0,5;0,02048;6,23948378847745E-06;0,0129169281311588;
1;0,04096;1,76972018639663E-05;0,0130552854326282;
2;0,08192;4,32712780894511E-05;0,00517539588880549;
5;0,2048;0,000187024560534755;8,25636997826805E-05;
10;0,4096;0,000446413478455095;0,000128694793452262;
20;0,8192;0,00109762601543871;0,000215206547006682;
50;2,048;0,00414757564945154;0,000318857614783872;
100;4,096;0,017500324599375;0,000563520485915617;