============================================================================
Função: Beale
============================================================================

1...2...3...4...5...6...7...8...9...10...11...12...13...14...15...16...17...18...19...20...21...22...23...24...25...26...27...28...29...30...31...32...33...34...35...36...37...38...39...40...41...42...43...44...45...46...47...48...49...50...
==========================================================
===> Média de NFE, média de f(x) e desvio padrão de f(x):
parameter;AGEO1real1;AGEO2real1;
meanNFE;100001;100001;
meanFX;1,689975781427824E-05;1,0240400335304243E-05;
sdFX;1,6964405073892407E-05;1,2317518029509804E-05;

==========================================================
===> Médias para cada NFOB:
NFOB;AGEO1real1;AGEO2real1;
500;19,344960476581118;4,752450429093109;
1000;2,0423261495332046;0,7983270095591065;
1500;1,3514617981558084;0,3740063815494642;
2000;0,821650562243612;0,31729462803440006;
2500;0,6391000934641528;0,30764279433809333;
3000;0,6003129096959445;0,28621664107484585;
3500;0,5653915978711275;0,2662199439981557;
4000;0,5618994295754479;0,24712690215920965;
4500;0,3576303655284552;0,24440272291374263;
5000;0,3307141875792298;0,22725956401954883;
5500;0,3143992639413629;0,2264480671981329;
6000;0,3018640769191185;0,22644665693097862;
6500;0,2802924101075623;0,22594197654700096;
7000;0,2593838618961677;0,22527439606097288;
7500;0,252208555739317;0,22136538863606478;
8000;0,25104412298952533;0,2195624753630683;
8500;0,23540916574208626;0,2187768156506662;
9000;0,2332035535328611;0,2187768156506662;
9500;0,2331971223511222;0,21869612759584134;
10000;0,21969789085927188;0,21560907970468893;
10500;0,21874985188038476;0,21544175080225814;
11000;0,21874985188038476;0,21533600467805647;
11500;0,21544083575019837;0,21533460976596763;
12000;0,20075050177763046;0,21533460976596763;
12500;0,2001418310243929;0,18500070708425168;
13000;0,19991194330933643;0,18494249348584446;
13500;0,19991194330933643;0,16976347948642867;
14000;0,19989887372652734;0,16879813451124392;
14500;0,1998919816132787;0,16505534064235405;
15000;0,1849898803654486;0,15332851269311587;
15500;0,1847154214335702;0,15306713331271812;
16000;0,18440442433313634;0,15300400951618487;
16500;0,1844010342190921;0,15300400951618487;
17000;0,18433471796926656;0,1529933680639965;
17500;0,18428969378710622;0,1529933680639965;
18000;0,18428969378710622;0,15299326068420266;
18500;0,18428969378710622;0,13773274806291722;
19000;0,1837755193816053;0,1377059767757502;
19500;0,18377099288802812;0,13770236817587406;
20000;0,18376886162049794;0,1098603541769279;
20500;0,17883444842828097;0,10719658267763693;
21000;0,16336258800718517;0,1071874607615657;
21500;0,153092518809094;0,10718104055597695;
22000;0,14833900448359905;0,10717803633137127;
22500;0,12353297037029576;0,1071640294406842;
23000;0,11981379947874009;0,10716203220625715;
23500;0,11323670564088563;0,09602655324414294;
24000;0,111173466366045;0,09179784124462526;
24500;0,11041659408286135;0,09175155242445557;
25000;0,11041260589642668;0,09175155242445557;
25500;0,11040079880586774;0,09174753740993229;
26000;0,11037857053171753;0,09174738665958271;
26500;0,10761434392336086;0,09164518226825173;
27000;0,0990619884469133;0,09163481473412541;
27500;0,09510907152546313;0,09163463521368882;
28000;0,09510864134901068;0,0916338544774305;
28500;0,09320932529025157;0,09162115396022058;
29000;0,09319196717546911;0,09162115396022058;
29500;0,07847934484404973;0,09162001190160947;
30000;0,07847934484404973;0,09162001190160947;
30500;0,07675989136544564;0,09161680165996618;
31000;0,07670699129604422;0,0916155036500488;
31500;0,07670699129604422;0,0771184913829423;
32000;0,0767067544545243;0,0763513333883995;
32500;0,0767067544545243;0,06100175478527319;
33000;0,07654705453801224;0,06100175478527319;
33500;0,0765437636140391;0,06099775479211742;
34000;0,0765437636140391;0,06099049440882161;
34500;0,0765437636140391;0,060989504482563524;
35000;0,0764355880083861;0,06098929737186808;
35500;0,0764355880083861;0,06098887686740787;
36000;0,07642976684018583;0,06098887686740787;
36500;0,07642976684018583;0,049214745244737575;
37000;0,07642959614256288;0,04586004717326407;
37500;0,07642611785469185;0,04576427299429441;
38000;0,07642611785469185;0,04576427299429441;
38500;0,07642611785469185;0,04576422516567921;
39000;0,07642611785469185;0,04575498932356964;
39500;0,07642611785469185;0,045753070396037133;
40000;0,07642611785469185;0,045752994187295865;
40500;0,07642611785469185;0,03072165123981817;
41000;0,0764259147617747;0,03050875587785914;
41500;0,07631193661512223;0,030508304907656235;
42000;0,06422447484188863;0,03050752918487235;
42500;0,061077449087688127;0,03049690166432462;
43000;0,061077449087688127;0,03049659412785988;
43500;0,061077449087688127;0,030496180226944;
44000;0,04585589519313833;0,030496180226944;
44500;0,04580697195386632;0,030496180226944;
45000;0,04580697195386632;0,03049608911004533;
45500;0,04580697195386632;0,03049608911004533;
46000;0,04580697195386632;0,030493113630376892;
46500;0,04580697195386632;0,030493113630376892;
47000;0,04580697195386632;0,03049303966561772;
47500;0,04580697195386632;0,03049303966561772;
48000;0,04580697195386632;0,03049303966561772;
48500;0,04580697195386632;0,030492558160424607;
49000;0,045801548032762415;0,030492380114403604;
49500;0,04580076912406115;0,030492380114403604;
50000;0,04580013877298259;0,030489769639186495;
50500;0,04579258023954755;0,030489769639186495;
51000;0,04579258023954755;0,030489769639186495;
51500;0,04579258023954755;0,017030875952559997;
52000;0,04579258023954755;0,015260430172855596;
52500;0,04579258023954755;0,015260430172855596;
53000;0,04579258023954755;0,015255727401956687;
53500;0,04578942826064757;0,00045472983545212585;
54000;0,04578843311946706;4,613266048799792E-05;
54500;0,045788342970079415;4,613266048799792E-05;
55000;0,045788342970079415;4,613266048799792E-05;
55500;0,045788342970079415;4,613266048799792E-05;
56000;0,0457876687742652;4,5617356799111646E-05;
56500;0,04578727971256157;4,5617356799111646E-05;
57000;0,04578727971256157;3,620703036792284E-05;
57500;0,04578688449748544;3,433307642316153E-05;
58000;0,04578688449748544;3,433307642316153E-05;
58500;0,04578688449748544;2,082313110581062E-05;
59000;0,04578688449748544;2,082313110581062E-05;
59500;0,0457865494813079;1,873955371704904E-05;
60000;0,0457865494813079;1,873955371704904E-05;
60500;0,045779886662668766;1,873955371704904E-05;
61000;0,04577821919451118;1,873955371704904E-05;
61500;0,04577821919451118;1,873955371704904E-05;
62000;0,04577821919451118;1,873955371704904E-05;
62500;0,04577821919451118;1,873955371704904E-05;
63000;0,04577529490366119;1,873955371704904E-05;
63500;0,04577529490366119;1,873955371704904E-05;
64000;0,018201643538812148;1,871723182409008E-05;
64500;0,01528361040661753;1,871723182409008E-05;
65000;0,01528361040661753;1,871723182409008E-05;
65500;0,015277189884344244;1,871723182409008E-05;
66000;0,015277189884344244;1,871723182409008E-05;
66500;0,01527332672016035;1,871723182409008E-05;
67000;0,01527332672016035;1,8260550288242496E-05;
67500;0,01527332672016035;1,6914296532284175E-05;
68000;0,01527332672016035;1,6914296532284175E-05;
68500;0,01527332672016035;1,6292857051811227E-05;
69000;0,01527327518002189;1,6292857051811227E-05;
69500;0,015272407375367612;1,6292857051811227E-05;
70000;0,015272266094590871;1,628990590157121E-05;
70500;0,015272266094590871;1,557332495315214E-05;
71000;0,015272266094590871;1,557332495315214E-05;
71500;0,015272266094590871;1,557332495315214E-05;
72000;0,015264658986113564;1,557332495315214E-05;
72500;0,015264502232262327;1,557332495315214E-05;
73000;0,015264502232262327;1,552999165590532E-05;
73500;0,015263053267557085;1,552999165590532E-05;
74000;0,015263053267557085;1,552999165590532E-05;
74500;0,015262964383457353;1,5321181658999463E-05;
75000;0,015262964383457353;1,5321181658999463E-05;
75500;0,015262964383457353;1,5321181658999463E-05;
76000;0,015262386595164457;1,5321181658999463E-05;
76500;0,015261817383634588;1,5321181658999463E-05;
77000;0,015261562987844271;1,5321181658999463E-05;
77500;0,015261562987844271;1,5321181658999463E-05;
78000;0,015259815530982776;1,5321181658999463E-05;
78500;0,015258988110628697;1,5321181658999463E-05;
79000;0,015258988110628697;1,5169001530894374E-05;
79500;0,015257375607094392;1,5169001530894374E-05;
80000;0,015257375607094392;1,5126995673584722E-05;
80500;0,015257375607094392;1,4505262207675476E-05;
81000;7,155380507072383E-05;1,4427623371879148E-05;
81500;3,15442100736267E-05;1,4035127176728182E-05;
82000;3,119342570461541E-05;1,4035127176728182E-05;
82500;3,119342570461541E-05;1,4035127176728182E-05;
83000;3,119342570461541E-05;1,4035127176728182E-05;
83500;2,015609473999428E-05;1,4035127176728182E-05;
84000;2,015609473999428E-05;1,3838890593963038E-05;
84500;2,015609473999428E-05;1,3418768551203958E-05;
85000;2,015609473999428E-05;1,335529014488785E-05;
85500;2,015609473999428E-05;1,335529014488785E-05;
86000;2,015609473999428E-05;1,3168068034359923E-05;
86500;1,9745659333002164E-05;1,3168068034359923E-05;
87000;1,9745659333002164E-05;1,2781145487982371E-05;
87500;1,8957184811150614E-05;1,2377147893975187E-05;
88000;1,8957184811150614E-05;1,2377147893975187E-05;
88500;1,8477942053524672E-05;1,199401939241092E-05;
89000;1,8477942053524672E-05;1,199401939241092E-05;
89500;1,8477942053524672E-05;1,199401939241092E-05;
90000;1,8088447743322274E-05;1,199401939241092E-05;
90500;1,8088447743322274E-05;1,199401939241092E-05;
91000;1,8088447743322274E-05;1,1474172567981742E-05;
91500;1,8088447743322274E-05;1,1474172567981742E-05;
92000;1,8088447743322274E-05;1,1473751512785953E-05;
92500;1,8088447743322274E-05;1,1245498434503386E-05;
93000;1,7907927405294666E-05;1,1245498434503386E-05;
93500;1,778000017418391E-05;1,1244025769590036E-05;
94000;1,7662162887864002E-05;1,1244025769590036E-05;
94500;1,7662162887864002E-05;1,1244025769590036E-05;
95000;1,7518328248159953E-05;1,1244025769590036E-05;
95500;1,7518328248159953E-05;1,1244025769590036E-05;
96000;1,7518328248159953E-05;1,0872863789279711E-05;
96500;1,7518328248159953E-05;1,0872863789279711E-05;
97000;1,7518328248159953E-05;1,0872863789279711E-05;
97500;1,7518328248159953E-05;1,0705068074393185E-05;
98000;1,7518328248159953E-05;1,0705068074393185E-05;
98500;1,689975781427824E-05;1,026092030590856E-05;
99000;1,689975781427824E-05;1,026092030590856E-05;
99500;1,689975781427824E-05;1,0240400335304243E-05;
100000;1,689975781427824E-05;1,0240400335304243E-05;

==========================================================
===> Melhores f(x) para cada execução:
execucao;AGEO1real1;AGEO2real1;
1;5,6769799648114826E-05;5,579937900869151E-05;
2;2,0548002882791208E-05;1,7717730336481355E-05;
3;3,967813449846068E-07;9,123554396346068E-06;
4;1,8636602059216022E-05;6,558692035786569E-05;
5;7,511995618061826E-05;4,997987630439616E-06;
6;1,6151761881538231E-06;3,214718453967144E-06;
7;2,945790911952946E-05;1,211896391508464E-06;
8;5,493690252117606E-05;1,1226731663793707E-06;
9;2,144429270847312E-05;1,566944759870002E-05;
10;1,8408754873291023E-05;5,106198193582304E-06;
11;1,248335640212732E-05;5,2338750706480085E-06;
12;4,209616330483887E-06;1,3137260908984306E-05;
13;3,231646917371436E-06;9,941579871862635E-06;
14;1,9682249483164107E-05;1,1830997760518326E-05;
15;5,36974102919259E-06;6,230734578996482E-06;
16;2,028076848176904E-06;8,246954030183396E-07;
17;2,780492193233668E-05;3,4277649456777177E-06;
18;3,607765341719123E-06;2,026440296138591E-07;
19;2,1379453711640913E-06;5,5369795540405075E-06;
20;2,09062132014754E-05;4,423598189007148E-06;
21;4,271175036781327E-06;1,4456398546612735E-05;
22;1,2615011674522069E-05;8,023442247904563E-06;
23;2,3738253695900532E-05;3,0674857257787256E-05;
24;3,987551681358678E-06;2,1330026283878826E-06;
25;4,744986815161961E-05;1,4052224629172236E-05;
26;4,953417720646188E-05;1,1150238859142313E-05;
27;1,8429060984357012E-05;7,786523030816192E-07;
28;2,0717275332997184E-05;1,5242634750492352E-06;
29;5,635240703021408E-06;7,194104966748386E-06;
30;5,784868001464262E-07;2,4919022443660524E-06;
31;1,7389770034447324E-05;1,0177199466428825E-05;
32;1,2057691060957275E-05;1,1830975856337823E-05;
33;1,3095771797193064E-05;7,702047521683601E-06;
34;3,6450968696902946E-07;3,109502968435864E-06;
35;1,2659905145248228E-05;8,087483444871516E-06;
36;6,254401042125252E-06;6,082316642421397E-06;
37;1,2100617270875406E-05;1,1234182201410522E-05;
38;2,7119425945075434E-05;5,172354517204134E-06;
39;1,3637778810749869E-05;5,641237241706377E-06;
40;5,889327169485264E-06;1,1259801051331528E-05;
41;1,0203761211160332E-05;5,294569066116853E-06;
42;5,505710435084372E-05;1,2189168475417933E-06;
43;7,413984732747283E-06;9,036931076879124E-06;
44;3,6763843054302277E-06;2,916911157870837E-06;
45;1,2267345204606875E-05;4,854024166376292E-07;
46;1,949548163795967E-05;2,0444703442075612E-05;
47;7,326835202187306E-06;1,4723622022078841E-05;
48;1,4410583014027635E-05;2,371295705557223E-05;
49;2,3850299192541754E-06;1,923816036206528E-06;
50;6,4303715218426155E-06;1,9145363727820053E-05;

Execution Time: 10538 ms
