NFOB;GEO;GEOvar;AGEO1;AGEO2;AGEO1var;AGEO2var;GEOreal1;AGEO1real1;AGEO2real1;
250;20,88021232952447;20,904672990429866;20,958558854615898;20,90006638478459;20,912770599306068;20,85124492804757;19,903844501304075;20,536931688404117;20,401634434456295;
500;20,793944118807314;17,74647358427268;20,937621658496496;20,882073048469724;20,25441630680074;20,49912299512258;18,248913913787327;19,696019939888718;18,91595951771731;
750;20,737522315495436;17,376196149699307;20,92361099396082;20,86725994339624;20,147601902044734;20,426715404838482;16,091663423985533;19,056831362132353;17,226063173879268;
1000;20,622683148212186;14,058298325869224;20,882556366329062;20,833075642946984;19,292048488249097;20,154342866110383;13,44106821080247;18,61957853284205;14,998401525437487;
1250;20,580675863957314;13,632326385591186;20,861038929302104;20,809579474494157;19,109355172174983;20,096549487272423;10,740217623608453;18,27619104905501;12,419240280304216;
1500;20,44984496850775;10,697185804678432;20,807617304361603;20,746560951874564;17,94926549499266;18,91961087218352;8,529529168554857;17,811308590364124;10,232184325952081;
1750;20,405056412493085;10,338789511693797;20,77766224227063;20,71920088906021;17,67793828998374;18,73401530602458;6,649094163491978;17,176252651565292;8,299047487084655;
2000;20,2581402931851;7,043609036059764;20,713798740281266;20,621493057281814;16,223599332813574;16,70764488651579;5,207995538742717;16,596454368156834;6,551351323292511;
2250;20,21764095128601;6,541034775286439;20,68255837635701;20,586764159856166;15,81660235257631;16,434396833635102;4,108977886376896;16,06419056301209;5,266553014851079;
2500;20,062367660105675;4,176627186033515;20,600583174025974;20,445681153963843;13,891333370908503;13,215824685676187;3,1908162239812623;15,31174652972914;4,25726572860668;
2750;20,006658250071286;3,9313632320619605;20,574892724299232;20,42281108338755;13,445682262360728;12,991473506943244;2,432931990494595;14,71576908638445;3,302125525053526;
3000;19,824747975021648;2,707296393886231;20,470452003534042;20,28102286133605;11,363653780810248;9,091733810832668;1,779572395764933;14,03862929722194;2,5614126617099937;
3250;19,78186229938687;2,5409991588107337;20,442953051347857;20,246894382986003;10,821100546914565;8,809614557289057;1,1279130661610954;13,462142248585819;1,9182028377931046;
3500;19,55917340878322;2,0823031424765133;20,324676374052164;20,061738606778082;8,64182554735721;5,619070607090902;0,6405926387640573;12,95685831250122;1,3404411727152012;
3750;19,516017293936855;1,9808329223857188;20,297831171832932;20,028214852049622;8,169811030062899;5,372502973922567;0,36002778245208816;12,595323388888003;0,8678976704422222;
4000;19,293967635952555;1,8339798818618482;20,163185939993184;19,836382552553665;6,432990853321501;3,550391778933012;0,19347297336642544;12,066747731177434;0,5346476193700792;
4250;19,241394878705044;1,7825318648416402;20,13516432001215;19,796153630030528;6,018970941823395;3,464233001154908;0,11748671551712951;11,737390011386097;0,32915833647646536;
4500;18,987196468183395;1,688401183002329;19,968347662534683;19,577319976071713;4,853333883215909;2,5932127998945855;0,07189382550847503;11,235191792357233;0,1919884000284663;
4750;18,957644034127576;1,65672008774491;19,94558949903303;19,54374701818552;4,709273801859998;2,541714447864388;0,046918695216293785;10,481770638885916;0,12105358555453717;
5000;18,670533373418287;1,6122324437253333;19,751607501447886;19,32914809585087;4,235103760487956;2,2219142111524492;0,02987076024960916;9,94708330132325;0,07794509854519557;
5250;18,636749153992955;1,5839478703464698;19,72728975039821;19,294765659659532;4,156909442235197;2,215301057654259;0,01977679122985208;9,336098763716176;0,05195513869986482;
5500;18,321188323769213;1,5431310571033479;19,524099309941693;19,079176549180513;3,9208003685456365;2,0301221232182662;0,013025697676376931;8,765342436916258;0,0373338701746055;
5750;18,28214030490488;1,5190893162661778;19,503025932979796;19,04868079437294;3,9075977173447507;2,015511327027285;0,008687400128039044;8,33882160180894;0,024448238921377687;
6000;17,955335855254656;1,4928274462283075;19,269021987277284;18,851083826653383;3,7920825560902194;1,8994932616811997;0,005899611896218531;8,019708008481002;0,01687044457761055;
6250;17,821907233990764;1,485432712765514;19,179454579762833;18,765608663289182;3,7511627424183542;1,8173080969141029;0,004083865020600746;7,681169063576087;0,011738963170954709;
6500;17,568472796563256;1,4770102216261625;18,982917406835476;18,62453380606048;3,6945697476277903;1,7981453105026382;0,0028019497130707637;7,188361361418273;0,008045167236380681;
6750;17,36948801284445;1,4664603343429128;18,82832839163245;18,52085798512961;3,5861490764303663;1,7434555479034952;0,001953133698116041;6,831704674210085;0,005628654756522673;
7000;17,14551402717125;1,4589645749649924;18,6843998890172;18,408385191307485;3,5698071499627395;1,732310437766682;0,0013174558074697273;6,2574581362392685;0,003964279116172084;
7250;16,956161421480807;1,4465730360624074;18,50345915307518;18,304569207429356;3,54469907246137;1,6823641610602678;0,0008962522219070568;5,7841080779071055;0,0028323440981090453;
7500;16,769246256661525;1,4338586651954213;18,391854720867045;18,195475062042107;3,493593308258507;1,674172853369292;0,0006193927554940081;5,411849476999548;0,0019939415071208886;
7750;16,48407071701337;1,4140177230110473;18,17613360315986;18,04414082681374;3,4339586934752395;1,651573540268079;0,0004212033349685651;5,058139422794021;0,0014236111259897566;
8000;16,34583158345865;1,4041404318671369;18,086977791634737;17,956606594030433;3,4086827632671497;1,6426243085092966;0,00029117913716977914;4,666327119061229;0,001023578608221305;
8250;16,05599773631714;1,3967367950136487;17,854652251887945;17,792452893359606;3,3803286943415842;1,6307965475830393;0,00019220977912611125;4,4647779803201395;0,0007387681601789442;
8500;15,930062634666792;1,3847841567036456;17,788952787412203;17,7055575775482;3,3585899473984893;1,6272135420269276;0,00013118314554617428;4,170144639562396;0,0005072022355580952;
8750;15,6330313696916;1,3680201901819873;17,609974901724087;17,495965966868308;3,2782017428666097;1,6200731562402109;9,18974946970419E-05;3,872553603272435;0,00035319748967109986;
9000;15,535986966123778;1,3557592757799655;17,534795295513973;17,419200547913366;3,2707269562685313;1,6171289726037261;6,359766185997096E-05;3,6972358983921976;0,00024578766866431676;
9250;15,217118277778265;1,345305485538461;17,341549504881172;17,199155443504118;3,2069297120010885;1,6041755310356427;4,355362595934942E-05;3,550399109307254;0,00016981545596774338;
9500;15,150197215990405;1,3399813354048518;17,288219908158872;17,12524270117534;3,1775118130785005;1,6006779886781062;2,9782719983737493E-05;3,2790498448846703;0,00012393062917348096;
9750;14,820394335428277;1,3317218919493246;17,13301238786634;16,86173381702537;3,137395464644787;1,5934173353621661;2,04400273726435E-05;3,0523953290191774;8,11822631136394E-05;
10000;14,759782702402699;1,3277633879652757;17,087058439807617;16,78337485416796;3,1322613973713245;1,5890129441547003;1,3700008807724374E-05;2,85089956549855;5,6981814016401345E-05;
10250;14,429623089771335;1,2982442354213761;16,959400224995033;16,48725008790984;3,105340581306032;1,5791754674828393;9,323603103705835E-06;2,72781924899818;3,9070408494028544E-05;
10500;14,366773304247136;1,2936301164712949;16,906435487116127;16,433704603568657;3,1045483534763503;1,5737528182623444;6,434737479521502E-06;2,637179798356052;2,8334142248338522E-05;
10750;14,06261794442225;1,2625886220707807;16,7650877721912;16,09462017423712;3,0958176321028477;1,5686821409465457;4,363003441243407E-06;2,5590802447748224;1,9885040071283555E-05;
11000;13,972564868372878;1,2600802443654413;16,728442629503576;16,049432714202336;3,095817363547994;1,5673031041090624;2,988192750992269E-06;2,4161932665222485;1,3864152754914371E-05;
11250;13,694795706656926;1,2357973202922403;16,56788387833309;15,725558970291361;3,094968934600097;1,563321073301893;2,0186610441541574E-06;2,250030817733238;1,0500718660946262E-05;
11500;13,600663810465148;1,2271207463100233;16,539393074970043;15,682107216305251;3,094968934600097;1,5565335864236487;1,349113140314273E-06;2,149347963567178;7,356464559622466E-06;
11750;13,293185239913889;1,2114922481163168;16,39378245132052;15,353493655837179;3,0949417143710014;1,5504483707867742;9,083017392796933E-07;2,0946588922643214;5,344629667716205E-06;
12000;13,224652326132105;1,2033590633839009;16,3733237046223;15,313934739487571;3,0949417143710014;1,5461524184243363;6,379834444025789E-07;2,0235547741221196;3,752203182800784E-06;
12250;12,908414825833558;1,1849825108797523;16,214257011615974;15,037821840400202;3,094933694109325;1,5413819852697836;4,285360616052003E-07;1,9825520166072133;2,6361960591803067E-06;
12500;12,776417231275877;1,1672066323303867;16,14835702087915;14,93193924076026;3,094933694109325;1,541079274583852;2,8767004030427755E-07;1,949471878533065;1,8590950553587505E-06;
12750;12,56471722975499;1,1581616127356262;16,030888641051234;14,755435027033613;3,0949327826718913;1,540481794661999;1,954136602666523E-07;1,9288479382152384;1,2401980363208053E-06;
13000;12,365792151582681;1,14415737161574;15,93943598928542;14,602326472310995;3,0949327826718913;1,540413650375593;1,3287361774416695E-07;1,9105780751002799;8,502336050852932E-07;
13250;12,22380891769419;1,141874347466607;15,843084351951008;14,474424028995067;3,0949327826718913;1,5403808973371802;9,250858630238668E-08;1,730810173736195;5,835047716828968E-07;
13500;12,011833343314567;1,1358284100298592;15,735170823259326;14,291907079704226;3,0949327826718913;1,5366536910239663;6,354634543903614E-08;1,5894688759945368;4,205911611787627E-07;
13750;11,885456992436053;1,135488220753758;15,660530843792149;14,175946086593537;3,0949327826718913;1,536013045832335;4,24969162615696E-08;1,5526620027293174;2,9004830990331245E-07;
14000;11,6660820283068;1,1332154959738618;15,515381196000408;13,994943409158804;3,0949327826718913;1,5337694067155323;2,898610538260016E-08;1,5127726139855435;2,081822328214855E-07;
14250;11,573050391722544;1,1321742137422661;15,439171673361928;13,897802367722027;3,0949327826718913;1,533467823910597;1,990769548321225E-08;1,5013013119845282;1,465298460701092E-07;
14500;11,319941500845607;1,1313949830579573;15,292748356342956;13,704908667404236;3,0949327826718913;1,5309779569994557;1,3044974425113765E-08;1,492907155807916;1,0044638611539369E-07;
14750;11,258327549400432;1,1263204062421734;15,22856264816176;13,627457712693637;3,0949327826718913;1,527923417633754;9,170987329554236E-09;1,4484429264465197;7,097017049595422E-08;
15000;10,994265503098093;1,1260107681130975;15,054125771597844;13,40237232297834;3,0949327826718913;1,5120865878806198;6,295227796826452E-09;1,4248192692406525;4,992717050456008E-08;
15250;10,948948988180337;1,1216240387545888;14,996349143727375;13,343175930781213;3,0949327826718913;1,5114832886884815;4,2705582181667975E-09;1,3797801156580278;3,3744723078044103E-08;
15500;10,696612679189235;1,1215027064446428;14,836260081366778;13,118584792570694;3,0949327826718913;1,4995440066485382;2,8799123263922866E-09;1,3351437529678223;2,429974604645224E-08;
15750;10,641097310386407;1,1214500712061852;14,782595924524246;13,07292069357572;3,0949327826718913;1,4950549807560367;1,989240328015285E-09;1,30721814840736;1,7329346917449582E-08;
16000;10,38166447120458;1,1208725726843856;14,60732270054529;12,852984475388666;3,0949327826718913;1,4927711871292042;1,3614729077460197E-09;1,2907927266203294;1,1921428511030285E-08;
16250;10,351695412063851;1,1155873848020565;14,579291536381279;12,80302826477169;3,0949327826718913;1,4885594436833844;9,435515657685302E-10;1,2833908604190278;8,610396511343766E-09;
16500;10,104322482873636;1,1152500421886598;14,422003752862405;12,598010506630033;3,0949327826718913;1,4850259542674982;6,511880989990004E-10;1,2615414325376695;5,98777221583191E-09;
16750;10,071052362425688;1,1112265848657341;14,375793086572362;12,5372084705458;3,0949327826718913;1,48205967535444;4,4144121247313705E-10;1,2344431794398474;4,289780823896194E-09;
17000;9,823183757162209;1,106597375200078;14,189002911997978;12,305929040880766;3,0949327826718913;1,4811288541414396;2,9520682787165244E-10;1,228975247805902;3,0309968845898537E-09;
17250;9,782220918355415;1,1065302622505915;14,152568265785055;12,267594513734782;3,0949327826718913;1,4807398759141586;1,9709842646875587E-10;1,2181852062963832;2,0717249604729204E-09;
17500;9,533284094698958;1,1011342918334268;13,975702287497029;12,041649058005724;3,0949327826718913;1,473712289935749;1,3226872042082504E-10;1,2070209602473632;1,4539923220979745E-09;
17750;9,49542771950619;1,1010074506123053;13,941877351954158;12,001105668400198;3,0949327826718913;1,4689542092389039;8,945510998614736E-11;1,1946519006542358;9,885087415284487E-10;
18000;9,248606954368055;1,09188308211914;13,778403750819749;11,759559337398603;3,0949327826718913;1,4596577230896015;5,99989924410238E-11;1,1902495327015563;7,194350182260222E-10;
18250;9,135467201986886;1,0822984171613508;13,680534359209327;11,634004951415282;3,0949327826718913;1,4522485226984017;4,080517257420979E-11;1,1841577594593335;4,988401336447624E-10;
18500;8,986472691157049;1,0718674358634923;13,555412191349014;11,487075955636708;3,0949327826718913;1,44865585281067;2,703933077441434E-11;1,1799564881312947;3,532815462392591E-10;
18750;8,840122594017725;1,0580991595010096;13,422845266405364;11,352030619253688;3,0949327826718913;1,4423456288353271;1,8850965233241367E-11;1,1791628743271572;2,50365399523389E-10;
19000;8,725710517263556;1,0531530937109057;13,341337404572972;11,227297866247671;3,0949327826718913;1,44226070188374;1,2977476870901228E-11;1,1745960458366422;1,7363630533395736E-10;
19250;8,568783227070695;1,0531515464166121;13,194419207692327;11,081960976801305;3,0949327826718913;1,4409239639565437;8,907701243288102E-12;1,1707729092996457;1,2321434539330766E-10;
19500;8,463716455153257;1,0520585691952555;13,11171629993798;10,966278547733488;3,0949327826718913;1,4407497200885233;6,087486070782688E-12;1,1696011576844996;8,916449800722148E-11;
19750;8,292510203655596;1,0396145141242819;12,988024842303462;10,767009224582468;3,0949327826718913;1,4365720819531396;4,1963055252836056E-12;1,1678225449355204;6,242734329475752E-11;
20000;8,220335673879196;1,0336830911418886;12,938445377989492;10,701103193173997;3,0949327826718913;1,436199938196553;2,8892621628529014E-12;0,9699182741543143;4,489477234415062E-11;
20250;8,039519389614165;1,0291022602221138;12,809490170713431;10,520925732162468;3,0949327826718913;1,4339782930826643;1,984599151683142E-12;0,9695654076461234;3,0389966099164665E-11;
20500;7,992945888321469;1,0260074503804573;12,776607283720772;10,46965342125652;3,0949327826718913;1,4338775715030476;1,3256418185392249E-12;0,9468778512150486;2,0725305915902935E-11;
20750;7,800424222024421;1,007739835751985;12,630983590325146;10,253844130916988;3,0949327826718913;1,4320576250289185;9,205614048823918E-13;0,9321360843304535;1,4383640944970467E-11;
21000;7,754034387752521;1,0028707969896873;12,585427406320726;10,200141703484842;3,0949327826718913;1,4316697756077468;6,268230379191664E-13;0,9251252238062699;1,0607958955688446E-11;
21250;7,574219270640234;0,9932035600666131;12,450835056276476;9,988503864389806;3,0949327826718913;1,4310179219835435;4,240341411332338E-13;0,9109830837996458;7,325891004938966E-12;
21500;7,532511927492894;0,9912266615603018;12,414595376504247;9,94351830972941;3,0949327826718913;1,4310012709925963;2,965627743378718E-13;0,8800154019304839;4,932783070898949E-12;
21750;7,349290131964136;0,9818504114587246;12,288716481333756;9,740780518065058;3,0949327826718913;1,4310009562176242;2,1229240587672394E-13;0,8795770711214331;3,582396601586879E-12;
22000;7,306768321896181;0,9818241467987234;12,2637897154029;9,688732001685228;3,0949327826718913;1,4310009562176242;1,4955148230910708E-13;0,879224352008888;2,502300588957951E-12;
22250;7,120732568221272;0,9792555797044254;12,144648340990903;9,509135068380067;3,0949327826718913;1,4281129184171186;1,1032952329514956E-13;0,8593328061416164;1,7788259754070168E-12;
22500;7,0968748291713135;0,9782782412218499;12,125179086536663;9,473867809517984;3,0949327826718913;1,4281129184171186;8,162359677044151E-14;0,8591335568088999;1,2222578504861304E-12;
22750;6,906359283393165;0,9758196101991335;12,00840122462656;9,27898956108625;3,0949327826718913;1,4256002977604123;6,556533094226324E-14;0,8444646465071604;8,801315232176421E-13;
23000;6,877909848422985;0,9756472516544634;11,974168348101612;9,256102682863348;3,0949327826718913;1,4255934797899732;5,4480864264405685E-14;0,8318218143774224;6,159517340620368E-13;
23250;6,70835549317707;0,9702562492082;11,848484639405577;9,0726390497025;3,0949327826718913;1,4252826561439855;4,794387109541276E-14;0,7989533729951076;4,3931080995207595E-13;
23500;6,682050569210412;0,9671010524209517;11,838777517021256;9,041981236537957;3,0949327826718913;1,4243225312599883;4,225952920933196E-14;0,7839919316127251;2,97628588441512E-13;
23750;6,513934163072545;0,9612582436758746;11,685111289379329;8,862952622657179;3,0949327826718913;1,4241937097836899;3,984368390774762E-14;0,7792155765064459;2,1037394049017167E-13;
24000;6,489971648484206;0,957034397006645;11,680011244293926;8,845539021156675;3,0949327826718913;1,422966369170601;3,799627279477136E-14;0,7693188836394995;1,6198598018490884E-13;
24250;6,325834184848709;0,9516364869514656;11,5494234408062;8,63846327169477;3,0949327826718913;1,4229609499279565;3,643307877609914E-14;0,7692949194569895;1,1679546219056647E-13;
24500;6,248143887600284;0,9490599221118895;11,504040289939164;8,566754987425568;3,0949327826718913;1,4225999503938862;3,465672193669889E-14;0,7668295313294398;9,15001407975069E-14;
24750;6,149902492788999;0,9486511484673393;11,40587245840519;8,451783950977392;3,0949327826718913;1,4225977383996389;3,295141937087465E-14;0,7664150146419121;7,188916129052813E-14;
25000;6,035292485055721;0,9479294382805152;11,32395955841253;8,339742653141638;3,0949327826718913;1,42250899372655;3,19566595408105E-14;0,7663764037117536;5,845990358466224E-14;
25250;5,973591536466046;0,9443582852337775;11,272309383892102;8,24932206664744;3,0949327826718913;1,4198211615652752;3,1317171078626414E-14;0,7663607951795744;4,957811938766099E-14;
25500;5,8438781363632994;0,9435196465618323;11,174009527221552;8,132696904107988;3,0949327826718913;1,4174695187743498;3,081979116359435E-14;0,7604411877854862;4,481748305806832E-14;
25750;5,7999218258389575;0,9434088906730516;11,133622655580846;8,067165135277117;3,0949327826718913;1,4173848258688566;3,0322411248562276E-14;0,7602646070026086;4,1406877926419836E-14;
26000;5,673115456104556;0,9364151891306274;11,040385133011275;7,966268124548879;3,0949327826718913;1,4173068517522507;2,961186851280218E-14;0,759962789794607;3,8422598436227416E-14;
26250;5,635608461320979;0,9326399260467834;10,992808120424945;7,898321111643712;3,0949327826718913;1,417258136490001;2,925659714492212E-14;0,7596596857824729;3,593569886106707E-14;
26500;5,505023732958602;0,9315819228047549;10,884781630239171;7,787397297517415;3,0949327826718913;1,4172534207415401;2,847500013558602E-14;0,7596505072649161;3,3733016380210754E-14;
26750;5,473479689880426;0,9265672559573104;10,848314049967826;7,723589174227596;3,0949327826718913;1,4168266710237845;2,8261837314857985E-14;0,7596397182530583;3,202771381438652E-14;
27000;5,344532962146513;0,9253511533489324;10,728152176705155;7,576576691431464;3,0949327826718913;1,4133090756861424;2,8119728767705965E-14;0,7595904954195924;3,0748736890018333E-14;
27250;5,322825276363158;0,924157689914439;10,708123432785829;7,525765796599672;3,0949327826718913;1,412095066608366;2,7551294579097884E-14;0,7593854382372026;2,961186851280218E-14;
27500;5,195751605010896;0,9201519918213215;10,595940188496083;7,3716241376178235;3,0949327826718913;1,4120437904804113;2,6982860390489804E-14;0,7593491502719434;2,875921722989006E-14;
27750;5,172569365024816;0,9201311169258148;10,563274409426938;7,338732336618341;3,0949327826718913;1,406695121582834;2,6414426201881723E-14;0,7592669599642535;2,8048674494129953E-14;
28000;5,040779829745131;0,9042098953367322;10,474951117748073;7,1916109435033055;3,0949327826718913;1,4045786335603156;2,6130209107577686E-14;0,7592582031520456;2,7409186031945864E-14;
28250;5,025009013146633;0,8996213242442913;10,446799790460837;7,162917955237234;3,0949327826718913;1,4038008489561975;2,5774937739697634E-14;0,7592489080203648;2,6485480475457735E-14;
28500;4,904236551294993;0,8817991508815085;10,357673821223102;7,037203946743891;3,0949327826718913;1,3991789230504583;2,5703883466121625E-14;0,7592444218469616;2,5419666371817585E-14;
28750;4,88871769168804;0,8775285387234452;10,327440373149484;7,01680566661392;3,0949327826718913;1,39913223706704;2,5490720645393594E-14;0,7592404641689962;2,4495960815329452E-14;
29000;4,765861378148408;0,8679277865660704;10,232578856940536;6,8735220545813185;3,0949327826718913;1,39913223706704;2,5348612098241573E-14;0,7592328263112681;2,3998580900297383E-14;
29250;4,752979522702193;0,8626464790037737;10,21301174602711;6,853724233465752;3,0949327826718913;1,3990432532576063;2,5206503551089553E-14;0,4534100919382488;2,2932766796657234E-14;
29500;4,633053302252827;0,8600059453496617;10,10769868178249;6,719068750588135;3,0949327826718913;1,3884123059414941;2,4780177909633493E-14;0,4433199244516319;2,1938006966593093E-14;
29750;4,623450304919959;0,845725929698106;10,09287842115401;6,695787524555085;3,0949327826718913;1,3875726691110482;2,4495960815329452E-14;0,4384786320970339;2,1724844145865064E-14;
30000;4,513973176672111;0,839905934454704;9,977712178979177;6,5526813930585455;3,0949327826718913;1,3872714510714497;2,4211743721025415E-14;0,4384774145250966;2,094324713652895E-14;
30250;4,463708949334008;0,8389393818307674;9,93743044625643;6,47947110517083;3,0949327826718913;1,3871926706806375;2,3998580900297383E-14;0,4345539648859064;2,0587975768648903E-14;
30500;4,39012354572519;0,8354814213638978;9,86206272398564;6,391370156387503;3,0949327826718913;1,3871673096059356;2,3998580900297383E-14;0,4304054089628089;2,0232704400768854E-14;
30750;4,321676275357439;0,832639201857357;9,80187390258896;6,282855366543445;3,0949327826718913;1,3871376727109095;2,3785418079569355E-14;0,42599547391891607;1,9877433032888802E-14;
31000;4,273175439258221;0,8323589538727042;9,75361053401678;6,2031450548807285;3,0949327826718913;1,38713335359775;2,3501200985265314E-14;0,42395728808881605;1,9380053117856733E-14;
31250;4,189852576099269;0,8201688180689781;9,683804353632743;6,089891081767984;3,0949327826718913;1,38694015479474;2,3359092438113294E-14;0,4229405624687336;1,8740564655672644E-14;
31500;4,153311460636067;0,8162522609417432;9,650296816385705;6,042039515026573;3,0949327826718913;1,3867376386183077;2,3145929617385262E-14;0,42290909976226554;1,8527401834944612E-14;
31750;4,073995805216644;0,7978431066192623;9,572192544551148;5,9282923816013495;3,0949327826718913;1,3833610226420654;2,3145929617385262E-14;0,42290872300011684;1,8314239014216583E-14;
32000;4,044497108924687;0,797775218490669;9,534598037487326;5,888333129792753;3,0949327826718913;1,3824132991914615;2,3003821070233242E-14;0,4226943098321543;1,810107619348855E-14;
32250;3,9625874383212625;0,7895516997592044;9,457988597637566;5,760823862202529;3,0949327826718913;1,3724284530710895;2,2861712523081222E-14;0,42268608302600186;1,795896764633653E-14;
32500;3,944334229484929;0,7891983048067597;9,428835299402667;5,736701988554142;3,0949327826718913;1,3677972620317382;2,2648549702353193E-14;0,42267903866262485;1,7603696278456482E-14;
32750;3,8569914832787253;0,781170764171173;9,355645242016637;5,615856779097701;3,0949327826718913;1,362160495700952;2,2648549702353193E-14;0,4226724039143221;1,7319479184152442E-14;
33000;3,844651090483495;0,7786816691350027;9,340848345336319;5,593458036453623;3,0949327826718913;1,3612423351401501;2,2435386881625165E-14;0,42266835944813386;1,7177370637000422E-14;
33250;3,764639677800028;0,7750312529849522;9,249473726782831;5,49195383538599;3,0949327826718913;1,3595220145417541;2,2080115513745113E-14;0,42266823378429835;1,7035262089848402E-14;
33500;3,7523813941253574;0,773749989303304;9,235377045187983;5,47081543002297;3,0949327826718913;1,3594633129749725;2,1795898419441072E-14;0,4226680755835243;1,646682790124032E-14;
33750;3,6700849479199644;0,7698836965225011;9,175833941884322;5,348746901436652;3,0949327826718913;1,3580797285663428;2,1582735598713044E-14;0,4226604966024634;1,589839371263224E-14;
34000;3,6603300126881275;0,7665084376219654;9,161424941636342;5,3350967236517866;3,0949327826718913;1,358075212000262;2,1369572777985012E-14;0,4226551418340502;1,5472068071176183E-14;
34250;3,573208166564289;0,7587051527613731;9,110909335198473;5,2184618510622105;3,0949327826718913;1,357212802085071;2,1014301410104963E-14;0,4226550836382046;1,497468815614411E-14;
34500;3,5671881758644264;0,75869592437082;9,090136777798117;5,200045243072713;3,0949327826718913;1,357198995765531;2,1014301410104963E-14;0,42265417034575437;1,4761525335416082E-14;
34750;3,482053557722711;0,743463981911789;9,050344111371542;5,102089094386434;3,0949327826718913;1,3571904748945138;2,0659030042224914E-14;0,42265172891812997;1,4619416788264062E-14;
35000;3,4749993614682437;0,7333680355801572;9,041518337529233;5,086218694984386;3,0949327826718913;1,3571883530923605;2,0516921495072894E-14;0,42264482031663236;1,4193091146808002E-14;
35250;3,3930838533057357;0,7208637820387268;8,986328157710156;4,9849184726628515;3,0949327826718913;1,357188151352963;2,0232704400768854E-14;0,42264474842020144;1,3624656958199921E-14;
35500;3,3862595811934995;0,7173568282366767;8,978483972782898;4,971568285924853;3,0949327826718913;1,3556666261206525;2,0161650127192842E-14;0,42264468648898434;1,341149413747189E-14;
35750;3,303178101252203;0,7131094221507661;8,919838773535655;4,866224487153232;3,0949327826718913;1,354532553649642;1,9877433032888802E-14;0,4226432716482977;1,319833131674386E-14;
36000;3,2977904127942406;0,707455672909945;8,912597885632211;4,852224038611937;3,0949327826718913;1,3545324388267141;1,9664270212160773E-14;0,4226401897145217;1,298516849601583E-14;
36250;3,2165622902873867;0,7013080124291367;8,85688749641054;4,7505279582956605;3,0949327826718913;1,3544334737167572;1,9380053117856733E-14;0,4226401142810739;1,2843059948863812E-14;
36500;3,1774786349958224;0,6997665591771337;8,831986465105969;4,709395610562391;3,0949327826718913;1,3544168476613327;1,9380053117856733E-14;0,4226386535430835;1,2700951401711791E-14;
36750;3,1342178362672666;0,6956809430661113;8,793012545286864;4,653691329010001;3,0949327826718913;1,354412672533814;1,9024781749976684E-14;0,42263861555537025;1,2558842854559771E-14;
37000;3,082108440033514;0,6956674496495515;8,75123637140751;4,594752426903252;3,0949327826718913;1,354412672533814;1,9024781749976684E-14;0,4226385992786001;1,2558842854559771E-14;
37250;3,047388188387807;0,6907801610310116;8,738443686292735;4,560207818590964;3,0949327826718913;1,354412672533814;1,8811618929248652E-14;0,2729088352968525;1,2345680033831741E-14;
37500;2,989254177651554;0,682915025193804;8,688228271275406;4,496054266997928;3,0949327826718913;1,354412672533814;1,8740564655672644E-14;0,25389445912504255;1,20614629395277E-14;
37750;2,965195572506452;0,6787443851342442;8,666407735361148;4,466703702913035;3,0949327826718913;1,354412672533814;1,8669510382096632E-14;0,1560527901642406;1,163513729807164E-14;
38000;2,9003648941185407;0,6643661856780525;8,622371945892104;4,3966350986383285;3,0949327826718913;1,354412268565763;1,8314239014216583E-14;0,1560527844529724;1,142197447734361E-14;
38250;2,8780496379023024;0,6637287295200514;8,615990477912629;4,372721577322206;3,0949327826718913;1,354409551909991;1,824318474064057E-14;0,05977810353162294;1,113775738303957E-14;
38500;2,815310530002418;0,6506837422627336;8,576607331462837;4,297745273970232;3,0949327826718913;1,3531641381903257;1,810107619348855E-14;0,03465639604244795;1,1066703109463561E-14;
38750;2,7952173368436375;0,649659476907834;8,56993264786244;4,2761498966333855;3,0949327826718913;1,35314982899603;1,795896764633653E-14;0,03465624938081113;1,1066703109463561E-14;
39000;2,7316569736997542;0,6474481934780414;8,52381755899305;4,192233818084818;3,0949327826718913;1,3511133833008315;1,781685909918451E-14;0,03465622332399207;1,0995648835887551E-14;
39250;2,7124629210199425;0,6474242641373215;8,514330916320562;4,174536279757705;3,0949327826718913;1,3511133833008315;1,767475055203249E-14;0,034656201883764975;1,071143174158351E-14;
39500;2,650053040391587;0,643602652154872;8,477280004621916;4,093486392751516;3,0949327826718913;1,348960237405471;1,7603696278456482E-14;0,014592452774950937;1,06403774680075E-14;
39750;2,6339701537873816;0,6432173641527842;8,470678929253925;4,084244542951338;3,089150495041194;1,3487658032653624;1,753264200488047E-14;0,014061626822392839;1,06403774680075E-14;
40000;2,571933700626922;0,6367753465588342;8,440056077828604;4,007595845300536;3,089150495041194;1,3487658032653624;1,753264200488047E-14;0,011804399869342265;1,056932319443149E-14;
40250;2,5604187929071918;0,634889368879525;8,416198125496383;4,00310815509481;3,089150495041194;1,3487658032653624;1,753264200488047E-14;0,011804399221037966;1,056932319443149E-14;
40500;2,4992362671848385;0,633280829948731;8,380480056450496;3,9194333435153856;3,089150495041194;1,3487658032653624;1,7461587731304462E-14;0,011804398509732882;1,049826892085548E-14;
40750;2,48780486965007;0,6277223421960274;8,36479853172804;3,9101503302259006;3,089150495041194;1,3487658032653624;1,7248424910576434E-14;0,011804394078360732;1,049826892085548E-14;
41000;2,429155149658885;0,6061686257717237;8,317143518323347;3,837325171817612;3,089150495041194;1,3487581059840337;1,7248424910576434E-14;0,011804386974571797;1,035616037370346E-14;
41250;2,4200585102833383;0,6018327791187267;8,306815266270545;3,8312405296069123;3,089150495041194;1,3487581059840337;1,7106316363424413E-14;0,004966063759733865;1,028510610012745E-14;
41500;2,3610953440020306;0,598903123842842;8,265616982874144;3,7559456107749365;3,089150495041194;1,3487578700495066;1,6964207816272393E-14;0,0035460485061330795;1,007194327939942E-14;
41750;2,3528722655405043;0,5961168072937458;8,25567677435486;3,7527097003308825;3,089150495041194;1,3487578700495066;1,689315354269638E-14;0,0035460464825704287;1,000088900582341E-14;
42000;2,293106708205728;0,5952299908863931;8,200434014603365;3,6874434891719132;3,089150495041194;1,3458068267719097;1,675104499554436E-14;0,0035460438026859364;9,9298347322474E-15;
42250;2,2714829481438623;0,5907040233871711;8,183987376415724;3,662737379945268;3,089150495041194;1,3458068267719097;1,6679990721968353E-14;0,003546042903103448;9,9298347322474E-15;
42500;2,2270845768601983;0,5901057955086525;8,15127452243789;3,6094328351654825;3,089150495041194;1,3450406275761535;1,6537882174816333E-14;0,001959811375443543;9,9298347322474E-15;
42750;2,1878677755559455;0,5888952003965994;8,126382393344628;3,5732977944822983;3,0771404139613323;1,3437488050006337;1,63247193540883E-14;0,001858428433460748;9,85878045867139E-15;
43000;2,165230190682307;0,5869412571029632;8,103926714565457;3,537798116370685;3,061722149754593;1,3437484483638449;1,6253665080512292E-14;0,001538608837888562;9,78772618509538E-15;
43250;2,119257838409336;0,586823704283637;8,070903857216074;3,4921370810811316;3,061722149754593;1,3406992594204226;1,6111556533360272E-14;0,0011034558386027982;9,71667191151937E-15;
43500;2,095765206423357;0,586454076142969;8,060096875191073;3,460558414742987;3,061722149754593;1,3406992594204226;1,5969447986208252E-14;0,0010981083899832278;9,71667191151937E-15;
43750;2,058022585321624;0,5862120986938681;8,03290081488505;3,405280067468914;3,061722149754593;1,339773216580708;1,5827339439056232E-14;0,0008334151076762897;9,361400543639319E-15;
44000;2,0399160377927283;0,5860197724772529;8,022009723834021;3,385060547538519;3,061722149754593;1,338627725334264;1,5827339439056232E-14;0,00034731530328898865;9,2192919964873E-15;
44250;1,9985128661339993;0,585934603378138;7,992402953300408;3,3217252235682735;3,0472415616119344;1,338627725334264;1,575628516548022E-14;0,0002132937244965305;9,07718344933528E-15;
44500;1,9825921819700962;0,5858892897009674;7,984973069373596;3,310093761807485;3,0424099528370925;1,338627725334264;1,554312234475219E-14;0,00019608422289695503;8,86402062860725E-15;
44750;1,9339628088203846;0,5841590512149222;7,950997337186773;3,250241597459553;3,0320231158138427;1,338627725334264;1,5472068071176183E-14;0,000196084021703129;8,57980353430321E-15;
45000;1,919660593107368;0,5841567159349503;7,946012962227025;3,239286050684238;3,0287552116743104;1,338627725334264;1,5472068071176183E-14;9,241138631554513E-05;8,43769498715119E-15;
45250;1,8758770970115413;0,583104475980551;7,9103667865464455;3,1733665064100482;3,0160756049799256;1,338627725334264;1,525890525044815E-14;9,241120351050292E-05;8,43769498715119E-15;
45500;1,861170187510996;0,5831022767643352;7,898999352452761;3,1627402545643175;3,0130945417873267;1,338627725334264;1,5187850976872143E-14;9,241023536840309E-05;8,22453216642316E-15;
45750;1,8152356816401254;0,5768814780982026;7,857721592266095;3,1055429917119635;2,94298035017666;1,3382678264606849;1,511679670329613E-14;9,241012134931558E-05;8,08242361927114E-15;
46000;1,7995723098453962;0,5755823435113264;7,852180717215236;3,0980259341765914;2,927947049983909;1,3382178963385656;1,511679670329613E-14;3,374463121013527E-05;8,08242361927114E-15;
46250;1,7528596463013846;0,5663780464804005;7,813608052338142;3,0410932829162336;2,853441046157655;1,329404928513579;1,511679670329613E-14;3,374436277321813E-05;7,940315072119119E-15;
46500;1,741857648655024;0,5657985241976697;7,780910017048477;3,032250672539826;2,846739153014291;1,3293899859444918;1,5045742429720123E-14;3,374435398124653E-05;7,940315072119119E-15;
46750;1,6955585205462496;0,5572585679810955;7,744295426126928;2,9704202071673764;2,814590146981542;1,3290442234371935;1,5045742429720123E-14;3,37443048920516E-05;7,869260798543109E-15;
47000;1,6814365885265454;0,5568561900536114;7,737392458414819;2,9599608427279174;2,800813537054268;1,3289743399498275;1,5045742429720123E-14;1,4689999094601446E-05;7,869260798543109E-15;
47250;1,6367083248806644;0,5540915310987934;7,690722573696097;2,905031449793478;2,752909893278459;1,3254878507330758;1,5045742429720123E-14;6,815472224381836E-06;7,869260798543109E-15;
47500;1,6249652419635163;0,5526469416118026;7,6859686522676;2,8995899488603176;2,7529045316941367;1,3254878507330758;1,5045742429720123E-14;6,815448941033253E-06;7,727152251391089E-15;
47750;1,5846016038843231;0,5477366378287506;7,6471809392237455;2,8360940901564704;2,741461157183468;1,3254878507330758;1,5045742429720123E-14;2,877651783199653E-06;7,656097977815079E-15;
48000;1,5725809151701688;0,5376638165507258;7,641627977408216;2,8331159498767073;2,7410025678168815;1,3254878507330758;1,497468815614411E-14;1,0630985814863435E-06;7,656097977815079E-15;
48250;1,5239221143912363;0,5376324065665105;7,60671927087758;2,77315102818811;2,7403790874091385;1,3253013088539822;1,483257960899209E-14;1,0629938052097998E-06;7,37188088351104E-15;
48500;1,4980063788096951;0,5375967399278114;7,594735934207574;2,75332747184611;2,7402549209431637;1,3226666880562983;1,483257960899209E-14;1,0629783066384847E-06;7,37188088351104E-15;
48750;1,4685541219709142;0,5330239823597767;7,559202569806441;2,7123697887202187;2,740250577242764;1,3223432604034426;1,4761525335416082E-14;1,0629651687743547E-06;7,22977233635902E-15;
49000;1,436132760036074;0,5311391347421186;7,536423926436298;2,6839571186281335;2,7402476627206425;1,3168360279493363;1,469047106184007E-14;1,062897866805912E-06;7,22977233635902E-15;
49250;1,4118731888370124;0,5311000967446382;7,5136431995812965;2,6559357650845827;2,740247221973908;1,3168295991759011;1,469047106184007E-14;1,0628932364120657E-06;7,15871806278301E-15;
49500;1,3870271519255646;0,5244775612500667;7,489264163819521;2,622767735378983;2,740246718332858;1,3138755532288515;1,469047106184007E-14;1,0628257181544142E-06;7,087663789207E-15;
49750;1,3678624599782492;0,5242435890719404;7,473209411460357;2,6002613989024383;2,740246718332858;1,3135631183470713;1,469047106184007E-14;3,467929129552516E-07;7,087663789207E-15;
50000;1,3342445164909387;0,5241860236829661;7,448480056160885;2,5639952846408964;2,740245916787075;1,3073073516141047;1,469047106184007E-14;3,467802617418414E-07;7,087663789207E-15;
50250;1,313236361325632;0,5240689084286586;7,437997768097928;2,5476583748613884;2,7111273163983696;1,3036443300018439;1,469047106184007E-14;3,4676824518520276E-07;6,8745009684789695E-15;
50500;1,279733223932798;0,5240120852899062;7,416156448168047;2,5070651488256597;2,7111273163983696;1,2944380118480219;1,469047106184007E-14;3,467602934303926E-07;6,590283874174929E-15;
50750;1,2595940011230717;0,524010299473373;7,41118291860935;2,494630102668658;2,7111273163983696;1,2928809307107128;1,469047106184007E-14;9,516856884772551E-08;6,519229600598919E-15;
51000;1,22966249268202;0,5229726194891744;7,38894838923739;2,4529421240192435;2,7111273163983696;1,2928633982604831;1,4619416788264062E-14;7,537887918296348E-08;6,519229600598919E-15;
51250;1,2080093532629927;0,5227996937081876;7,3882222830048;2,4372654702099514;2,7111273163983696;1,2928633982604831;1,4619416788264062E-14;6,373668703929525E-08;6,519229600598919E-15;
51500;1,1705175271016675;0,5216042150508793;7,35976566564209;2,3917508617228473;2,7111273163983696;1,2928632703740888;1,454836251468805E-14;1,2723209126264124E-08;6,377121053446899E-15;
51750;1,161158497326449;0,5215962515591971;7,359231291926823;2,376198538901576;2,7111273163983696;1,2928632703740888;1,454836251468805E-14;9,646995771106504E-09;6,377121053446899E-15;
52000;1,120062479507321;0,521273994494778;7,339445312745957;2,333463733218304;2,7111273163983696;1,2928632703740888;1,440625396753603E-14;3,594658357641833E-09;6,306066779870889E-15;
52250;1,1078070774946434;0,5212641403139109;7,334780151963665;2,3185904851929937;2,7111273163983696;1,288565178451674;1,440625396753603E-14;2,27412654041359E-09;6,306066779870889E-15;
52500;1,0757618116444967;0,5212588858427329;7,317887673580993;2,2737287031648385;2,7111273163983696;1,287446468533889;1,440625396753603E-14;1,2027926832303137E-09;6,235012506294879E-15;
52750;1,0663135736637583;0,5212588858427329;7,317125478913781;2,2633154568794667;2,7111273163983696;1,287446468533889;1,440625396753603E-14;8,896380432332762E-10;6,235012506294879E-15;
53000;1,0355862330542245;0,5211811767921131;7,3028365470839525;2,220975695373479;2,7111273163983696;1,2847394251938993;1,440625396753603E-14;7,87711735839025E-10;6,1639582327188695E-15;
53250;1,0244877762509372;0,5211775325822933;7,300021857003737;2,209626609025366;2,7111273163983696;1,2847394251938993;1,440625396753603E-14;7,565086690419776E-10;6,1639582327188695E-15;
53500;0,99155894809291;0,5211668085403838;7,278750625860355;2,1673953666321015;2,7111273163983696;1,2846528064477383;1,440625396753603E-14;4,328372682493864E-10;6,092903959142859E-15;
53750;0,9838918181450015;0,5211578022932812;7,276868591131741;2,1586007112974044;2,7111273163983696;1,2846528064477383;1,426414542038401E-14;2,5616214927026704E-10;6,092903959142859E-15;
54000;0,9434821819973547;0,521157707905081;7,251561268630334;2,111659986265422;2,7111273163983696;1,284558040653655;1,426414542038401E-14;2,399591458868144E-10;6,092903959142859E-15;
54250;0,9328815753625276;0,5211574574196163;7,2472673156936676;2,102675939768832;2,7111273163983696;1,284558040653655;1,426414542038401E-14;2,3955633920991206E-10;6,092903959142859E-15;
54500;0,8985027079209651;0,5211374150097824;7,226264400656328;2,0635465640805633;2,7111273163983696;1,284558040653655;1,426414542038401E-14;2,164989432174025E-10;5,950795411990839E-15;
54750;0,8800272442551592;0,5211278167036728;7,208916393625652;2,039923118686866;2,7111273163983696;1,2787588860254921;1,4193091146808002E-14;2,159601386608756E-10;5,950795411990839E-15;
55000;0,8532615463614043;0,5211172939829612;7,187987085395099;2,020444710279895;2,7111273163983696;1,278098722464773;1,4050982599655981E-14;2,158647838257366E-10;5,950795411990839E-15;
55250;0,8305627083666743;0,5211172939829612;7,177366963039201;1,9970119524813053;2,7111273163983696;1,2691945263268245;1,4050982599655981E-14;2,01418739464998E-10;5,950795411990839E-15;
55500;0,8107625165155519;0,5209613508589548;7,163088862191695;1,9784674890564053;2,7111273163983696;1,269165445005285;1,4050982599655981E-14;1,8371713039755378E-10;5,808686864838819E-15;
55750;0,7875184137150355;0,518217600815613;7,147843378111608;1,9533020501059895;2,7111273163983696;1,2618155613943767;1,4050982599655981E-14;1,1984942815956855E-10;5,808686864838819E-15;
56000;0,7749909586682143;0,5182055011866629;7,131252241116631;1,93749451597892;2,7111273163983696;1,261809791301465;1,3979928326079971E-14;1,1141365163780392E-10;5,808686864838819E-15;
56250;0,7543173790914508;0,5143074998282364;7,121004445940774;1,9153176990825687;2,7111273163983696;1,2618006238817991;1,3908874052503961E-14;1,1127239574193482E-10;5,808686864838819E-15;
56500;0,7416518755782814;0,5131663116468226;7,106487648568807;1,8967581660400654;2,7111273163983696;1,2618006238817991;1,3766765505351941E-14;1,1116297216062776E-10;5,808686864838819E-15;
56750;0,7183359160078814;0,5044715062945647;7,094558498482461;1,8666466594150257;2,7111273163983696;1,2556221812402635;1,3624656958199921E-14;1,1112602393836823E-10;5,808686864838819E-15;
57000;0,7135582087829839;0,5036070848450841;7,06445767049189;1,860065599343802;2,7111273163983696;1,2499347032416943;1,34825484110479E-14;1,0571318043162137E-10;5,808686864838819E-15;
57250;0,6961257721117982;0,4977484335301753;7,045604661227796;1,8306518396874412;2,7111273163983696;1,2452327074755278;1,34825484110479E-14;6,781908368225231E-11;5,666578317686799E-15;
57500;0,6903330505056746;0,49224069925017516;7,030171198761224;1,8198549535027453;2,7111273163983696;1,2373747606817123;1,341149413747189E-14;5,931751090315629E-11;5,666578317686799E-15;
57750;0,6747188673652471;0,49224069925017516;7,010101346755815;1,78931113827535;2,7111273163983696;1,2307150820254413;1,341149413747189E-14;5,3092232832341325E-11;5,595524044110789E-15;
58000;0,6718165485922866;0,4908955399502247;7,004302056272905;1,78150413701333;2,7111273163983696;1,2261098920527034;1,334043986389588E-14;3,321799724176344E-11;5,524469770534779E-15;
58250;0,6554218778806034;0,4880271038101729;6,978832977362182;1,7572898957991367;2,7111273163983696;1,2248012375853345;1,326938559031987E-14;3,204773335596656E-11;5,524469770534779E-15;
58500;0,6527948387908069;0,48702783467822414;6,97394610831691;1,7493411346919836;2,7111273163983696;1,2248012375853345;1,319833131674386E-14;2,361124629146616E-11;5,524469770534779E-15;
58750;0,6357208580369763;0,4867123152216655;6,946939095308018;1,7234567182211382;2,7111273163983696;1,2247429692761151;1,305622276959184E-14;2,1332606792157095E-11;5,453415496958769E-15;
59000;0,6327094251270673;0,4850380740316817;6,944269159125709;1,7189965502271218;2,7111273163983696;1,2247429692761151;1,305622276959184E-14;1,4592753672104663E-11;5,453415496958769E-15;
59250;0,6133887174755046;0,48499149057805085;6,925357218103622;1,6920977869333007;2,7111273163983696;1,2244305844106413;1,298516849601583E-14;7,986482586375132E-12;5,3823612233827586E-15;
59500;0,6115091714391407;0,4839089449783276;6,920109144438451;1,6863695320006797;2,7111273163983696;1,2221834287673758;1,298516849601583E-14;7,061000673047601E-12;5,3823612233827586E-15;
59750;0,5914841863913898;0,48036319182159604;6,901767794377354;1,657132320824186;2,7111273163983696;1,2191225335348785;1,298516849601583E-14;5,942037972772596E-12;5,240252676230739E-15;
60000;0,5898201423320303;0,4803627932621937;6,897519055172356;1,6495596067886837;2,7111273163983696;1,2162856900233028;1,298516849601583E-14;5,8898841359678045E-12;5,240252676230739E-15;
60250;0,5744850215649789;0,47632825394686745;6,873925711175122;1,6231247290742588;2,7111273163983696;1,2143041583591632;1,2772005675287802E-14;4,2643044650958475E-12;5,098144129078719E-15;
60500;0,5681848273377216;0,47246434296274586;6,8694965320351775;1,610982006382832;2,7111273163983696;1,2140132683380718;1,2772005675287802E-14;4,137827858130549E-12;5,098144129078719E-15;
60750;0,5566221364058428;0,4690259878734632;6,831367411518229;1,590245292413911;2,7111273163983696;1,213656480419427;1,2700951401711791E-14;3,3721470060754653E-12;5,098144129078719E-15;
61000;0,5475680929610972;0,4602495059945572;6,815206198950718;1,5739548948868007;2,7111273163983696;1,2109411660536187;1,2700951401711791E-14;3,1848479409291032E-12;4,956035581926699E-15;
61250;0,5409235662522397;0,45168594931017336;6,805121872151396;1,558185535966015;2,7111273163983696;1,2109156712048743;1,2629897128135781E-14;2,8091839965327382E-12;4,956035581926699E-15;
61500;0,5271104951491198;0,4428080563364435;6,7794933688929975;1,535957095870657;2,7111273163983696;1,2084721444537296;1,2558842854559771E-14;2,3799451298600615E-12;4,956035581926699E-15;
61750;0,5222661966843491;0,4349963854197783;6,765771708521288;1,5274612153173566;2,7111273163983696;1,2057023013794868;1,2558842854559771E-14;2,1466028954364448E-12;4,956035581926699E-15;
62000;0,5085997540745654;0,42479180832303287;6,739906029050941;1,51108698533135;2,7111273163983696;1,2056700387266566;1,2416734307407751E-14;2,1457502441535326E-12;4,742872761198669E-15;
62250;0,5039272694894257;0,42287307154144543;6,731451350300649;1,5024909880171773;2,7111273163983696;1,2056697865583872;1,2416734307407751E-14;9,958078805993865E-13;4,742872761198669E-15;
62500;0,49350546938387185;0,4140427377842811;6,713517527808465;1,4811659310709886;2,7111273163983696;1,1951602952966058;1,2274625760255731E-14;9,415934698608909E-13;4,742872761198669E-15;
62750;0,488882252773711;0,41401075808505367;6,702297549335819;1,4747970149604188;2,7111273163983696;1,1950770415638339;1,2203571486679721E-14;7,522338307808241E-13;4,6007642140466485E-15;
63000;0,47948127870314655;0,41401075808505367;6,688728258566657;1,4585594288903736;2,7111273163983696;1,1936416746968108;1,2132517213103711E-14;7,367439991412539E-13;4,529709940470638E-15;
63250;0,47488064486709564;0,41401075808505367;6,680729804171401;1,4524040912694431;2,7111273163983696;1,1936376742811878;1,2132517213103711E-14;6,965272802972322E-13;4,529709940470638E-15;
63500;0,46485619830296865;0,4118650583484515;6,665653387596162;1,4300784281384933;2,7111273163983696;1,193446200174989;1,20614629395277E-14;5,849010165093204E-13;4,458655666894628E-15;
63750;0,45884520589896327;0,4118650583484515;6,660574463723523;1,4260301604741779;2,7111273163983696;1,1934440515100229;1,191935439237568E-14;4,870592817951547E-13;4,458655666894628E-15;
64000;0,4490972242561962;0,41185347959004814;6,644940562379603;1,4037667955406508;2,7111273163983696;1,1934431919113135;1,170619157164765E-14;3,8083314279901967E-13;4,387601393318619E-15;
64250;0,4461260856681132;0,41185255999980214;6,63809397084113;1,3941439240861708;2,7111273163983696;1,1934431919113135;1,170619157164765E-14;3,802647086104116E-13;4,316547119742609E-15;
64500;0,43504454800159;0,41058246977184154;6,627398328111315;1,375818553940565;2,7111273163983696;1,1934431919113135;1,170619157164765E-14;2,6494362259654737E-13;4,245492846166599E-15;
64750;0,43233371199500814;0,4082930874368924;6,623373767295977;1,3709853692777445;2,7111273163983696;1,1934431919113135;1,170619157164765E-14;2,510169849756494E-13;4,245492846166599E-15;
65000;0,42587247581333953;0,4058736974553024;6,615399774483737;1,3475234005711014;2,7111273163983696;1,1888435253922034;1,163513729807164E-14;2,2586377212974186E-13;4,245492846166599E-15;
65250;0,42480842578987144;0,4058736974553024;6,6130316372405025;1,3435309443877634;2,7111273163983696;1,1888435253922034;1,156408302449563E-14;1,9026558106816083E-13;4,245492846166599E-15;
65500;0,41505407460360394;0,4055155004762854;6,606241861257258;1,3206184379941561;2,7111273163983696;1,1872062337413023;1,156408302449563E-14;1,8813395286088052E-13;4,245492846166599E-15;
65750;0,4130849331134296;0,40543760790741035;6,605706767615352;1,317811280222616;2,7111273163983696;1,1842289399305819;1,142197447734361E-14;1,312194797264965E-13;4,245492846166599E-15;
66000;0,4047999802774124;0,401308054502199;6,597956178012023;1,2915515995102527;2,7111273163983696;1,179860925709134;1,120881165661558E-14;9,135803225035488E-14;4,245492846166599E-15;
66250;0,40347029339562046;0,4012530724462786;6,597111304644531;1,2871838613813014;2,7111273163983696;1,1796431442026423;1,120881165661558E-14;5,6257221103805935E-14;4,245492846166599E-15;
66500;0,3970116862139127;0,4010290624540168;6,587855427929878;1,2678070548461393;2,7111273163983696;1,1765323180917482;1,120881165661558E-14;5,199396468924533E-14;4,245492846166599E-15;
66750;0,3945962031794237;0,3972245936013945;6,5854185604620055;1,2557131360646334;2,7111273163983696;1,176433432744732;1,1066703109463561E-14;5,170974759494129E-14;4,245492846166599E-15;
67000;0,38817214696494756;0,3972178046707741;6,575708049399001;1,244986196866402;2,7111273163983696;1,1764249303181236;1,1066703109463561E-14;5,149658477421326E-14;4,245492846166599E-15;
67250;0,3845104041478992;0,3933051650217827;6,568890929630202;1,2323683219832575;2,7111273163983696;1,1741515926625132;1,0924594562311541E-14;5,10702591327572E-14;4,245492846166599E-15;
67500;0,381359003194224;0,3933051650217827;6,55956811280416;1,2179356711909086;2,7111273163983696;1,173775664920444;1,0782486015159521E-14;5,0643933491301144E-14;4,174438572590589E-15;
67750;0,3780498041667114;0,39211075967720405;6,550695562654677;1,2061375720109668;2,7111273163983696;1,1728960581855443;1,071143174158351E-14;4,886757665190089E-14;4,174438572590589E-15;
68000;0,37594638874409564;0,3920499275513876;6,550153219639178;1,1977966625379117;2,7111273163983696;1,1727985957993863;1,06403774680075E-14;3,948841253986757E-14;4,0323300254385686E-15;
68250;0,3721037839126125;0,39203835215593685;6,536036933170736;1,1834273271636306;2,7111273163983696;1,1696616833877682;1,06403774680075E-14;3,941735826629156E-14;4,0323300254385686E-15;
68500;0,37024004310758857;0,39086768890114654;6,535461405089051;1,1743850028108698;2,7111273163983696;1,1662426155408476;1,049826892085548E-14;3,174349672008248E-14;4,0323300254385686E-15;
68750;0,36410456232295574;0,39085057419745994;6,522508122134514;1,1638486069937688;2,7111273163983696;1,1578099335285479;1,049826892085548E-14;2,0161650127192842E-14;4,0323300254385686E-15;
69000;0,36292304653397656;0,39047727018241574;6,522315092732762;1,1568952102485905;2,7111273163983696;1,1561000402115666;1,042721464727947E-14;2,0019541580040822E-14;3,9612757518625585E-15;
69250;0,35666867287483434;0,39041427102674775;6,50098166257863;1,1439284912202152;2,7111273163983696;1,1483733477212128;1,042721464727947E-14;1,9948487306464813E-14;3,9612757518625585E-15;
69500;0,3556572149201794;0,3902996966202309;6,488416651185179;1,1334668447173193;2,7111273163983696;1,1477286926088304;1,028510610012745E-14;1,8669510382096632E-14;3,9612757518625585E-15;
69750;0,347930581866309;0,3902540936581728;6,479409337498251;1,1241734908466612;2,7111273163983696;1,1458906172393506;1,028510610012745E-14;1,781685909918451E-14;3,9612757518625585E-15;
70000;0,3469790411618506;0,3901735594133757;6,471019002835964;1,11174620314426;2,7111273163983696;1,142164039449919;1,028510610012745E-14;1,739053345772845E-14;3,9612757518625585E-15;
70250;0,34213604386586627;0,39012062487667154;6,440632734648013;1,1012136166300015;2,7111273163983696;1,1353824220099682;1,021405182655144E-14;1,5969447986208252E-14;3,9612757518625585E-15;
70500;0,3409356808671094;0,39008025628789483;6,435469667753368;1,0972021027304253;2,7111273163983696;1,1307317350838482;1,014299755297543E-14;1,497468815614411E-14;3,9612757518625585E-15;
70750;0,3363804916682808;0,38939857569969294;6,413760778057882;1,0846604157143553;2,7111273163983696;1,127370376980439;1,014299755297543E-14;1,426414542038401E-14;3,8902214782865484E-15;
71000;0,335405712036042;0,38939857569969294;6,410880806384525;1,0761498433325374;2,7111273163983696;1,125157140151566;1,014299755297543E-14;1,2416734307407751E-14;3,8902214782865484E-15;
71250;0,3326399749839095;0,3884768451701129;6,393081521950731;1,0609704676468155;2,7111273163983696;1,121900384410739;1,007194327939942E-14;1,2416734307407751E-14;3,8902214782865484E-15;
71500;0,3315221934131836;0,3866960244603682;6,393081521950731;1,0581903942287487;2,7111273163983696;1,1211915384145932;9,9298347322474E-15;1,2132517213103711E-14;3,8902214782865484E-15;
71750;0,32911717454754574;0,38667744067526827;6,355447108871846;1,0456493546335615;2,7111273163983696;1,1210091930241617;9,85878045867139E-15;1,13509202037676E-14;3,8902214782865484E-15;
72000;0,3283494000156216;0,3853571167997337;6,340426057049103;1,040346255665529;2,7111273163983696;1,1201241989303856;9,85878045867139E-15;1,0995648835887551E-14;3,8902214782865484E-15;
72250;0,3261881396288217;0,38532379336205197;6,302934212684758;1,0299419533065903;2,7111273163983696;1,1166094628966399;9,78772618509538E-15;1,0782486015159521E-14;3,819167204710538E-15;
72500;0,3245074712161305;0,38238154587686596;6,298391454810847;1,0200914983150238;2,7111273163983696;1,1150693305165296;9,78772618509538E-15;1,035616037370346E-14;3,819167204710538E-15;
72750;0,3230576166366819;0,38236753326840656;6,278215456852474;1,005715098371851;2,7111273163983696;1,1150634223005103;9,71667191151937E-15;9,85878045867139E-15;3,819167204710538E-15;
73000;0,3213259127009098;0,3816206361443734;6,250552888083832;0,9928791343204065;2,7111273163983696;1,1104168934789127;9,71667191151937E-15;9,71667191151937E-15;3,819167204710538E-15;
73250;0,32023477535999073;0,38121086012567984;6,241424272021052;0,9828400245078754;2,7111273163983696;1,1104155377548393;9,71667191151937E-15;9,64561763794336E-15;3,819167204710538E-15;
73500;0,31870068145080815;0,3766059921960132;6,222063145503553;0,9733967927826371;2,7111273163983696;1,1089416061474042;9,71667191151937E-15;9,50350909079134E-15;3,819167204710538E-15;
73750;0,31775531773588417;0,3730957520286708;6,21606048382195;0,9650250533678367;2,7111273163983696;1,106385970379959;9,71667191151937E-15;8,57980353430321E-15;3,819167204710538E-15;
74000;0,3162504148408381;0,36443671087107304;6,199560398627598;0,9585149204220204;2,7111273163983696;1,1002242631274601;9,71667191151937E-15;8,08242361927114E-15;3,819167204710538E-15;
74250;0,31565362581713735;0,36267694394456984;6,196415699785425;0,9499857375569545;2,7111273163983696;1,0999685019463463;9,71667191151937E-15;7,869260798543109E-15;3,819167204710538E-15;
74500;0,31389201283973484;0,3626701290486362;6,178520589794982;0,9400621280249092;2,7111273163983696;1,0977456394981422;9,64561763794336E-15;7,37188088351104E-15;3,748112931134528E-15;
74750;0,3133499852700061;0,36253702555124334;6,1714010901642995;0,9332644413599231;2,7111273163983696;1,0947366358260153;9,64561763794336E-15;7,30082660993503E-15;3,748112931134528E-15;
75000;0,31170190402382153;0,3578859367444241;6,145223515150082;0,925633398853781;2,7111273163983696;1,0940855824708917;9,64561763794336E-15;7,15871806278301E-15;3,748112931134528E-15;
75250;0,3112405715732183;0,3578638143400246;6,134805304368359;0,9218298326625173;2,7111273163983696;1,0900831558735542;9,57456336436735E-15;6,8034466949029594E-15;3,748112931134528E-15;
75500;0,3096734681512817;0,3569741466841312;6,114410803138102;0,9157054076463937;2,7111273163983696;1,0849391104210715;9,57456336436735E-15;6,661338147750939E-15;3,748112931134528E-15;
75750;0,3093007154053727;0,35625236148055506;6,112586084356994;0,9128729263066775;2,7111273163983696;1,082973402043013;9,57456336436735E-15;6,448175327022909E-15;3,748112931134528E-15;
76000;0,30784250631229454;0,3497444187922544;6,0910917293237095;0,9067978178816734;2,7111273163983696;1,0806982506194978;9,57456336436735E-15;6,377121053446899E-15;3,748112931134528E-15;
76250;0,30758451726792174;0,34594902852456244;6,087982241075895;0,899563319162782;2,7111273163983696;1,0799916239354976;9,57456336436735E-15;6,377121053446899E-15;3,677058657558518E-15;
76500;0,3060842463938698;0,34587434173397386;6,072393924297338;0,8939815450681852;2,7111273163983696;1,0792027351622437;9,57456336436735E-15;6,235012506294879E-15;3,677058657558518E-15;
76750;0,30591303809738774;0,3458684422309784;6,067810064698488;0,8891384103922266;2,7111273163983696;1,0790270785448215;9,50350909079134E-15;6,1639582327188695E-15;3,677058657558518E-15;
77000;0,30451136270358276;0,3447123591058292;6,0539590883336345;0,8842660263253219;2,7111273163983696;1,0749307716854113;9,50350909079134E-15;5,737632591262809E-15;3,677058657558518E-15;
77250;0,3043089533295064;0,3447123591058292;6,050411647364408;0,87569368659345;2,7111273163983696;1,0734163190193549;9,50350909079134E-15;5,666578317686799E-15;3,677058657558518E-15;
77500;0,302825115089644;0,3408453709521082;6,033929580864916;0,8675533768774261;2,7111273163983696;1,0637157731925693;9,50350909079134E-15;5,524469770534779E-15;3,677058657558518E-15;
77750;0,30260165739130196;0,3359142834005958;6,0323412523616255;0,863047061153493;2,7111273163983696;1,0636921485840605;9,50350909079134E-15;5,524469770534779E-15;3,677058657558518E-15;
78000;0,3012389881857347;0,33504765193547115;6,020729531750414;0,857417109647423;2,7111273163983696;1,0588894953474652;9,50350909079134E-15;5,524469770534779E-15;3,677058657558518E-15;
78250;0,30105088963855153;0,33416694846942446;6,01843601317271;0,8529057875888489;2,7111273163983696;1,0588841918851581;9,50350909079134E-15;5,524469770534779E-15;3,606004383982508E-15;
78500;0,29967456881545657;0,33075122571942683;6,0140160723278;0,8489246486477922;2,7111273163983696;1,0571292987497267;9,50350909079134E-15;5,3823612233827586E-15;3,5349501104064984E-15;
78750;0,29904512655311805;0,33066057703927954;6,011023884154096;0,8389704934401866;2,7111273163983696;1,0568307056255264;9,50350909079134E-15;5,311306949806749E-15;3,5349501104064984E-15;
79000;0,298256149704849;0,3306579070899723;6,010493111836984;0,8365250487060834;2,7111273163983696;1,0540086391130423;9,361400543639319E-15;5,169198402654729E-15;3,5349501104064984E-15;
79250;0,2974624028406298;0,3299550376870768;6,007725997387846;0,829088648646637;2,7111273163983696;1,0537770547197638;9,2192919964873E-15;5,098144129078719E-15;3,5349501104064984E-15;
79500;0,29687716076836057;0,3296532145062814;6,006150947368074;0,8268290603527957;2,7111273163983696;1,0537415714569514;9,2192919964873E-15;4,884981308350689E-15;3,5349501104064984E-15;
79750;0,2960491203250298;0,3296305621525842;6,002035130264509;0,8192813615770784;2,7111273163983696;1,0532953655793422;9,14823772291129E-15;4,742872761198669E-15;3,4638958368304883E-15;
80000;0,2956421050645652;0,32955498095636243;5,999624964755363;0,8163346392886949;2,7111273163983696;1,0523443125773897;9,14823772291129E-15;4,742872761198669E-15;3,4638958368304883E-15;
80250;0,2946828712566166;0,3294730081832145;5,997945188265683;0,8086652875003222;2,7111273163983696;1,0497238480080002;9,07718344933528E-15;4,6718184876226585E-15;3,4638958368304883E-15;
80500;0,2943601850641862;0,3294386967724114;5,997564069111791;0,8021078809981961;2,7111273163983696;1,049723721233787;9,07718344933528E-15;4,6718184876226585E-15;3,4638958368304883E-15;
80750;0,2935210929750929;0,32919697210059806;5,992570906860506;0,796814482330505;2,7111273163983696;1,044760705314892;9,00612917575927E-15;4,6718184876226585E-15;3,4638958368304883E-15;
81000;0,29329499656366936;0,3263706748441911;5,991767268181152;0,790484614198185;2,7111273163983696;1,0444496692395768;9,00612917575927E-15;4,6718184876226585E-15;3,4638958368304883E-15;
81250;0,29249264752242055;0,32525038609717144;5,989614753086971;0,7866315723295629;2,7111273163983696;1,030221713042586;8,93507490218326E-15;4,529709940470638E-15;3,4638958368304883E-15;
81500;0,29233790735718557;0,3222472852727512;5,988865814013902;0,7830177741718934;2,7111273163983696;1,0301468541576322;8,93507490218326E-15;4,529709940470638E-15;3,4638958368304883E-15;
81750;0,29156491161215964;0,31694131934179093;5,98853286200287;0,7797496979654279;2,7111273163983696;1,0237479764143542;8,72191208145523E-15;4,529709940470638E-15;3,4638958368304883E-15;
82000;0,29132822487963655;0,3127492095661484;5,987800250103106;0,77234033591814;2,7111273163983696;1,0237479764143542;8,72191208145523E-15;4,458655666894628E-15;3,4638958368304883E-15;
82250;0,2906740224385814;0,30966069720423745;5,987800250103106;0,7687208760646446;2,7111273163983696;1,0237479764143542;8,72191208145523E-15;4,458655666894628E-15;3,3217872896784686E-15;
82500;0,2904729062339697;0,305023573447113;5,987800250103106;0,7650546869731804;2,7111273163983696;1,019320849215328;8,72191208145523E-15;4,458655666894628E-15;3,3217872896784686E-15;
82750;0,28970048515537855;0,305023573447113;5,987800250103106;0,7594136975952197;2,7111273163983696;1,016587882770553;8,57980353430321E-15;4,458655666894628E-15;3,3217872896784686E-15;
83000;0,2896127119054341;0,304469270054799;5,987800250103106;0,7523964048804008;2,7111273163983696;1,016587882770553;8,5087492607272E-15;4,458655666894628E-15;3,2507330161024585E-15;
83250;0,2889254296563873;0,304469270054799;5,987800250103106;0,7488548163798207;2,7111273163983696;1,0160516051052968;8,5087492607272E-15;4,458655666894628E-15;3,2507330161024585E-15;
83500;0,2887858059300103;0,304469270054799;5,987800250103106;0,7456942160421662;2,7111273163983696;1,0160514952861357;8,5087492607272E-15;4,387601393318619E-15;3,2507330161024585E-15;
83750;0,28810612299401006;0,30285879963233503;5,987800250103106;0,7387594014364538;2,7111273163983696;1,0090800502229198;8,5087492607272E-15;4,316547119742609E-15;3,2507330161024585E-15;
84000;0,28803878771659486;0,3027309852316614;5,987800250103106;0,7384143446917719;2,7111273163983696;1,0090115216518574;8,5087492607272E-15;4,245492846166599E-15;3,2507330161024585E-15;
84250;0,2873898853071245;0,30266599967008284;5,987800250103106;0,7311099834632279;2,7111273163983696;0,9991266173999904;8,5087492607272E-15;4,245492846166599E-15;3,1796787425264484E-15;
84500;0,2871289409238733;0,30266599967008284;5,987800250103106;0,7296102563338998;2,7111273163983696;0,9986391190181326;8,5087492607272E-15;4,245492846166599E-15;3,1796787425264484E-15;
84750;0,2867098643788676;0,30266599967008284;5,9810213423494165;0,7259368797433171;2,7111273163983696;0,9986388600401364;8,5087492607272E-15;4,245492846166599E-15;3,1796787425264484E-15;
85000;0,2863133772950345;0,30266599967008284;5,9810213423494165;0,7239720699270904;2,7111273163983696;0,9986342504938327;8,36664071357518E-15;4,245492846166599E-15;3,1796787425264484E-15;
85250;0,28601918580116775;0,30250240780303417;5,980984828643558;0,7196666655781685;2,7111273163983696;0,9986342504938327;8,29558643999917E-15;4,103384299014579E-15;3,1796787425264484E-15;
85500;0,285668675989156;0,3024719949621648;5,980984828643558;0,7168368382130741;2,7111273163983696;0,9986342504938327;8,29558643999917E-15;4,103384299014579E-15;3,1796787425264484E-15;
85750;0,2854128558251798;0,3016224304508862;5,97896522055359;0,7126199337148026;2,7111273163983696;0,9986342504938327;8,29558643999917E-15;4,103384299014579E-15;3,1086244689504383E-15;
86000;0,28490851184417454;0,3016038115351662;5,977941231283857;0,708642056548792;2,7111273163983696;0,9986342504938327;8,29558643999917E-15;4,0323300254385686E-15;3,1086244689504383E-15;
86250;0,2847693566524518;0,2996453783601703;5,969919295612447;0,703182928627308;2,7036406705814158;0,9986342504938327;8,22453216642316E-15;4,0323300254385686E-15;3,1086244689504383E-15;
86500;0,2843364519903965;0,2982524270387654;5,969919295612447;0,7007335730978019;2,7036406705814158;0,9986342504938327;8,22453216642316E-15;3,9612757518625585E-15;3,1086244689504383E-15;
86750;0,2841857022568044;0,29701497466826465;5,96118080844135;0,6983059553757265;2,7036406705814158;0,9986342504938327;8,22453216642316E-15;3,9612757518625585E-15;3,1086244689504383E-15;
87000;0,2837467820489766;0,29701497466826465;5,95632098844544;0,6957685163949238;2,7036406705814158;0,9983617417530347;8,22453216642316E-15;3,8902214782865484E-15;3,1086244689504383E-15;
87250;0,28362955967245823;0,29701497466826465;5,950252113561278;0,6947271858194177;2,7036406705814158;0,9983608189210791;8,22453216642316E-15;3,8902214782865484E-15;3,1086244689504383E-15;
87500;0,28327126015804394;0,29113473581784766;5,944857476798794;0,6909635287001561;2,7036406705814158;0,9982263751521756;8,22453216642316E-15;3,819167204710538E-15;3,1086244689504383E-15;
87750;0,283148269032139;0,2908394206126827;5,938439573657718;0,690284522738441;2,7036406705814158;0,9982211131942763;8,15347789284715E-15;3,819167204710538E-15;3,0375701953744282E-15;
88000;0,2827483963436379;0,28458282547665065;5,932354751621711;0,6884304093335948;2,7036406705814158;0,9981971915532436;8,08242361927114E-15;3,819167204710538E-15;3,0375701953744282E-15;
88250;0,28263696967625146;0,27917375578504894;5,928661261174072;0,6879845333215375;2,7036406705814158;0,9981971915532436;8,08242361927114E-15;3,677058657558518E-15;2,966515921798418E-15;
88500;0,28224597275860097;0,27227476640185017;5,921226526515337;0,6862429200904834;2,7036406705814158;0,9981916811726042;8,01136934569513E-15;3,677058657558518E-15;2,966515921798418E-15;
88750;0,28214661467438507;0,2669833635500669;5,92115434423426;0,6859150511132309;2,7036406705814158;0,9981913669073752;8,01136934569513E-15;3,677058657558518E-15;2,966515921798418E-15;
89000;0,28175255940258565;0,2483069427312229;5,910894420601345;0,683997839237312;2,7036406705814158;0,9981913669073752;8,01136934569513E-15;3,677058657558518E-15;2,966515921798418E-15;
89250;0,2817064103533464;0,24483260173274224;5,910894420601345;0,6838390790542341;2,7036406705814158;0,9981913669073752;8,01136934569513E-15;3,5349501104064984E-15;2,966515921798418E-15;
89500;0,2813377662950645;0,2386766723062202;5,902881612311656;0,6820143575916429;2,7036406705814158;0,9981913669073752;8,01136934569513E-15;3,5349501104064984E-15;2,966515921798418E-15;
89750;0,28129205349652203;0,23798465508810054;5,902881612311656;0,6809377687014915;2,7036406705814158;0,9981913669073752;7,940315072119119E-15;3,5349501104064984E-15;2,966515921798418E-15;
90000;0,28093390949588376;0,23598337061185432;5,893706135166591;0,6791879504270878;2,7036406705814158;0,9981913669073752;7,869260798543109E-15;3,5349501104064984E-15;2,966515921798418E-15;
90250;0,2808823991799102;0,23446549229577884;5,8909368098241135;0,6790208804985879;2,7036406705814158;0,9981889571925343;7,798206524967099E-15;3,5349501104064984E-15;2,966515921798418E-15;
90500;0,28054394631838075;0,23175722866565615;5,871840248198533;0,6775737941860506;2,7036406705814158;0,9981889571925343;7,798206524967099E-15;3,5349501104064984E-15;2,966515921798418E-15;
90750;0,28037449348394433;0,22175387756440287;5,868641672924741;0,6765124463100932;2,7036406705814158;0,9981889571925343;7,656097977815079E-15;3,5349501104064984E-15;2,966515921798418E-15;
91000;0,28016462468745723;0,2178145383665423;5,868638940922124;0,6750956907823792;2,7036406705814158;0,9981889571925343;7,656097977815079E-15;3,5349501104064984E-15;2,966515921798418E-15;
91250;0,2799227339101453;0,21530390188162393;5,859790446898496;0,6741038312362067;2,7036406705814158;0,9981889571925343;7,585043704239069E-15;3,5349501104064984E-15;2,895461648222408E-15;
91500;0,27982044583672744;0,21415787032054354;5,855112068864091;0,6726678195541944;2,7036406705814158;0,9981889571925343;7,51398943066306E-15;3,5349501104064984E-15;2,895461648222408E-15;
91750;0,27954709223723195;0,2133581585841864;5,8491900636005525;0,671367832463876;2,7036406705814158;0,9981889571925343;7,51398943066306E-15;3,5349501104064984E-15;2,895461648222408E-15;
92000;0,27946378046450776;0,21298779828102687;5,8462175653213535;0,6706320586218811;2,7036406705814158;0,9981889571925343;7,44293515708705E-15;3,5349501104064984E-15;2,895461648222408E-15;
92250;0,27921471962119093;0,21195608184029957;5,839263658175628;0,6692231452131354;2,7036406705814158;0,9981889571925343;7,44293515708705E-15;3,5349501104064984E-15;2,895461648222408E-15;
92500;0,27913734445950616;0,21195608184029957;5,836720791023148;0,6685654714324624;2,7036406705814158;0,9981889571925343;7,44293515708705E-15;3,5349501104064984E-15;2,895461648222408E-15;
92750;0,2789082103359539;0,21114991140962971;5,832066482068329;0,6669818685095079;2,7036406705814158;0,9981889571925343;7,44293515708705E-15;3,5349501104064984E-15;2,895461648222408E-15;
93000;0,27882452476186764;0,21113828990021902;5,829252786626551;0,666606801933327;2,7036406705814158;0,9981887011928433;7,44293515708705E-15;3,4638958368304883E-15;2,895461648222408E-15;
93250;0,27862053887090005;0,2098839404349105;5,821700012806369;0,6638810522301938;2,7036406705814158;0,9976271191658865;7,44293515708705E-15;3,4638958368304883E-15;2,895461648222408E-15;
93500;0,27855438083748224;0,2098839404349105;5,821390465708491;0,6635589348880329;2,7036406705814158;0,9976271120232441;7,44293515708705E-15;3,3928415632544782E-15;2,895461648222408E-15;
93750;0,27833094644102935;0,2092929006165024;5,81554559339568;0,6620119984716318;2,7036406705814158;0,9919726826591635;7,44293515708705E-15;3,3928415632544782E-15;2,895461648222408E-15;
94000;0,2782735540984174;0,2092929006165024;5,813196079395181;0,6618674538037139;2,7036406705814158;0,9919726826591635;7,44293515708705E-15;3,3928415632544782E-15;2,8244073746463984E-15;
94250;0,2780590075418131;0,20903711209296744;5,8089874668773716;0,6600338863219123;2,7036406705814158;0,9911352873163999;7,44293515708705E-15;3,3928415632544782E-15;2,8244073746463984E-15;
94500;0,27800619086617595;0,20903711209296744;5,806921280874097;0,6597282978487324;2,7036406705814158;0,9911352873163999;7,37188088351104E-15;3,3217872896784686E-15;2,8244073746463984E-15;
94750;0,2778117240663878;0,20876559436036593;5,803453547637835;0,6583117429999713;2,7036406705814158;0,9911352873163999;7,37188088351104E-15;3,3217872896784686E-15;2,8244073746463984E-15;
95000;0,2777636012176069;0,20876559436036593;5,803353148357226;0,6580575645415011;2,7036406705814158;0,9897237731852028;7,37188088351104E-15;3,3217872896784686E-15;2,8244073746463984E-15;
95250;0,2775789680693195;0,20876559436036593;5,7995621774491415;0,6569778574325025;2,7036406705814158;0,989452264187195;7,37188088351104E-15;3,2507330161024585E-15;2,8244073746463984E-15;
95500;0,27754040168681066;0,20875379890327408;5,7995621774491415;0,6567460268214876;2,7036406705814158;0,9868781071260703;7,37188088351104E-15;3,2507330161024585E-15;2,8244073746463984E-15;
95750;0,27733855800197893;0,20875379890327408;5,795650298613243;0,655827116574;2,7036406705814158;0,9853467370365544;7,37188088351104E-15;3,2507330161024585E-15;2,8244073746463984E-15;
96000;0,27729826805003616;0,20874782251519988;5,795543436944387;0,6555734890819135;2,7036406705814158;0,9853383357193082;7,37188088351104E-15;3,2507330161024585E-15;2,8244073746463984E-15;
96250;0,27711891428024155;0,20874629729187255;5,791268656713524;0,6546453880774463;2,7036406705814158;0,9853357522809008;7,37188088351104E-15;3,1796787425264484E-15;2,8244073746463984E-15;
96500;0,2770376802748121;0,20614662464273606;5,790736928950549;0,6534331051482356;2,7036406705814158;0,9853347820495868;7,37188088351104E-15;3,1796787425264484E-15;2,7533531010703883E-15;
96750;0,2769137808227521;0,20584768755387123;5,786521436724696;0,6529538961447068;2,7036406705814158;0,9853347820495868;7,37188088351104E-15;3,0375701953744282E-15;2,7533531010703883E-15;
97000;0,2767972070868096;0,20584768755387123;5,785060186175718;0,6524010958290976;2,7036406705814158;0,9853347820495868;7,37188088351104E-15;3,0375701953744282E-15;2,7533531010703883E-15;
97250;0,2766848467819585;0,20563632123006784;5,78133502470948;0,6519208555497993;2,7036406705814158;0,9853347820495868;7,37188088351104E-15;3,0375701953744282E-15;2,7533531010703883E-15;
97500;0,27657706918457037;0,20563632123006784;5,779814592761373;0,6513003501413499;2,7036406705814158;0,9847417094184852;7,37188088351104E-15;3,0375701953744282E-15;2,6822988274943782E-15;
97750;0,2764760632935429;0,20563632123006784;5,777349653240952;0,6510034382543113;2,7036406705814158;0,9847417094184852;7,37188088351104E-15;3,0375701953744282E-15;2,6822988274943782E-15;
98000;0,27636569866001987;0,20563632123006784;5,773571052708193;0,6502293459444529;2,7036406705814158;0,9847417094184852;7,37188088351104E-15;3,0375701953744282E-15;2,6822988274943782E-15;
98250;0,2762904270861309;0,2040557725942015;5,772879273742905;0,6499494748963787;2,7036406705814158;0,9847417094184852;7,37188088351104E-15;2,966515921798418E-15;2,6822988274943782E-15;
98500;0,2761688405444411;0,2022502146243478;5,76701715929818;0,6492157878611158;2,7036406705814158;0,980574406771235;7,37188088351104E-15;2,966515921798418E-15;2,6822988274943782E-15;
98750;0,2760999951746194;0,20208475532872355;5,76701715929818;0,6480887163076161;2,7036406705814158;0,9796571424902091;7,37188088351104E-15;2,966515921798418E-15;2,6822988274943782E-15;
99000;0,2759941612566121;0,20096759660089625;5,761593260480228;0,6472837096716192;2,7036406705814158;0,9796390079567142;7,37188088351104E-15;2,966515921798418E-15;2,6822988274943782E-15;
99250;0,2759430586927152;0,20094837456359335;5,760873625337299;0,6470566791242611;2,7036406705814158;0,9791760589384944;7,37188088351104E-15;2,966515921798418E-15;2,6822988274943782E-15;
99500;0,27583270800052206;0,2008223737949797;5,755381324689458;0,6463348446976638;2,7036406705814158;0,966553793839108;7,37188088351104E-15;2,966515921798418E-15;2,6822988274943782E-15;
99750;0,27578019338456;0,19990480345706416;5,754779525406239;0,6461994187757536;2,7036406705814158;0,966553793839108;7,30082660993503E-15;2,966515921798418E-15;2,6822988274943782E-15;
100000;0,2756720500552581;0,19968805653154534;5,7522041603982235;0,6451728120681277;2,7036406705814158;0,9632551396973293;7,15871806278301E-15;2,966515921798418E-15;2,6822988274943782E-15;