NFOB;GEO;GEOvar;AGEO1;AGEO2;AGEO1var;AGEO2var;GEOreal1;AGEO1real1;AGEO2real1;
250;1,2269679169419734;0,8836710234560976;1,3669059464822113;1,0289829386884513;1,1023163138648722;1,3905008829431114;0,7114769030648166;0,726451553166673;0,7176781213258792;
500;0,803774121564845;0,6113939498659987;0,8385978852456993;0,7548661632320319;0,5996542360973046;0,9030110391852685;0,7032210033975481;0,7248959418905863;0,6972284549697847;
750;0,6868830873640749;0,48522808632725156;0,6227134157777621;0,4914555728999304;0,40539617560202756;0,5626590912376163;0,6995003956695344;0,7248959418905863;0,6841638098477497;
1000;0,5420338668354227;0,37099556740416695;0,4791414972862607;0,3915079004852686;0,2827114598830222;0,47928724086256513;0,6987046325379314;0,7248959418905863;0,6835707617881419;
1250;0,4905178411370288;0,29218898897188383;0,35627058599909894;0,37138416699689186;0,16888085011983506;0,4160839511991549;0,6943945777921166;0,7248959418905863;0,67900406403472;
1500;0,4450486179343735;0,21047452960969046;0,2895214384568838;0,3541256483266282;0,12357536421972425;0,32145612598924733;0,6943945777921166;0,7248959418905863;0,6789768421188512;
1750;0,4084889347338328;0,20068209870124154;0,21716315903598254;0,23152883191539939;0,10671599027821375;0,2530450271610243;0,6943945777921166;0,7248959418905863;0,6789696819820651;
2000;0,30769837188211674;0,18400027906524918;0,17810941068016686;0,20879441982740016;0,08616121374825512;0,221984599287827;0,6943945777921166;0,7248959418905863;0,6789513812373664;
2250;0,20440970534321085;0,12887406709775165;0,16973420145294602;0,19135186040970184;0,06505719530431707;0,1492117606875556;0,6943945777921166;0,7248959418905863;0,6789510297662759;
2500;0,18698115434478887;0,09622413048557425;0,15200717006317035;0,18634641985761913;0,058259707143726185;0,13338359799789098;0,6943945777921166;0,7248959418905863;0,678946896652275;
2750;0,15949173745004894;0,06847924062758137;0,14347779276365655;0,18037511432533018;0,031352026804933916;0,11180378858221005;0,6943945777921166;0,7248959418905863;0,6789462510501463;
3000;0,14396060642604475;0,0650031808865695;0,10461706979606915;0,1801828321641978;0,030910783150816645;0,0697989365060243;0,6943945777921166;0,7248959418905863;0,6789456538037649;
3250;0,1367970590616593;0,05613999037027407;0,08941647918182087;0,1165213831401899;0,029347664378077898;0,060910643610832545;0,6943945777921166;0,7248959418905863;0,6789456522339011;
3500;0,10132447633456232;0,0480954144313105;0,08645138096949782;0,11517019058100365;0,023332761286089146;0,060540894247117796;0,6943945777921166;0,7248959418905863;0,6789453482306251;
3750;0,06577393596632129;0,04786457306693549;0,041196337763842156;0,11286718882220549;0,01957136525345196;0,055721110969651814;0,6943945777921166;0,7248959418905863;0,678945320181671;
4000;0,06032990067330614;0,021660056876271958;0,0344706056802971;0,1101275624423417;0,01773953629257294;0,052859033152752984;0,6943945777921166;0,7248959418905863;0,6789452667719731;
4250;0,05725725272133591;0,020091079285887554;0,03401698361321623;0,08977682403172013;0,017184049631799647;0,052510824264862525;0,6943945777921166;0,7248959418905863;0,6789439275465529;
4500;0,055723675267665834;0,01627047408352815;0,032859416698800596;0,08895465588823423;0,016650532879185557;0,05109325162550826;0,6943945777921166;0,7248959418905863;0,6789437671609861;
4750;0,05148238120428213;0,016061351769001576;0,030806973984154006;0,07422029960365198;0,015106404659664181;0,05016832067810408;0,6943945777921166;0,7248959418905863;0,6789437666944176;
5000;0,0489284472152687;0,013598369048762587;0,028103057773272884;0,07262682700662333;0,014318703656495608;0,048697140086099856;0,6943945777921166;0,7248959418905863;0,6789437174034059;
5250;0,048928447150140525;0,013592390258876168;0,027611217807902943;0,05764039743586716;0,012271274776108504;0,0479049250244344;0,6943945777921166;0,7248959418905863;0,6789429019696008;
5500;0,04614274312560378;0,013591761522235955;0,02726538431845511;0,056240235700658676;0,011396833415681923;0,047830139788845996;0,6943945777921166;0,7248959418905863;0,6789425571499048;
5750;0,04448470852289671;0,01159710670837034;0,026703743450673046;0,05043118145169958;0,011297424097711471;0,04753074195495292;0,6943945777921166;0,7248959418905863;0,6789425560809615;
6000;0,041770498435861995;0,008497490488044015;0,014317407483732997;0,05033691490352274;0,010512343331404564;0,04696602497709514;0,6943945777921166;0,7248959418905863;0,6789425369557205;
6250;0,04169329540185223;0,007461945825600986;0,013361595754165411;0,049909040477148635;0,010511910139942616;0,04666719758500294;0,6943945777921166;0,7248959418905863;0,6789425369557205;
6500;0,03871070614101214;0,007334019825563884;0,008060993951725867;0,04948721507794751;0,01050534406274587;0,04664876440608403;0,6943945777921166;0,7248959418905863;0,6789425369557205;
6750;0,03810871674094749;0,007105065871538776;0,00799090287394786;0,04856284100189541;0,01050534406274587;0,03744583451482032;0,6943945777921166;0,7248959418905863;0,6789425369557205;
7000;0,037279959305353855;0,0067579238687860725;0,00731158713857884;0,04697502007390435;0,009794767357330812;0,036226066444464085;0,6943945777921166;0,7248959418905863;0,678942532636013;
7250;0,037177223382956974;0,006686756534212166;0,006974934000836709;0,04696580010723455;0,008215717717843017;0,034500556983542215;0,6943945777921166;0,7248959418905863;0,678942532636013;
7500;0,03680614907512471;0,006093787926464648;0,006633606237368477;0,027752245824763534;0,007540936383275526;0,034428622965536525;0,6943945777921166;0,7248959418905863;0,678942532636013;
7750;0,03188459239259879;0,005964375357250451;0,006633606237368477;0,026563292161538875;0,007540312604825847;0,03383370006726999;0,6943945777921166;0,7248959418905863;0,678942532636013;
8000;0,021119742587409354;0,005822056743651539;0,006400075426236924;0,026377141960634485;0,0075315320405039835;0,033832461682755485;0,6943945777921166;0,7248959418905863;0,6789425249985548;
8250;0,01944908557784419;0,005414462924558957;0,006351275932115691;0,024590994437309926;0,007042224354124955;0,03375860451527244;0,6943945777921166;0,7248959418905863;0,6789425249985548;
8500;0,018872817057855935;0,004761057386257181;0,00631026393868758;0,023589772619106854;0,0068558156121423484;0,033393175341000475;0,6943945777921166;0,7248959418905863;0,6789425247258705;
8750;0,01642782923984797;0,003979058285887282;0,005778752623320092;0,023580671363238603;0,006238192127237767;0,013936219316822944;0,6943945777921166;0,7248959418905863;0,6789424197580426;
9000;0,016353149662224863;0,003640968165619391;0,00577436412540536;0,00845643415002947;0,006063116171034033;0,010352623012579797;0,6943945777921166;0,7248959418905863;0,6789424191183636;
9250;0,015952747263145047;0,003640968165619391;0,004985368291788051;0,008144865744969835;0,005151251684766718;0,010303457142488552;0,6943945777921166;0,7248959418905863;0,6789424191183636;
9500;0,01580478043083448;0,0035636213841786775;0,004981984924823662;0,008144766782952038;0,0044629434779657135;0,00978927948589402;0,6943945777921166;0,7248959418905863;0,6789423646745166;
9750;0,01137918684184079;0,0035636213841786775;0,004972006391963945;0,008144766782952038;0,004400070976067747;0,0059897092721638455;0,6943945777921166;0,7248959418905863;0,6789423646745166;
10000;0,009391143322317634;0,0031020904715776633;0,004939578409605603;0,007239815263619355;0,004400070976067747;0,0045957237987339535;0,6943945777921166;0,7248959418905863;0,6789423072550131;
10250;0,008605248767650987;0,0030579061339637515;0,004939578409605603;0,007200150001004493;0,004363657361649164;0,004555573647479152;0,6943945777921166;0,7248959418905863;0,6789423072550131;
10500;0,008386054360580075;0,002897822803918465;0,0046678196732792285;0,007068767913433395;0,004199993243265533;0,004555573647479152;0,6943945777921166;0,7248959418905863;0,6789423072550131;
10750;0,007977729763547185;0,002897822803918465;0,004666359589966961;0,007068767913433395;0,0033896562096289496;0,004555573647479152;0,6943945777921166;0,7248959418905863;0,6789423072550131;
11000;0,00658126356131298;0,002399381852375126;0,004666359589966961;0,007041972476960208;0,0032752466046419406;0,0038947920986589072;0,6943945777921166;0,7248959418905863;0,6789422958013891;
11250;0,005000835938914404;0,002102752465910569;0,004285618127511773;0,007029346399533088;0,0032752466046419406;0,0037387481276374944;0,6943945777921166;0,7248959418905863;0,6789422958013891;
11500;0,004819052189404769;0,0020678548949179406;0,004249352104836127;0,007029346399533088;0,0031654757143559555;0,00373804703832982;0,6943945777921166;0,7248959418905863;0,6789421977700062;
11750;0,004670065951556241;0,00206741264751377;0,004249352104836127;0,006698559067566579;0,0029762874531499336;0,002687766018037601;0,6943945777921166;0,7248959418905863;0,6789421886389542;
12000;0,004595190243024233;0,00206741264751377;0,004249352104836127;0,006698559067566579;0,0022634067370317233;0,0026870557118215672;0,6943945777921166;0,7248959418905863;0,6789421791685946;
12250;0,004492847647626292;0,00206741264751377;0,004249352104836127;0,006453878671306186;0,002229028801486512;0,0026870557118215672;0,6943945777921166;0,7248959418905863;0,6789421791685946;
12500;0,003085598289439914;0,0014744926895287373;0,004128690831926866;0,006111332898512796;0,002126607336526167;0,002684551450578104;0,6943945777921166;0,7248959418905863;0,6789421791685946;
12750;0,0030755886603011377;0,0009826961931961662;0,003919102302437883;0,006106618396180676;0,001849848228374287;0,0026202229784043378;0,6943945777921166;0,7248959418905863;0,6789421583271233;
13000;0,0030755886603011377;0,0009805821034517422;0,0033976538910273947;0,00607668044553788;0,001503069862734784;0,0025422461709606868;0,6943945777921166;0,7248959418905863;0,6789421583271233;
13250;0,0030740607366430634;0,0009794885882395338;0,0033976538910273947;0,005770865584366683;0,001503069862734784;0,002541317287933406;0,6943945777921166;0,7248959418905863;0,6789421583271233;
13500;0,0022742732429472403;0,0009794885882395338;0,0033725756328878047;0,005769713094981171;0,001503069862734784;0,0025408986097505888;0,6943945777921166;0,7248959418905863;0,6789421583271233;
13750;0,0021502949460163218;0,0009730458832589188;0,0033725756328878047;0,005769713094981171;0,001503069862734784;0,0025408986097505888;0,6943945777921166;0,7248959418905863;0,6789421583271233;
14000;0,0021438235459667844;0,0009730458832589188;0,0032322210141667975;0,005086066576642634;0,0015027360075419154;0,0025364707912811386;0,6943945777921166;0,7248959418905863;0,6789421576875122;
14250;0,0021438235459667844;0,0009730458832589188;0,00316830807913582;0,005016714646468665;0,0014786385414943995;0,002486270523370146;0,6943945777921166;0,7248959418905863;0,6789421576875122;
14500;0,00186192102435633;0,0009726022715116991;0,0030827246507453636;0,0037660554599247957;0,0014786385414943995;0,0024809927494067736;0,6943945777921166;0,7248959418905863;0,6789421484184556;
14750;0,0018617996508118733;0,0009524031145202178;0,003057166574543258;0,003632149811336638;0,0014786385414943995;0,0021281539888616825;0,6943945777921166;0,7248959418905863;0,6789421484184556;
15000;0,0018617996508118733;0,0009524031145202178;0,0027459509564364253;0,003621374100148318;0,0014559164486474957;0,0021251636579293458;0,6943945777921166;0,7248959418905863;0,6789421484184556;
15250;0,0018617996508118733;0,0008910674429045497;0,002693753839661496;0,003611517341889837;0,0014559164486474957;0,0021251636579293458;0,6943945777921166;0,7248959418905863;0,6789420790844192;
15500;0,0018617996508118733;0,0008859594355641856;0,002693753839661496;0,0022430165388465854;0,0013677067961482608;0,0021251636579293458;0,6943945777921166;0,7248959418905863;0,6789420653393704;
15750;0,0018596810505362449;0,0008677590546617516;0,0025287604958696796;0,0022282752767238956;0,0013677067961482608;0,0021251636579293458;0,6943945777921166;0,7248959418905863;0,6789420653393704;
16000;0,001761302926175925;0,0008658083910610878;0,001940197146760184;0,0022259344504313946;0,0013625718622694049;0,0021251636579293458;0,6943945777921166;0,7248959418905863;0,6789420653393704;
16250;0,0016983509022819555;0,0005767698339619403;0,001940197146760184;0,0014565347537868754;0,0013179748288255407;0,002046632378208627;0,6943945777921166;0,7248959418905863;0,6789420653393704;
16500;0,0016983509022819555;0,0005756014117930881;0,0019380199650811934;0,001386946494150845;0,0013042215225730414;0,002046632378208627;0,6943945777921166;0,7248959418905863;0,6789420566120857;
16750;0,0016983509022819555;0,0005756014117930881;0,0018141126776914545;0,0013858719025146454;0,0013042215225730414;0,002046632378208627;0,6943945777921166;0,7248959418905863;0,6789420566120857;
17000;0,0016643780829490623;0,0005756014117930881;0,0018095703943204783;0,0013858719025146454;0,0012706651195275736;0,002046632378208627;0,6943945777921166;0,7248959418905863;0,6789420566120857;
17250;0,0016582190336299901;0,0005468372055874091;0,0018095703943204783;0,0013858719025146454;0,0012706651195275736;0,002046632378208627;0,6943945777921166;0,7248959418905863;0,6789420566120857;
17500;0,0016380477501714208;0,0005402869441854077;0,0016174394744971185;0,0013858719025146454;0,001214179225783312;0,002046632378208627;0,6943945777921166;0,7248959418905863;0,6789420566120857;
17750;0,0015359801427339023;0,0005386908422739762;0,0015009580913280813;0,0013502267546433356;0,001214179225783312;0,0020440210546514214;0,6943945777921166;0,7248959418905863;0,6789420566120857;
18000;0,0015321518285759384;0,0005367826349224748;0,0014410361553275303;0,001339883228722187;0,001214179225783312;0,002043419585034463;0,6943945777921166;0,7248959418905863;0,6789420566120857;
18250;0,0015302263151911525;0,0005367826349224748;0,0014021531386559643;0,0013353410417902014;0,001205820289426608;0,0020433996390635282;0,6943945777921166;0,7248959418905863;0,6789420566120857;
18500;0,0013777565335384237;0,0005367826349224748;0,0014018085047611056;0,0013353410417902014;0,0012050762035055737;0,0020433996390635282;0,6943945777921166;0,7248959418905863;0,6789420566120857;
18750;0,001376034146249861;0,0005367826349224748;0,0013723035784138026;0,0013353410417902014;0,0011949511511169183;0,0020433996390635282;0,6943945777921166;0,7248959418905863;0,6789420566120857;
19000;0,0013716946795741317;0,0005367826349224748;0,0013368118180139567;0,0013353410417902014;0,0010502002680849146;0,0020433996390635282;0,6943945777921166;0,7248959418905863;0,6789420566120857;
19250;0,001353774702301722;0,0003435877701287882;0,0013368118180139567;0,0013353410417902014;0,0010436458126369874;0,0020400997065174835;0,6943945777921166;0,7248959418905863;0,6789420566120857;
19500;0,0013500974844695758;0,00033873174554342836;0,001329093976662378;0,001317718767434696;0,0010436458126369874;0,0020268595867364682;0,6943945777921166;0,7248959418905863;0,6789420566120857;
19750;0,0013476408771493807;0,0003384694581163555;0,0013112914711160887;0,0012700940106223288;0,0010436458126369874;0,0020260971322277692;0,6943945777921166;0,7248959418905863;0,6789420566120857;
20000;0,0013013119965752085;0,0003384694581163555;0,001255153811900456;0,0012700940106223288;0,0010436458126369874;0,0020256440022751706;0,6943945777921166;0,7248959418905863;0,6789420566120857;
20250;0,0012785332102415586;0,00033100353584985376;0,0012346476747989576;0,0012411745182157878;0,0010436458126369874;0,0020256440022751706;0,6943945777921166;0,7248959418905863;0,6789420418187362;
20500;0,0012771825808765478;0,000304977769086464;0,0012340667447205988;0,0008607386106358646;0,0010436458126369874;0,0020083795781394133;0,6943945777921166;0,7248959418905863;0,6789420410668974;
20750;0,0012771825808765478;0,000304977769086464;0,0012340667447205988;0,0008556914018789893;0,0010436458126369874;0,0017224172903137994;0,6943945777921166;0,7248959418905863;0,6789420410668974;
21000;0,0012771825808765478;0,000304977769086464;0,0012340667447205988;0,0008500322303955588;0,0010436458126369874;0,0017209631230514994;0,6943945777921166;0,7248959418905863;0,6789420410668974;
21250;0,0012771825808765478;0,000304977769086464;0,001218325444618071;0,0008498927391599967;0,0010436458126369874;0,001716838678782094;0,6943945777921166;0,7248959418905863;0,6789420350062673;
21500;0,0012771825808765478;0,000304977769086464;0,001218325444618071;0,0008487309511384989;0,000981416631669337;0,0017140913853282195;0,6943945777921166;0,7248959418905863;0,6789420350062673;
21750;0,001277022872513279;0,0003045184967877002;0,001218325444618071;0,0008459726503024795;0,000981416631669337;0,0017140913853282195;0,6943945777921166;0,7248959418905863;0,6789420350062673;
22000;0,001275366235297504;0,0002977115994669168;0,0011562815727020406;0,0008459726503024795;0,0009619807124335183;0,001713785851550386;0,6943945777921166;0,7248959418905863;0,6789420350062673;
22250;0,001275366235297504;0,0002967280114825046;0,0011263603043686684;0,0008398806274509232;0,0009167459922097602;0,001713785851550386;0,6943945777921166;0,7248959418905863;0,6789420350062673;
22500;0,001275366235297504;0,0002954145793761398;0,0011003060607769795;0,0008396361502363097;0,0008759171613390614;0,001713785851550386;0,6943945777921166;0,7248959418905863;0,6789420350062673;
22750;0,001275366235297504;0,0002954145793761398;0,0011003060607769795;0,0008337193402373666;0,0008542153866322926;0,0017010816582838876;0,6943945777921166;0,7248959418905863;0,6789420347675481;
23000;0,0012744074989050986;0,0002954145793761398;0,0011003060607769795;0,0008337193402373666;0,0008542153866322926;0,0016989248946304373;0,6943945777921166;0,7248959418905863;0,6789420346975882;
23250;0,0012730923165862615;0,00029069656477447253;0,0011003060607769795;0,0008337193402373666;0,0008542153866322926;0,0016889669803338372;0,6943945777921166;0,7248959418905863;0,6789420346975882;
23500;0,0012693181192712797;0,00029069656477447253;0,0011003060607769795;0,000824168822690568;0,0008542153866322926;0,0016876864696244661;0,6943945777921166;0,7248959418905863;0,6789420346975882;
23750;0,001263508624582004;0,00029069656477447253;0,0009621622677056107;0,000824168822690568;0,0008470242532937528;0,0016876864696244661;0,6943945777921166;0,7248959418905863;0,6789420308148851;
24000;0,0012611510089458914;0,0002737056018865824;0,0009621622677056107;0,000824168822690568;0,0008470242532937528;0,0016854887190398884;0,6943945777921166;0,7248959418905863;0,6789420308148851;
24250;0,0012611510089458914;0,0002721132494156485;0,0009621622677056107;0,0006938156545733931;0,0008470242532937528;0,0016854887190398884;0,6943945777921166;0,7248959418905863;0,6789420308148851;
24500;0,0012611510089458914;0,0002721132494156485;0,0009621622677056107;0,0006840919381515785;0,000845923567411295;0,0016854887190398884;0,6943945777921166;0,7248959418905863;0,6789420308148851;
24750;0,0012611510089458914;0,0002704259538346829;0,0009621622677056107;0,0006837755388397284;0,0008439106725279318;0,0016854887190398884;0,6943945777921166;0,7248959418905863;0,6789420308148851;
25000;0,0012611510089458914;0,0002704259538346829;0,0009621622677056107;0,0006833364088766077;0,0008439106725279318;0,0016820496706940213;0,6943945777921166;0,7248959418905863;0,6789420308148851;
25250;0,0012532565252588851;0,00020251963527357592;0,0009621622677056107;0,0006822730826864013;0,0008439106725279318;0,0016820496706940213;0,6943945777921166;0,7248959418905863;0,6789420308148851;
25500;0,0012532565252588851;0,00019929972952746484;0,0009621622677056107;0,0006822730826864013;0,0008439106725279318;0,000854793492029403;0,6943945777921166;0,7248959418905863;0,6789420308148851;
25750;0,0008950608209799384;0,00019929972952746484;0,0009621622677056107;0,0006822730826864013;0,0008346507488740464;0,000854793492029403;0,6943945777921166;0,7248959418905863;0,6789420308148851;
26000;0,0008950608209799384;0,00019600107178364523;0,0009621622677056107;0,0006822730826864013;0,0008346507488740464;0,000726547405828329;0,6943945777921166;0,7248959418905863;0,6789420308148851;
26250;0,0008950608209799384;0,0001948452656802204;0,0009621622677056107;0,0006822730826864013;0,0008346507488740464;0,0007240828868538543;0,6943945777921166;0,7248959418905863;0,6789420308148851;
26500;0,0008950608209799384;0,00017293794313241208;0,0009621622677056107;0,0006822730826864013;0,0008346507488740464;0,0007240828868538543;0,6943945777921166;0,7248959418905863;0,6789420308148851;
26750;0,0008950608209799384;0,00016900525099941303;0,0009621622677056107;0,0006567243539609788;0,00081636851731157;0,0007240828868538543;0,6943945777921166;0,7248959418905863;0,6789420260415134;
27000;0,0008946372282564659;0,00016900525099941303;0,0009621622677056107;0,0006567243539609788;0,00081537162546251;0,0007240828868538543;0,6943945777921166;0,7248959418905863;0,6789420260415134;
27250;0,0008946372282564659;0,00016900525099941303;0,0008260940795446595;0,0006567243539609788;0,00081537162546251;0,0007232411840314502;0,6943945777921166;0,7248959418905863;0,6789420245607309;
27500;0,0008946372282564659;0,00016900525099941303;0,0008260940795446595;0,0006567243539609788;0,0007509385446356087;0,0007231821788485463;0,6943945777921166;0,7248959418905863;0,6789420245607309;
27750;0,0008896415787519372;0,00016582526986854936;0,0008260940795446595;0,0006532823395580642;0,0007497093943511592;0,0007231821788485463;0,6943945777921166;0,7248959418905863;0,6789420237928987;
28000;0,0008867296290674433;0,00016582526986854936;0,0007697196049794758;0,0006532358970826524;0,0007497093943511592;0,0007159122547626271;0,6943945777921166;0,7248959418905863;0,6789420237928987;
28250;0,0008850043986735182;0,00016582526986854936;0,0007541005528745593;0,0006532358970826524;0,0007355334508375519;0,0007127565182058412;0,6943945777921166;0,7248959418905863;0,6789420237928987;
28500;0,0008850043986735182;0,00016582526986854936;0,0007094279706106994;0,0006486473692124218;0,0007355334508375519;0,0007025038685746798;0,6943945777921166;0,7248959418905863;0,6789420237928987;
28750;0,0008850043986735182;0,00016248844894580658;0,0007094279706106994;0,0006363966026854244;0,0007355334508375519;0,0007025038685746798;0,6943945777921166;0,7248959418905863;0,6789420236760308;
29000;0,0008827133712815886;0,00016248844894580658;0,0006825299610345357;0,0006349222284052686;0,0007355334508375519;0,0007025038685746798;0,6943945777921166;0,7248959418905863;0,6789420236760308;
29250;0,0008827133712815886;0,00016248844894580658;0,0006825299610345357;0,0006349222284052686;0,0007355334508375519;0,0007025038685746798;0,6943945777921166;0,7248959418905863;0,6789420236760308;
29500;0,0008827133712815886;0,00016248844894580658;0,0006825299610345357;0,0005776255570687808;0,0007334275760543351;0,0007025038685746798;0,6943945777921166;0,7248959418905863;0,6789420236760308;
29750;0,0008827133712815886;0,00016248844894580658;0,0006707872721742475;0,0005776255570687808;0,0007254964469696573;0,0006994683383212117;0,6943945777921166;0,7248959418905863;0,6789420236760308;
30000;0,0008820273550640471;0,00016248844894580658;0,0006707872721742475;0,0005776255570687808;0,0007109778621161087;0,0006952443093664695;0,6943945777921166;0,7248959418905863;0,6789420236760308;
30250;0,0008814162875690944;0,00016248844894580658;0,0006455722310647563;0,000576589995044489;0,0006989334767192691;0,000679748510018119;0,6943945777921166;0,7248959418905863;0,6789420236760308;
30500;0,0008814162875690944;0,00016191130209753564;0,0006431849990006292;0,0005735506478283429;0,0006983712669204804;0,0006491696003358188;0,6943945777921166;0,7248959418905863;0,6789420236760308;
30750;0,0008814162875690944;0,00015127624433108249;0,0006382075103574093;0,0005715858922483963;0,0006983712669204804;0,000500895637313566;0,6943945777921166;0,7248959418905863;0,6789420236760308;
31000;0,0008814162875690944;0,00014842203308012194;0,0006367671103305987;0,0005715858922483963;0,0006983712669204804;0,000500895637313566;0,6943945777921166;0,7248959418905863;0,6789420236760308;
31250;0,0007726334312369436;0,00014842203308012194;0,0006358955004965061;0,0005715858922483963;0,0006983712669204804;0,0005002961186859385;0,6943945777921166;0,7248959418905863;0,6789420236760308;
31500;0,0007726334312369436;0,00014842203308012194;0,0006348828837327209;0,0005715858922483963;0,0006983712669204804;0,0005002497218068219;0,6943945777921166;0,7248959418905863;0,6789420236760308;
31750;0,0007726334312369436;0,00014842203308012194;0,0006320450959856194;0,0005715858922483963;0,0006983712669204804;0,0004999813083456622;0,6943945777921166;0,7248959418905863;0,6789420236760308;
32000;0,0007725224787907596;0,00014638770914515692;0,0006304735408295616;0,0005715858922483963;0,0006983712669204804;0,0004999813083456622;0,6943945777921166;0,7248959418905863;0,6789420236760308;
32250;0,0007725224787907596;0,00014638770914515692;0,0006304735408295616;0,0005715858922483963;0,0006983712669204804;0,0004999813083456622;0,6943945777921166;0,7248959418905863;0,6789420236760308;
32500;0,0007725224787907596;0,00014399344882940504;0,0006235424887653783;0,0005715858922483963;0,0006983712669204804;0,0004929351929007918;0,6943945777921166;0,7248959418905863;0,6789420236760308;
32750;0,0007725224787907596;0,00014399344882940504;0,0006178677948910814;0,0005699945967856342;0,0006983712669204804;0,0004929351929007918;0,6943945777921166;0,7248959418905863;0,6789420236760308;
33000;0,0007725224787907596;0,00014399344882940504;0,0006178677948910814;0,0005699945967856342;0,0006983712669204804;0,0004929351929007918;0,6943945777921166;0,7248959418905863;0,6789420236760308;
33250;0,000771306427022749;0,00014264406215143885;0,0006178677948910814;0,0005699945967856342;0,0006860674794883302;0,0004929351929007918;0,6943945777921166;0,7248959418905863;0,6789420236760308;
33500;0,000637784459163429;0,0001416331410973585;0,0006012021795096204;0,0005675574893556766;0,0006306619940621318;0,0004929351929007918;0,6943945777921166;0,7248959418905863;0,6789420236760308;
33750;0,000637784459163429;0,00013686741335145562;0,0005787384721655894;0,0005671508668314243;0,0005708800159043521;0,0004929351929007918;0,6943945777921166;0,7248959418905863;0,6789420236760308;
34000;0,0006353183908255351;0,00013198466609678494;0,0005787384721655894;0,0005669043087060753;0,0005676363726974043;0,0004927327723428556;0,6943945777921166;0,7248959418905863;0,6789420236760308;
34250;0,0006353183908255351;0,00013046270802072422;0,000547030365377012;0,0005667134310018305;0,0005676363726974043;0,0004927327723428556;0,6943945777921166;0,7248959418905863;0,6789420236760308;
34500;0,0006353183908255351;0,00013046270802072422;0,000547030365377012;0,0005667134310018305;0,0005676363726974043;0,0004927327723428556;0,6943945777921166;0,7248959418905863;0,6789420236760308;
34750;0,0006353183908255351;0,00013046270802072422;0,000547030365377012;0,0005667134310018305;0,0005506593635392842;0,0004894330787934297;0,6943945777921166;0,7248959418905863;0,6789420236760308;
35000;0,0006171863505901095;0,00012794692652934626;0,000547030365377012;0,0005647486754218839;0,0005506593635392842;0,0004893113429158538;0,6943945777921166;0,7248959418905863;0,6789420236760308;
35250;0,00061706992197413;0,00012794692652934626;0,000547030365377012;0,0005647486754218839;0,0005501912036643826;0,0004893113429158538;0,6943945777921166;0,7248959418905863;0,6789420236760308;
35500;0,00061706992197413;0,00012794692652934626;0,000547030365377012;0,0005647486754218839;0,0005501912036643826;0,0004893113429158538;0,6943945777921166;0,7248959418905863;0,6789420236760308;
35750;0,00061706992197413;0,00012794692652934626;0,000547030365377012;0,0005647486754218839;0,0005501912036643826;0,0004893113429158538;0,6943945777921166;0,7248959418905863;0,6789420236760308;
36000;0,0006154596572156139;0,00010711199703159582;0,000547030365377012;0,0005647486754218839;0,0005501912036643826;0,0004263592840870591;0,6943945777921166;0,7248959418905863;0,6789420236760308;
36250;0,0006154596572156139;0,00010275617602813219;0,000547030365377012;0,0005647486754218839;0,0005501912036643826;0,00033538896698234033;0,6943945777921166;0,7248959418905863;0,6789420236760308;
36500;0,0005756736500513488;9,926191764099701E-05;0,000547030365377012;0,000525750969727776;0,0005501912036643826;0,00033538896698234033;0,6943945777921166;0,7248959418905863;0,6789420236760308;
36750;0,000575650179342383;9,926191764099701E-05;0,000547030365377012;0,000525750969727776;0,0005501912036643826;0,0003025046590102783;0,6943945777921166;0,7248959418905863;0,6789420236760308;
37000;0,0005711355832541216;9,926191764099701E-05;0,000547030365377012;0,0005216787168298903;0,0005501912036643826;0,0001775825121440046;0,6943945777921166;0,7248959418905863;0,6789420236760308;
37250;0,0005711355832541216;9,926191764099701E-05;0,000547030365377012;0,0005216787168298903;0,0005501912036643826;0,0001774313523021829;0,6943945777921166;0,7248959418905863;0,6789420236760308;
37500;0,0005683617966322889;9,926191764099701E-05;0,000547030365377012;0,0005216787168298903;0,0005490262587907009;0,00017521184437154522;0,6943945777921166;0,7248959418905863;0,6789420236760308;
37750;0,0005665323244050415;9,926191764099701E-05;0,000547030365377012;0,0005216787168298903;0,0005490262587907009;0,00017452478810723866;0,6943945777921166;0,7248959418905863;0,6789420236760308;
38000;0,000564845028824076;9,926191764099701E-05;0,0005095085266139728;0,0005216381149644817;0,0005490262587907009;0,00017452478810723866;0,6943945777921166;0,7248959418905863;0,6789420236760308;
38250;0,000564845028824076;9,913130028982061E-05;0,0004960716883042218;0,0005214106114338255;0,0005490262587907009;0,00017452478810723866;0,6943945777921166;0,7248959418905863;0,6789420236760308;
38500;0,000564845028824076;9,74981306261978E-05;0,0004960716883042218;0,0005214106114338255;0,0005490262587907009;0,00017452478810723866;0,6943945777921166;0,7248959418905863;0,6789420236760308;
38750;0,0005274012052191001;9,74981306261978E-05;0,0004960716883042218;0,0005214106114338255;0,0005490262587907009;0,0001733392293941205;0,6943945777921166;0,7248959418905863;0,6789420236760308;
39000;0,0005274012052191001;9,520191809603203E-05;0,0004960716883042218;0,0005214106114338255;0,000541878931920714;0,0001733392293941205;0,6943945777921166;0,7248959418905863;0,6789420236760308;
39250;0,0005274012052191001;9,520191809603203E-05;0,0004960716883042218;0,0005214106114338255;0,0005206816967805753;0,00014181813276293432;0,6943945777921166;0,7248959418905863;0,6789420236760308;
39500;0,0005263827705242539;9,520191809603203E-05;0,0004960716883042218;0,0005214106114338255;0,0005206816967805753;0,0001406321445144673;0,6943945777921166;0,7248959418905863;0,6789420236760308;
39750;0,0005263827705242539;9,520191809603203E-05;0,0004960716883042218;0,0005214106114338255;0,0005206816967805753;0,0001406321445144673;0,6943945777921166;0,7248959418905863;0,6789420236760308;
40000;0,0005263827705242539;9,520191809603203E-05;0,0004960716883042218;0,0005214106114338255;0,0005206816967805753;0,0001406321445144673;0,6943945777921166;0,7248959418905863;0,6789420236760308;
40250;0,0005263827705242539;9,520191809603203E-05;0,0004925463214030236;0,0005214106114338255;0,0005206816967805753;0,0001406321445144673;0,6943945777921166;0,7248959418905863;0,6789420236760308;
40500;0,0005253178527170579;9,520191809603203E-05;0,0004925463214030236;0,0005214106114338255;0,0005206816967805753;0,0001406321445144673;0,6943945777921166;0,7248959418905863;0,6789420236760308;
40750;0,0005253178527170579;9,520191809603203E-05;0,0004925463214030236;0,0005190767031797284;0,0005206816967805753;0,0001406321445144673;0,6943945777921166;0,7248959418905863;0,6789420236760308;
41000;0,0005253178527170579;9,509490528004823E-05;0,0004925463214030236;0,0005187860744371389;0,0005206816967805753;0,0001406321445144673;0,6943945777921166;0,7248959418905863;0,6789420236760308;
41250;0,0005253178527170579;9,509490528004823E-05;0,0004925463214030236;0,0005177473715074799;0,0005166313092492117;0,0001406321445144673;0,6943945777921166;0,7248959418905863;0,6789420236760308;
41500;0,0005253178527170579;9,342234694380658E-05;0,0004925463214030236;0,0005171315620344684;0,0005166313092492117;0,00013757575895502296;0,6943945777921166;0,7248959418905863;0,6789420236760308;
41750;0,0004761333462894127;9,342234694380658E-05;0,0004925463214030236;0,000515085958297825;0,0005166313092492117;0,00013614861770532802;0,6943945777921166;0,7248959418905863;0,6789420236760308;
42000;0,00025876894120720835;9,342234694380658E-05;0,0004925463214030236;0,000515085958297825;0,0005166313092492117;0,00013614861770532802;0,6943945777921166;0,7248959418905863;0,6789420236760308;
42250;9,677347590967585E-05;9,342234694380658E-05;0,0004925463214030236;0,000515085958297825;0,000476292421320392;0,00013614861770532802;0,6943945777921166;0,7248959418905863;0,6789420236760308;
42500;9,677347590967585E-05;9,342234694380658E-05;0,0004925463214030236;0,000515085958297825;0,00045872779698053775;0,00013614861770532802;0,6943945777921166;0,7248959418905863;0,6789420236760308;
42750;9,66092756510386E-05;9,163711284714075E-05;0,0004925463214030236;0,000513180412690584;0,00045872779698053775;0,00013614861770532802;0,6943945777921166;0,7248959418905863;0,6789420236760308;
43000;9,66092756510386E-05;9,163711284714075E-05;0,00048344620209755495;0,000513180412690584;0,00045872779698053775;0,00013614861770532802;0,6943945777921166;0,7248959418905863;0,6789420236760308;
43250;9,650504336669301E-05;9,163711284714075E-05;0,0004739717107554916;0,0001329174554989984;0,00045872779698053775;0,00013614861770532802;0,6943945777921166;0,7248959418905863;0,6789420236760308;
43500;9,650504336669301E-05;9,163711284714075E-05;0,0004739717107554916;0,0001255005672895959;0,00045872779698053775;0,00013323412469479326;0,6943945777921166;0,7248959418905863;0,6789420236760308;
43750;9,650504336669301E-05;9,163711284714075E-05;0,0004739717107554916;0,0001255005672895959;0,00045872779698053775;0,00013323412469479326;0,6943945777921166;0,7248959418905863;0,6789420236760308;
44000;9,650504336669301E-05;9,163711284714075E-05;0,00043047374303737605;0,0001255005672895959;0,0004543193922988195;0,00013323412469479326;0,6943945777921166;0,7248959418905863;0,6789420236760308;
44250;9,469180500152291E-05;9,163711284714075E-05;0,00043047374303737605;0,0001252813934641846;0,0004543193922988195;0,00013029096277627459;0,6943945777921166;0,7248959418905863;0,6789420236760308;
44500;9,38928205604759E-05;9,163711284714075E-05;0,00043047374303737605;0,00011873131670078186;0,0004543193922988195;0,0001276683911109091;0,6943945777921166;0,7248959418905863;0,6789420236760308;
44750;9,38928205604759E-05;8,819347987320926E-05;0,00042500229239028473;0,00011870447062457899;0,0004543193922988195;0,0001276683911109091;0,6943945777921166;0,7248959418905863;0,6789420236760308;
45000;9,38928205604759E-05;8,819347987320926E-05;0,0003649920154985122;0,00011749868155094997;0,0004455580850049672;0,0001276683911109091;0,6943945777921166;0,7248959418905863;0,6789420236760308;
45250;9,38928205604759E-05;8,739033268557791E-05;0,00035500410388996257;0,00011676033774711997;0,00044164338976123005;0,0001276683911109091;0,6943945777921166;0,7248959418905863;0,6789420236760308;
45500;9,385278967408075E-05;8,739033268557791E-05;0,00032706144084108035;0,0001115717868344147;0,00044164338976123005;0,0001276683911109091;0,6943945777921166;0,7248959418905863;0,6789420236760308;
45750;9,385278967408075E-05;8,739033268557791E-05;0,00032706144084108035;0,00011079878080107781;0,00044164338976123005;0,0001276683911109091;0,6943945777921166;0,7248959418905863;0,6789420236760308;
46000;9,380463506772964E-05;8,739033268557791E-05;0,00032706144084108035;0,00011025764723488049;0,00044164338976123005;0,0001276683911109091;0,6943945777921166;0,7248959418905863;0,6789420236760308;
46250;9,380463506772964E-05;8,739033268557791E-05;0,00032706144084108035;0,00010738020207933211;0,00044164338976123005;0,00010927844018669784;0,6943945777921166;0,7248959418905863;0,6789420236760308;
46500;9,380463506772964E-05;8,739033268557791E-05;0,00032706144084108035;0,00010738020207933211;0,00044164338976123005;0,00010927844018669784;0,6943945777921166;0,7248959418905863;0,6789420236760308;
46750;9,380463506772964E-05;8,58196980077917E-05;0,00032706144084108035;0,0001065475334430458;0,00044164338976123005;0,00010927844018669784;0,6943945777921166;0,7248959418905863;0,6789420236760308;
47000;9,380463506772964E-05;8,58196980077917E-05;0,00032706144084108035;0,0001065475334430458;0,0004328826568378628;0,00010927844018669784;0,6943945777921166;0,7248959418905863;0,6789420236760308;
47250;9,380463506772964E-05;8,58196980077917E-05;0,00032706144084108035;0,00010435215612918897;0,0004328826568378628;0,00010927844018669784;0,6943945777921166;0,7248959418905863;0,6789420236760308;
47500;9,380463506772964E-05;8,58196980077917E-05;0,00032706144084108035;0,00010435215612918897;0,0004328826568378628;0,00010927844018669784;0,6943945777921166;0,7248959418905863;0,6789420236760308;
47750;9,380463506772964E-05;8,58196980077917E-05;0,0003206876163284308;0,00010435215612918897;0,0004328826568378628;0,00010927844018669784;0,6943945777921166;0,7248959418905863;0,6789420236760308;
48000;9,380463506772964E-05;8,502582253510277E-05;0,0003206876163284308;0,00010305597291349592;0,0004328826568378628;0,00010927844018669784;0,6943945777921166;0,7248959418905863;0,6789420236760308;
48250;9,380463506772964E-05;8,502582253510277E-05;0,0003206876163284308;0,00010305597291349592;0,0004328826568378628;0,00010927844018669784;0,6943945777921166;0,7248959418905863;0,6789420236760308;
48500;9,380463506772964E-05;8,502582253510277E-05;0,0002851361319001679;0,00010305597291349592;0,0004328826568378628;0,00010927844018669784;0,6943945777921166;0,7248959418905863;0,6789420236760308;
48750;9,380463506772964E-05;8,502582253510277E-05;0,00024229165364404208;0,00010305597291349592;0,0004328826568378628;0,00010682043576518005;0,6943945777921166;0,7248959418905863;0,6789420236760308;
49000;9,380463506772964E-05;8,502582253510277E-05;0,00024229165364404208;0,00010305597291349592;0,0004328826568378628;0,00010599367766638947;0,6943945777921166;0,7248959418905863;0,6789420236760308;
49250;9,380463506772964E-05;8,403721899826498E-05;0,00023053158436820906;0,00010305597291349592;0,0004328826568378628;0,00010599367766638947;0,6943945777921166;0,7248959418905863;0,6789420236760308;
49500;9,380463506772964E-05;8,403721899826498E-05;0,00023053158436820906;0,00010305597291349592;0,0004328826568378628;0,00010599367766638947;0,6943945777921166;0,7248959418905863;0,6789420236760308;
49750;9,380463506772964E-05;8,403721899826498E-05;0,00023053158436820906;0,00010257896833932908;0,0004328826568378628;0,00010397770678975762;0,6943945777921166;0,7248959418905863;0,6789420236760308;
50000;9,328570881636578E-05;8,403721899826498E-05;0,00023053158436820906;0,00010257896833932908;0,0004328826568378628;0,00010397770678975762;0,6943945777921166;0,7248959418905863;0,6789420236760308;
50250;9,216178905856422E-05;8,403721899826498E-05;0,00023053158436820906;0,00010210491975874356;0,00041899953021239464;9,899246131333296E-05;0,6943945777921166;0,7248959418905863;0,6789420236760308;
50500;8,906402955296163E-05;8,403721899826498E-05;0,00023053158436820906;9,209350985669983E-05;0,0004137756011392903;9,640897563499149E-05;0,6943945777921166;0,7248959418905863;0,6789420236760308;
50750;8,906402955296163E-05;8,403721899826498E-05;0,00023053158436820906;9,184192279260733E-05;0,0004063640981722738;9,61284884541232E-05;0,6943945777921166;0,7248959418905863;0,6789420236760308;
51000;8,906402955296163E-05;8,403721899826498E-05;0,00023053158436820906;9,184192279260733E-05;0,00038557248186854375;9,61284884541232E-05;0,6943945777921166;0,7248959418905863;0,6789420236760308;
51250;8,581548401947607E-05;8,403721899826498E-05;0,00023053158436820906;9,184192279260733E-05;0,00038557248186854375;9,39600240439215E-05;0,6943945777921166;0,7248959418905863;0,6789420236760308;
51500;8,551181445672648E-05;8,403721899826498E-05;0,00023053158436820906;9,184192279260733E-05;0,00038557248186854375;8,890203122925827E-05;0,6943945777921166;0,7248959418905863;0,6789420236760308;
51750;8,551181445672648E-05;8,252924030795329E-05;0,00023053158436820906;9,184192279260733E-05;0,00038557248186854375;8,867601575633694E-05;0,6943945777921166;0,7248959418905863;0,6789420236760308;
52000;8,551181445672648E-05;8,252924030795329E-05;0,00023053158436820906;9,184192279260733E-05;0,0003772581276156508;8,867601575633694E-05;0,6943945777921166;0,7248959418905863;0,6789420236760308;
52250;8,551181445672648E-05;8,252924030795329E-05;0,00023053158436820906;9,184192279260733E-05;0,0003772581276156508;8,867601575633694E-05;0,6943945777921166;0,7248959418905863;0,6789420236760308;
52500;8,551181445672648E-05;8,252924030795329E-05;0,00023053158436820906;9,184192279260733E-05;0,00037429745472870586;8,804038801311139E-05;0,6943945777921166;0,7248959418905863;0,6789420236760308;
52750;8,551181445672648E-05;8,252924030795329E-05;0,00023053158436820906;9,184192279260733E-05;0,00037429745472870586;8,785457287418436E-05;0,6943945777921166;0,7248959418905863;0,6789420236760308;
53000;8,551181445672648E-05;8,24728706319603E-05;0,00023053158436820906;9,184192279260733E-05;0,00037429745472870586;8,76740853439614E-05;0,6943945777921166;0,7248959418905863;0,6789420236760308;
53250;8,551181445672648E-05;8,24728706319603E-05;0,00023053158436820906;9,184192279260733E-05;0,00037429745472870586;8,76740853439614E-05;0,6943945777921166;0,7248959418905863;0,6789420236760308;
53500;8,551181445672648E-05;8,104740629815237E-05;0,00023053158436820906;9,094547014232732E-05;0,00037429745472870586;8,76740853439614E-05;0,6943945777921166;0,7248959418905863;0,6789420236760308;
53750;8,551181445672648E-05;8,104740629815237E-05;0,00023053158436820906;9,094547014232732E-05;0,00037429745472870586;8,76740853439614E-05;0,6943945777921166;0,7248959418905863;0,6789420236760308;
54000;8,551181445672648E-05;8,104740629815237E-05;0,00023053158436820906;9,094547014232732E-05;0,00037429745472870586;8,76740853439614E-05;0,6943945777921166;0,7248959418905863;0,6789420236760308;
54250;8,551181445672648E-05;8,104740629815237E-05;0,00023053158436820906;9,094547014232732E-05;0,00037429745472870586;8,76740853439614E-05;0,6943945777921166;0,7248959418905863;0,6789420236760308;
54500;8,551181445672648E-05;8,104740629815237E-05;0,00022853225760552888;9,075294320356709E-05;0,00037429745472870586;8,76740853439614E-05;0,6943945777921166;0,7248959418905863;0,6789420229568957;
54750;8,551181445672648E-05;8,104740629815237E-05;0,00022853225760552888;9,075294320356709E-05;0,00037429745472870586;8,76740853439614E-05;0,6943945777921166;0,7248959418905863;0,6789420229568957;
55000;8,551181445672648E-05;8,104740629815237E-05;0,00022853225760552888;9,020211159787625E-05;0,0003578542838192647;8,722140656355036E-05;0,6943945777921166;0,7248959418905863;0,6789420229568957;
55250;8,551181445672648E-05;8,104740629815237E-05;0,00022853225760552888;8,789605827982002E-05;0,0003578542838192647;8,722140656355036E-05;0,6943945777921166;0,7248959418905863;0,6789420229568957;
55500;8,551181445672648E-05;8,104740629815237E-05;0,00022853225760552888;8,697755790119533E-05;0,0003578542838192647;8,722140656355036E-05;0,6943945777921166;0,7248959418905863;0,6789420229568957;
55750;8,551181445672648E-05;8,104740629815237E-05;0,00022853225760552888;8,697755790119533E-05;0,0003578542838192647;8,493175094653114E-05;0,6943945777921166;0,7248959418905863;0,6789420229568957;
56000;8,551181445672648E-05;8,104740629815237E-05;0,00022853225760552888;8,697755790119533E-05;0,0003578542838192647;8,022010301357853E-05;0,6943945777921166;0,7248959418905863;0,6789420229568957;
56250;8,413433368703505E-05;8,104740629815237E-05;0,00022853225760552888;8,697755790119533E-05;0,0003578542838192647;7,97565884341718E-05;0,6943945777921166;0,7248959418905863;0,6789420229568957;
56500;8,38530140455295E-05;8,104740629815237E-05;0,00022853225760552888;8,618453361002348E-05;0,0003578542838192647;7,97565884341718E-05;0,6943945777921166;0,7248959418905863;0,6789420222522043;
56750;8,38530140455295E-05;8,104740629815237E-05;0,00022853225760552888;8,513753056378026E-05;0,0003578542838192647;7,97565884341718E-05;0,6943945777921166;0,7248959418905863;0,6789420222522043;
57000;8,38530140455295E-05;8,104740629815237E-05;0,00022853225760552888;8,513753056378026E-05;0,0003578542838192647;7,97565884341718E-05;0,6943945777921166;0,7248959418905863;0,6789420222522043;
57250;8,38530140455295E-05;8,104740629815237E-05;0,00022853225760552888;8,513753056378026E-05;0,0003578542838192647;7,97565884341718E-05;0,6943945777921166;0,7248959418905863;0,6789420222522043;
57500;6,121056494015647E-05;8,104740629815237E-05;0,00022853225760552888;8,513753056378026E-05;0,0003578542838192647;7,97565884341718E-05;0,6943945777921166;0,7248959418905863;0,6789420222522043;
57750;6,121056494015647E-05;8,104740629815237E-05;0,00022853225760552888;8,513753056378026E-05;0,0003578542838192647;7,97565884341718E-05;0,6943945777921166;0,7248959418905863;0,6789420222522043;
58000;5,948709068489507E-05;8,104740629815237E-05;0,00022853225760552888;8,513753056378026E-05;0,0003555178468575723;7,97565884341718E-05;0,6943945777921166;0,7248959418905863;0,6789420222522043;
58250;5,8983435890379266E-05;8,005916888376026E-05;0,00022853225760552888;8,513753056378026E-05;0,0003555178468575723;7,97565884341718E-05;0,6943945777921166;0,7248959418905863;0,6789420222522043;
58500;5,855279293655263E-05;8,005916888376026E-05;0,00022853225760552888;8,513753056378026E-05;0,0003555178468575723;7,733698218068976E-05;0,6943945777921166;0,7248959418905863;0,6789420222522043;
58750;5,855279293655263E-05;8,005916888376026E-05;0,00022853225760552888;8,339758697728552E-05;0,0003555178468575723;7,733698218068976E-05;0,6943945777921166;0,7248959418905863;0,6789420222522043;
59000;5,799173593392164E-05;7,878268560803663E-05;0,00022853225760552888;8,339758697728552E-05;0,0003555178468575723;7,733698218068976E-05;0,6943945777921166;0,7248959418905863;0,6789420222522043;
59250;5,783354685189691E-05;7,878268560803663E-05;0,00019070310022138996;8,339758697728552E-05;0,00035200224639347937;7,733698218068976E-05;0,6943945777921166;0,7248959418905863;0,6789420221826945;
59500;5,783354685189691E-05;7,878268560803663E-05;0,00019070310022138996;8,243382223889717E-05;0,00035200224639347937;7,666428075507298E-05;0,6943945777921166;0,7248959418905863;0,6789420221826945;
59750;5,513564826747217E-05;7,828614691974238E-05;0,00019070310022138996;8,243382223889717E-05;0,00035200224639347937;7,666428075507298E-05;0,6943945777921166;0,7248959418905863;0,6789420221826945;
60000;5,513564826747217E-05;7,828614691974238E-05;0,00019070310022138996;8,243382223889717E-05;0,00035200224639347937;7,666428075507298E-05;0,6943945777921166;0,7248959418905863;0,6789420221826945;
60250;5,513564826747217E-05;7,828614691974238E-05;0,00019070310022138996;8,243382223889717E-05;0,00035200224639347937;7,666428075507298E-05;0,6943945777921166;0,7248959418905863;0,6789420221826945;
60500;5,513564826747217E-05;7,828614691974238E-05;0,00019070310022138996;8,174392820622314E-05;0,00035200224639347937;7,613256190781265E-05;0,6943945777921166;0,7248959418905863;0,6789420221826945;
60750;5,513564826747217E-05;7,828614691974238E-05;0,00019070310022138996;8,174392820622314E-05;0,00035200224639347937;7,613256190781265E-05;0,6943945777921166;0,7248959418905863;0,6789420221826945;
61000;5,513564826747217E-05;7,828614691974238E-05;0,00019014619685065536;8,174392820622314E-05;0,0003462723360886852;7,613256190781265E-05;0,6943945777921166;0,7248959418905863;0,6789420221826945;
61250;5,513564826747217E-05;7,828614691974238E-05;0,00019014619685065536;8,174392820622314E-05;0,0003462723360886852;7,613256190781265E-05;0,6943945777921166;0,7248959418905863;0,6789420221826945;
61500;5,513564826747217E-05;7,828614691974238E-05;0,00018837014542365433;8,174392820622314E-05;0,0003462723360886852;7,613256190781265E-05;0,6943945777921166;0,7248959418905863;0,6789420221826945;
61750;5,513564826747217E-05;7,828614691974238E-05;0,00018837014542365433;8,174392820622314E-05;0,0003462723360886852;7,613256190781265E-05;0,6943945777921166;0,7248959418905863;0,6789420221826945;
62000;5,428593214308995E-05;7,828614691974238E-05;0,00018837014542365433;8,141150972891843E-05;0,0003462723360886852;7,613256190781265E-05;0,6943945777921166;0,7248959418905863;0,6789420221826945;
62250;5,428593214308995E-05;7,828614691974238E-05;0,00018837014542365433;8,141150972891843E-05;0,0003462723360886852;7,613256190781265E-05;0,6943945777921166;0,7248959418905863;0,6789420221826945;
62500;5,428593214308995E-05;7,828614691974238E-05;0,00018837014542365433;8,141150972891843E-05;0,0003462723360886852;7,613256190781265E-05;0,6943945777921166;0,7248959418905863;0,6789420221299202;
62750;5,428593214308995E-05;7,828614691974238E-05;0,00018837014542365433;8,141150972891843E-05;0,0003462723360886852;7,613256190781265E-05;0,6943945777921166;0,7248959418905863;0,6789420221299202;
63000;5,409505443884524E-05;7,828614691974238E-05;0,00018837014542365433;8,141150972891843E-05;0,00033157388182675424;7,613256190781265E-05;0,6943945777921166;0,7248959418905863;0,6789420221299202;
63250;5,351410901221366E-05;7,828614691974238E-05;0,00017803421996404308;8,141150972891843E-05;0,0002798863220277339;7,613256190781265E-05;0,6943945777921166;0,7248959418905863;0,6789420221299202;
63500;5,323374489832989E-05;7,828614691974238E-05;0,00017468891678616168;8,141150972891843E-05;0,0002798863220277339;7,613256190781265E-05;0,6943945777921166;0,7248959418905863;0,6789420221299202;
63750;5,317929992679996E-05;7,828614691974238E-05;0,00017468891678616168;8,141150972891843E-05;0,0002798863220277339;7,613256190781265E-05;0,6943945777921166;0,7248959418905863;0,6789420221299202;
64000;5,27557072033275E-05;7,828614691974238E-05;0,00017468891678616168;8,141150972891843E-05;0,000265399685673307;7,613256190781265E-05;0,6943945777921166;0,7248959418905863;0,6789420221299202;
64250;5,27557072033275E-05;7,828614691974238E-05;0,00017468891678616168;8,141150972891843E-05;0,000265399685673307;7,613256190781265E-05;0,6943945777921166;0,7248959418905863;0,6789420221083451;
64500;5,2525085469417286E-05;7,828614691974238E-05;0,00017468891678616168;8,141150972891843E-05;0,000265399685673307;7,613256190781265E-05;0,6943945777921166;0,7248959418905863;0,6789420221083451;
64750;5,2525085469417286E-05;7,828614691974238E-05;0,00017468891678616168;8,141150972891843E-05;0,000265399685673307;7,613256190781265E-05;0,6943945777921166;0,7248959418905863;0,6789420221083451;
65000;5,2525085469417286E-05;7,828614691974238E-05;0,00016903684130172236;8,141150972891843E-05;0,00026270143150331686;7,613256190781265E-05;0,6943945777921166;0,7248959418905863;0,6789420221083451;
65250;5,2525085469417286E-05;7,815009330315398E-05;0,00016903684130172236;8,141150972891843E-05;0,000259456541860373;7,613256190781265E-05;0,6943945777921166;0,7248959418905863;0,6789420221083451;
65500;5,1871534379549845E-05;7,559661662303201E-05;0,00016903684130172236;7,933907195457557E-05;0,000259456541860373;7,613256190781265E-05;0,6943945777921166;0,7248959418905863;0,6789420221083451;
65750;5,150903032623978E-05;7,559661662303201E-05;0,00016903684130172236;7,933907195457557E-05;0,000259456541860373;7,613256190781265E-05;0,6943945777921166;0,7248959418905863;0,6789420221083451;
66000;5,150903032623978E-05;7,559661662303201E-05;0,00016903684130172236;7,933907195457557E-05;0,000259456541860373;7,613256190781265E-05;0,6943945777921166;0,7248959418905863;0,6789420221083451;
66250;5,150903032623978E-05;7,559661662303201E-05;0,00016903684130172236;7,933907195457557E-05;0,000259456541860373;7,613256190781265E-05;0,6943945777921166;0,7248959418905863;0,6789420221083451;
66500;5,1212276649057216E-05;7,559661662303201E-05;0,00016903684130172236;6,980596882376321E-05;0,0002535065115148877;7,613256190781265E-05;0,6943945777921166;0,7248959418905863;0,6789420220878045;
66750;5,1212276649057216E-05;7,559661662303201E-05;0,00016903684130172236;6,946444278555643E-05;0,0002535065115148877;7,613256190781265E-05;0,6943945777921166;0,7248959418905863;0,6789420220878045;
67000;5,1212276649057216E-05;7,559661662303201E-05;0,00016903684130172236;6,496911427884795E-05;0,0002535065115148877;7,613256190781265E-05;0,6943945777921166;0,7248959418905863;0,6789420220878045;
67250;5,054161764310354E-05;7,559661662303201E-05;0,00016903684130172236;6,438528696329017E-05;0,0002535065115148877;7,613256190781265E-05;0,6943945777921166;0,7248959418905863;0,6789420220878045;
67500;5,054161764310354E-05;7,465751897079125E-05;0,00016903684130172236;6,438528696329017E-05;0,0002535065115148877;7,613256190781265E-05;0,6943945777921166;0,7248959418905863;0,6789420220878045;
67750;4,9295023613486E-05;7,465751897079125E-05;0,00016903684130172236;6,438528696329017E-05;0,0002535065115148877;7,613256190781265E-05;0,6943945777921166;0,7248959418905863;0,6789420220878045;
68000;4,87958849449603E-05;7,092679664292023E-05;0,00016903684130172236;6,438528696329017E-05;0,00025329627505885056;7,613256190781265E-05;0,6943945777921166;0,7248959418905863;0,6789420220878045;
68250;4,87958849449603E-05;7,069461357711456E-05;0,00016903684130172236;6,438528696329017E-05;0,00025329627505885056;7,613256190781265E-05;0,6943945777921166;0,7248959418905863;0,6789420220878045;
68500;4,87958849449603E-05;7,069461357711456E-05;0,00016903684130172236;6,438528696329017E-05;0,00025329627505885056;7,569059088676782E-05;0,6943945777921166;0,7248959418905863;0,6789420220878045;
68750;4,87958849449603E-05;7,069461357711456E-05;0,00016321638853025798;6,438528696329017E-05;0,00025329627505885056;7,505797027161312E-05;0,6943945777921166;0,7248959418905863;0,6789420220878045;
69000;4,7563471056486825E-05;7,069461357711456E-05;0,00016321638853025798;6,438528696329017E-05;0,0002505711881784755;7,505797027161312E-05;0,6943945777921166;0,7248959418905863;0,6789420220878045;
69250;4,656766402030542E-05;7,069461357711456E-05;0,00016321638853025798;6,438528696329017E-05;0,0002505711881784755;7,505797027161312E-05;0,6943945777921166;0,7248959418905863;0,6789420220878045;
69500;4,656766402030542E-05;7,069461357711456E-05;0,00016321638853025798;6,438528696329017E-05;0,000250058422168717;7,505797027161312E-05;0,6943945777921166;0,7248959418905863;0,6789420220878045;
69750;4,656766402030542E-05;7,069461357711456E-05;0,00016321638853025798;6,402447869384152E-05;0,000250058422168717;7,505797027161312E-05;0,6943945777921166;0,7248959418905863;0,6789420220878045;
70000;4,656766402030542E-05;6,856496182473039E-05;0,00016321638853025798;6,21789468555567E-05;0,000250058422168717;7,505797027161312E-05;0,6943945777921166;0,7248959418905863;0,6789420220878045;
70250;4,589058182254793E-05;6,856496182473039E-05;0,00016321638853025798;6,110918899850198E-05;0,000250058422168717;7,505797027161312E-05;0,6943945777921166;0,7248959418905863;0,6789420220878045;
70500;4,589058182254793E-05;6,856496182473039E-05;0,00016321638853025798;6,030226187870504E-05;0,000250058422168717;7,505797027161312E-05;0,6943945777921166;0,7248959418905863;0,6789420220878045;
70750;4,589058182254793E-05;6,781773303445214E-05;0,00016321638853025798;5,833017492785982E-05;0,000250058422168717;7,505797027161312E-05;0,6943945777921166;0,7248959418905863;0,6789420220878045;
71000;4,589058182254793E-05;6,781773303445214E-05;0,00016321638853025798;5,777883607326001E-05;0,00024678140562893117;7,505797027161312E-05;0,6943945777921166;0,7248959418905863;0,6789420220878045;
71250;4,589058182254793E-05;6,781773303445214E-05;0,00016321638853025798;5,777883607326001E-05;0,00024678140562893117;7,505797027161312E-05;0,6943945777921166;0,7248959418905863;0,6789420220878045;
71500;4,589058182254793E-05;6,462621250423911E-05;0,00016321638853025798;5,777883607326001E-05;0,00024678140562893117;7,505797027161312E-05;0,6943945777921166;0,7248959418905863;0,6789420220878045;
71750;4,589058182254793E-05;6,462621250423911E-05;0,000161099116249237;5,777883607326001E-05;0,00024678140562893117;7,321960281192668E-05;0,6943945777921166;0,7248959418905863;0,6789420220878045;
72000;4,589058182254793E-05;6,398043196336186E-05;0,000161099116249237;5,777883607326001E-05;0,00024678140562893117;7,087151109260557E-05;0,6943945777921166;0,7248959418905863;0,6789420220878045;
72250;4,589058182254793E-05;6,398043196336186E-05;0,000161099116249237;5,777883607326001E-05;0,00024678140562893117;7,000856010645674E-05;0,6943945777921166;0,7248959418905863;0,6789420220878045;
72500;4,5804906044340286E-05;6,398043196336186E-05;0,000161099116249237;5,777883607326001E-05;0,00024678140562893117;7,000856010645674E-05;0,6943945777921166;0,7248959418905863;0,6789420220878045;
72750;4,5804906044340286E-05;6,398043196336186E-05;0,00014974447818289632;5,777883607326001E-05;0,00024678140562893117;7,000856010645674E-05;0,6943945777921166;0,7248959418905863;0,6789420220878045;
73000;4,5804906044340286E-05;6,398043196336186E-05;0,00014974447818289632;5,777883607326001E-05;0,00024678140562893117;7,000856010645674E-05;0,6943945777921166;0,7248959418905863;0,6789420220878045;
73250;4,555204484558583E-05;6,398043196336186E-05;0,00014315300269881315;5,777883607326001E-05;0,00024266633173713543;7,000856010645674E-05;0,6943945777921166;0,7248959418905863;0,6789420220878045;
73500;4,555204484558583E-05;6,398043196336186E-05;0,00014168319331725959;5,777883607326001E-05;0,00024266633173713543;7,000856010645674E-05;0,6943945777921166;0,7248959418905863;0,6789420220878045;
73750;4,555204484558583E-05;6,39382318087731E-05;0,00014168319331725959;5,777883607326001E-05;0,00024147288135401455;7,000856010645674E-05;0,6943945777921166;0,7248959418905863;0,6789420220878045;
74000;4,547142427230048E-05;6,39382318087731E-05;0,00014168319331725959;5,5647729964714946E-05;0,00023974558325617196;7,000856010645674E-05;0,6943945777921166;0,7248959418905863;0,6789420220878045;
74250;4,547142427230048E-05;6,39382318087731E-05;0,00014168319331725959;5,5647729964714946E-05;0,00023974558325617196;6,857518043553217E-05;0,6943945777921166;0,7248959418905863;0,6789420220878045;
74500;4,547142427230048E-05;6,306026820209018E-05;0,00013216257746632862;5,5647729964714946E-05;0,00023974558325617196;6,029941360942264E-05;0,6943945777921166;0,7248959418905863;0,6789420220878045;
74750;4,547142427230048E-05;6,268815465499829E-05;0,00013216257746632862;5,5647729964714946E-05;0,00023974558325617196;6,029941360942264E-05;0,6943945777921166;0,7248959418905863;0,6789420220878045;
75000;4,525167496445933E-05;6,238074989598272E-05;0,00013216257746632862;5,5647729964714946E-05;0,00023974558325617196;6,029941360942264E-05;0,6943945777921166;0,7248959418905863;0,6789420220878045;
75250;4,525167496445933E-05;6,238074989598272E-05;0,00013134494365982761;5,5647729964714946E-05;0,00023974558325617196;6,029941360942264E-05;0,6943945777921166;0,7248959418905863;0,6789420220878045;
75500;4,525167496445933E-05;6,238074989598272E-05;0,00013134494365982761;5,5647729964714946E-05;0,00023974558325617196;6,029941360942264E-05;0,6943945777921166;0,7248959418905863;0,6789420220878045;
75750;4,525167496445933E-05;6,238074989598272E-05;0,00013134494365982761;5,5647729964714946E-05;0,00023974558325617196;6,029941360942264E-05;0,6943945777921166;0,7248959418905863;0,6789420220878045;
76000;4,525167496445933E-05;5,9418454398788744E-05;0,00013134494365982761;5,5647729964714946E-05;0,00023974558325617196;6,0103710492977166E-05;0,6943945777921166;0,7248959418905863;0,6789420220878045;
76250;4,525167496445933E-05;5,696897575430115E-05;0,00013134494365982761;5,5647729964714946E-05;0,0002356864824059838;6,0103710492977166E-05;0,6943945777921166;0,7248959418905863;0,6789420220878045;
76500;4,4326681470535555E-05;5,696897575430115E-05;0,00013134494365982761;5,5647729964714946E-05;0,0002356864824059838;6,0103710492977166E-05;0,6943945777921166;0,7248959418905863;0,6789420217491308;
76750;4,4326681470535555E-05;5,696897575430115E-05;0,00013134494365982761;5,5647729964714946E-05;0,0002356864824059838;6,0103710492977166E-05;0,6943945777921166;0,7248959418905863;0,6789420217491308;
77000;4,4326681470535555E-05;5,696897575430115E-05;0,00013134494365982761;5,5647729964714946E-05;0,0002356864824059838;5,924453659653E-05;0,6943945777921166;0,7248959418905863;0,6789420217491308;
77250;4,4326681470535555E-05;5,696897575430115E-05;0,0001284686470571752;5,5647729964714946E-05;0,0002356864824059838;5,426260555691331E-05;0,6943945777921166;0,7248959418905863;0,6789420217491308;
77500;4,1310083428891375E-05;5,696897575430115E-05;0,0001284686470571752;5,5647729964714946E-05;0,0002356864824059838;5,426260555691331E-05;0,6943945777921166;0,7248959418905863;0,6789420217491308;
77750;4,1310083428891375E-05;5,696897575430115E-05;0,0001284686470571752;5,5647729964714946E-05;0,0002356864824059838;5,426260555691331E-05;0,6943945777921166;0,7248959418905863;0,6789420217491308;
78000;4,1310083428891375E-05;5,696897575430115E-05;0,0001284686470571752;5,5647729964714946E-05;0,0002356864824059838;5,426260555691331E-05;0,6943945777921166;0,7248959418905863;0,6789420217491308;
78250;4,1310083428891375E-05;5,5810784663614746E-05;0,0001284686470571752;5,5647729964714946E-05;0,0002356864824059838;5,426260555691331E-05;0,6943945777921166;0,7248959418905863;0,6789420217491308;
78500;4,1310083428891375E-05;5,5810784663614746E-05;0,0001284686470571752;5,5647729964714946E-05;0,00023077079883731988;5,426260555691331E-05;0,6943945777921166;0,7248959418905863;0,6789420217491308;
78750;4,1310083428891375E-05;5,5810784663614746E-05;0,0001284686470571752;5,5647729964714946E-05;0,00023077079883731988;5,426260555691331E-05;0,6943945777921166;0,7248959418905863;0,6789420217491308;
79000;4,1310083428891375E-05;5,5810784663614746E-05;0,0001284686470571752;5,5647729964714946E-05;0,00023077079883731988;5,426260555691331E-05;0,6943945777921166;0,7248959418905863;0,6789420217491308;
79250;4,1310083428891375E-05;5,5810784663614746E-05;0,0001284686470571752;5,5647729964714946E-05;0,00023077079883731988;5,426260555691331E-05;0,6943945777921166;0,7248959418905863;0,6789420217491308;
79500;4,1310083428891375E-05;5,5810784663614746E-05;0,0001284686470571752;5,5647729964714946E-05;0,00023077079883731988;5,426260555691331E-05;0,6943945777921166;0,7248959418905863;0,6789420217491308;
79750;4,1310083428891375E-05;5,5810784663614746E-05;0,0001284686470571752;5,5647729964714946E-05;0,00023077079883731988;5,414234838388469E-05;0,6943945777921166;0,7248959418905863;0,6789420217491308;
80000;4,1310083428891375E-05;5,3312468217957834E-05;0,0001284686470571752;5,5647729964714946E-05;0,00023077079883731988;5,414234838388469E-05;0,6943945777921166;0,7248959418905863;0,6789420217491308;
80250;4,1124876948356584E-05;5,3312468217957834E-05;0,0001284686470571752;5,5647729964714946E-05;0,00023077079883731988;5,414234838388469E-05;0,6943945777921166;0,7248959418905863;0,6789420217491308;
80500;4,1124876948356584E-05;5,273964755522222E-05;0,0001284686470571752;5,5647729964714946E-05;0,00023077079883731988;5,414234838388469E-05;0,6943945777921166;0,7248959418905863;0,6789420217491308;
80750;4,1090871401066486E-05;5,273964755522222E-05;0,0001284686470571752;5,500701133359232E-05;0,00023077079883731988;5,414234838388469E-05;0,6943945777921166;0,7248959418905863;0,6789420217491308;
81000;4,1090871401066486E-05;5,273964755522222E-05;0,0001284686470571752;5,472456709173517E-05;0,00023077079883731988;5,362342213252082E-05;0,6943945777921166;0,7248959418905863;0,6789420217491308;
81250;4,1090871401066486E-05;5,273964755522222E-05;0,0001284686470571752;5,311062189756302E-05;0,00022733007362953948;5,362342213252082E-05;0,6943945777921166;0,7248959418905863;0,6789420217491308;
81500;4,1090871401066486E-05;5,273964755522222E-05;0,0001284686470571752;5,311062189756302E-05;0,00022529707266610732;5,362342213252082E-05;0,6943945777921166;0,7248959418905863;0,6789420217491308;
81750;4,1090871401066486E-05;5,273964755522222E-05;0,0001284686470571752;5,311062189756302E-05;0,00022040832929455092;5,362342213252082E-05;0,6943945777921166;0,7248959418905863;0,6789420217491308;
82000;4,1090871401066486E-05;5,273964755522222E-05;0,0001284686470571752;5,311062189756302E-05;0,00022040832929455092;5,362342213252082E-05;0,6943945777921166;0,7248959418905863;0,6789420217491308;
82250;4,1090871401066486E-05;5,273964755522222E-05;0,0001284686470571752;5,311062189756302E-05;0,00022040832929455092;5,362342213252082E-05;0,6943945777921166;0,7248959418905863;0,6789420217491308;
82500;4,1090871401066486E-05;5,273964755522222E-05;0,0001284686470571752;5,311062189756302E-05;0,00022040832929455092;5,362342213252082E-05;0,6943945777921166;0,7248959418905863;0,6789420217491308;
82750;4,1090871401066486E-05;5,273964755522222E-05;0,0001284686470571752;5,311062189756302E-05;0,00022040832929455092;5,215635251888666E-05;0,6943945777921166;0,7248959418905863;0,6789420217491308;
83000;3,6922224511815284E-05;5,273964755522222E-05;0,0001284686470571752;5,311062189756302E-05;0,00022040832929455092;5,215635251888666E-05;0,6943945777921166;0,7248959418905863;0,6789420217491308;
83250;3,63920249384649E-05;5,273964755522222E-05;0,0001284686470571752;5,311062189756302E-05;0,00022040832929455092;5,070955513761672E-05;0,6943945777921166;0,7248959418905863;0,6789420217491308;
83500;3,63920249384649E-05;5,273964755522222E-05;0,0001284686470571752;5,311062189756302E-05;0,00022040832929455092;5,070955513761672E-05;0,6943945777921166;0,7248959418905863;0,6789420217491308;
83750;3,63920249384649E-05;5,273964755522222E-05;0,0001284686470571752;5,2879422878235074E-05;0,00022040832929455092;5,070955513761672E-05;0,6943945777921166;0,7248959418905863;0,6789420217491308;
84000;3,63920249384649E-05;5,273964755522222E-05;0,00011574191673493654;5,2476135396706607E-05;0,00022040832929455092;5,070955513761672E-05;0,6943945777921166;0,7248959418905863;0,6789420217491308;
84250;3,63920249384649E-05;5,273964755522222E-05;0,00011574191673493654;5,2476135396706607E-05;0,00022040832929455092;5,070955513761672E-05;0,6943945777921166;0,7248959418905863;0,6789420217491308;
84500;3,63920249384649E-05;5,273964755522222E-05;0,00011574191673493654;5,2476135396706607E-05;0,00022040832929455092;4,990234685259497E-05;0,6943945777921166;0,7248959418905863;0,6789420217491308;
84750;3,63920249384649E-05;5,273964755522222E-05;0,00011574191673493654;5,0537982384942146E-05;0,00020423770844518188;4,990234685259497E-05;0,6943945777921166;0,7248959418905863;0,6789420217491308;
85000;3,63920249384649E-05;5,273964755522222E-05;0,0001106641882702097;5,0537982384942146E-05;0,00020423770844518188;4,990234685259497E-05;0,6943945777921166;0,7248959418905863;0,6789420217491308;
85250;3,63920249384649E-05;5,273964755522222E-05;0,0001106641882702097;5,0537982384942146E-05;0,00020423770844518188;4,990234685259497E-05;0,6943945777921166;0,7248959418905863;0,6789420217491308;
85500;3,63920249384649E-05;5,273964755522222E-05;0,00010579287349993846;5,0537982384942146E-05;0,00020423770844518188;4,990234685259497E-05;0,6943945777921166;0,7248959418905863;0,6789420217491308;
85750;3,559230835305899E-05;5,273964755522222E-05;0,00010579287349993846;5,0537982384942146E-05;0,00020423770844518188;4,990234685259497E-05;0,6943945777921166;0,7248959418905863;0,6789420217491308;
86000;3,559230835305899E-05;5,273964755522222E-05;0,00010579287349993846;5,0537982384942146E-05;0,00020423770844518188;4,990234685259497E-05;0,6943945777921166;0,7248959418905863;0,6789420217491308;
86250;3,559230835305899E-05;5,273964755522222E-05;0,00010579287349993846;5,0026716594845486E-05;0,00020423770844518188;4,990234685259497E-05;0,6943945777921166;0,7248959418905863;0,6789420217491308;
86500;3,559230835305899E-05;5,273964755522222E-05;0,00010579287349993846;5,0026716594845486E-05;0,00020423770844518188;4,990234685259497E-05;0,6943945777921166;0,7248959418905863;0,6789420217491308;
86750;3,559230835305899E-05;5,273964755522222E-05;0,00010579287349993846;5,0026716594845486E-05;0,00020423770844518188;4,973674626540461E-05;0,6943945777921166;0,7248959418905863;0,6789420217491308;
87000;3,559230835305899E-05;5,273964755522222E-05;0,00010579287349993846;5,0026716594845486E-05;0,00020423770844518188;4,85630601566939E-05;0,6943945777921166;0,7248959418905863;0,6789420217491308;
87250;3,559230835305899E-05;5,273964755522222E-05;0,00010579287349993846;5,0026716594845486E-05;0,00018546192533862294;4,85630601566939E-05;0,6943945777921166;0,7248959418905863;0,6789420217491308;
87500;3,3484811035119794E-05;5,273964755522222E-05;0,00010579287349993846;5,0026716594845486E-05;0,00018546192533862294;4,85630601566939E-05;0,6943945777921166;0,7248959418905863;0,6789420217491308;
87750;3,3484811035119794E-05;5,273964755522222E-05;0,00010579287349993846;5,0026716594845486E-05;0,00018521114570691914;4,85630601566939E-05;0,6943945777921166;0,7248959418905863;0,6789420217491308;
88000;3,3484811035119794E-05;5,273964755522222E-05;0,00010579287349993846;5,0026716594845486E-05;0,00018521114570691914;4,85630601566939E-05;0,6943945777921166;0,7248959418905863;0,6789420217491308;
88250;3,3484811035119794E-05;5,273964755522222E-05;0,00010579287349993846;5,0026716594845486E-05;0,00018521114570691914;4,85630601566939E-05;0,6943945777921166;0,7248959418905863;0,6789420217491308;
88500;3,2502464994971525E-05;5,273964755522222E-05;0,00010579287349993846;5,0026716594845486E-05;0,00018521114570691914;4,85630601566939E-05;0,6943945777921166;0,7248959418905863;0,6789420217491308;
88750;3,2502464994971525E-05;5,238213123569745E-05;0,00010570741687228286;5,0026716594845486E-05;0,00018521114570691914;4,85630601566939E-05;0,6943945777921166;0,7248959418905863;0,6789420217491308;
89000;3,2502464994971525E-05;5,238213123569745E-05;0,00010570741687228286;5,0026716594845486E-05;0,00018521114570691914;4,85630601566939E-05;0,6943945777921166;0,7248959418905863;0,6789420217491308;
89250;3,2502464994971525E-05;5,238213123569745E-05;0,00010570741687228286;4,965523969555907E-05;0,00018521114570691914;4,85630601566939E-05;0,6943945777921166;0,7248959418905863;0,6789420217491308;
89500;3,2502464994971525E-05;5,238213123569745E-05;0,00010570741687228286;4,965523969555907E-05;0,00018521114570691914;4,85630601566939E-05;0,6943945777921166;0,7248959418905863;0,6789420217491308;
89750;3,2502464994971525E-05;5,238213123569745E-05;0,00010570741687228286;4,941181284888376E-05;0,00018521114570691914;4,85630601566939E-05;0,6943945777921166;0,7248959418905863;0,6789420217491308;
90000;3,2502464994971525E-05;5,238213123569745E-05;0,00010570741687228286;4,917897883046276E-05;0,00018521114570691914;4,8221762418584264E-05;0,6943945777921166;0,7248959418905863;0,6789420217491308;
90250;3,2502464994971525E-05;5,238213123569745E-05;0,00010470177853734756;4,699179082629103E-05;0,0001792414362661133;4,8221762418584264E-05;0,6943945777921166;0,7248959418905863;0,6789420217491308;
90500;3,2502464994971525E-05;5,238213123569745E-05;0,00010470177853734756;4,699179082629103E-05;0,0001792414362661133;4,8221762418584264E-05;0,6943945777921166;0,7248959418905863;0,6789420217491308;
90750;3,2502464994971525E-05;5,238213123569745E-05;0,00010470177853734756;4,699179082629103E-05;0,0001792414362661133;4,8221762418584264E-05;0,6943945777921166;0,7248959418905863;0,6789420217491308;
91000;3,2502464994971525E-05;5,238213123569745E-05;0,00010470177853734756;4,561067329912488E-05;0,0001792414362661133;4,8221762418584264E-05;0,6943945777921166;0,7248959418905863;0,6789420217491308;
91250;3,2502464994971525E-05;5,238213123569745E-05;0,00010470177853734756;4,561067329912488E-05;0,0001792414362661133;4,8221762418584264E-05;0,6943945777921166;0,7248959418905863;0,6789420217491308;
91500;3,2502464994971525E-05;5,238213123569745E-05;0,00010470177853734756;4,561067329912488E-05;0,0001792414362661133;4,8221762418584264E-05;0,6943945777921166;0,7248959418905863;0,6789420217491308;
91750;3,2502464994971525E-05;5,238213123569745E-05;0,00010470177853734756;4,561067329912488E-05;0,0001792414362661133;4,8221762418584264E-05;0,6943945777921166;0,7248959418905863;0,6789420217491308;
92000;3,2502464994971525E-05;5,238213123569745E-05;0,00010470177853734756;4,561067329912488E-05;0,0001792414362661133;4,8221762418584264E-05;0,6943945777921166;0,7248959418905863;0,6789420217491308;
92250;3,2502464994971525E-05;5,238213123569745E-05;0,00010470177853734756;4,561067329912488E-05;0,0001792414362661133;4,8221762418584264E-05;0,6943945777921166;0,7248959418905863;0,6789420217491308;
92500;3,2502464994971525E-05;5,238213123569745E-05;0,00010470177853734756;4,561067329912488E-05;0,0001792414362661133;4,8221762418584264E-05;0,6943945777921166;0,7248959418905863;0,6789420217491308;
92750;3,2502464994971525E-05;5,238213123569745E-05;0,00010470177853734756;4,561067329912488E-05;0,0001751323627058999;4,709623091622466E-05;0,6943945777921166;0,7248959418905863;0,6789420217491308;
93000;3,2502464994971525E-05;5,238213123569745E-05;0,00010390295527085055;4,561067329912488E-05;0,00017257869457002349;4,709623091622466E-05;0,6943945777921166;0,7248959418905863;0,6789420217491308;
93250;3,2502464994971525E-05;5,238213123569745E-05;0,00010390295527085055;4,561067329912488E-05;0,00017257869457002349;4,709623091622466E-05;0,6943945777921166;0,7248959418905863;0,6789420217491308;
93500;3,2502464994971525E-05;5,238213123569745E-05;0,00010390295527085055;4,561067329912488E-05;0,00017257869457002349;4,709623091622466E-05;0,6943945777921166;0,7248959418905863;0,6789420217491308;
93750;3,2502464994971525E-05;5,238213123569745E-05;0,00010390295527085055;4,561067329912488E-05;0,00017257869457002349;4,709623091622466E-05;0,6943945777921166;0,7248959418905863;0,6789420217491308;
94000;3,2502464994971525E-05;5,238213123569745E-05;0,00010390295527085055;4,561067329912488E-05;0,00017257869457002349;4,709623091622466E-05;0,6943945777921166;0,7248959418905863;0,6789420217491308;
94250;3,2170046517666826E-05;5,238213123569745E-05;0,00010390295527085055;4,283828975731035E-05;0,00017257869457002349;4,709623091622466E-05;0,6943945777921166;0,7248959418905863;0,6789420217491308;
94500;3,2170046517666826E-05;5,238213123569745E-05;0,00010390295527085055;4,282616263573938E-05;0,00016528062374403224;4,709623091622466E-05;0,6943945777921166;0,7248959418905863;0,6789420217491308;
94750;3,2170046517666826E-05;5,238213123569745E-05;0,00010339005328298172;4,282616263573938E-05;0,00016528062374403224;4,709623091622466E-05;0,6943945777921166;0,7248959418905863;0,6789420217491308;
95000;3,2170046517666826E-05;5,238213123569745E-05;0,00010339005328298172;4,282616263573938E-05;0,00016528062374403224;4,709623091622466E-05;0,6943945777921166;0,7248959418905863;0,6789420217491308;
95250;3,2170046517666826E-05;5,016182569295243E-05;0,00010339005328298172;4,282616263573938E-05;0,00016528062374403224;4,709623091622466E-05;0,6943945777921166;0,7248959418905863;0,6789420217491308;
95500;3,2170046517666826E-05;5,016182569295243E-05;0,00010339005328298172;4,282616263573938E-05;0,00016528062374403224;4,709623091622466E-05;0,6943945777921166;0,7248959418905863;0,6789420217491308;
95750;3,2170046517666826E-05;5,016182569295243E-05;0,00010339005328298172;4,282616263573938E-05;0,00016528062374403224;4,709623091622466E-05;0,6943945777921166;0,7248959418905863;0,6789420217491308;
96000;3,2170046517666826E-05;5,016182569295243E-05;0,00010339005328298172;4,282616263573938E-05;0,00016528062374403224;4,709623091622466E-05;0,6943945777921166;0,7248959418905863;0,6789420217491308;
96250;3,2170046517666826E-05;5,016182569295243E-05;0,00010339005328298172;4,282616263573938E-05;0,00016528062374403224;4,709623091622466E-05;0,6943945777921166;0,7248959418905863;0,6789420217491308;
96500;3,2170046517666826E-05;5,016182569295243E-05;0,00010339005328298172;4,282616263573938E-05;0,00016528062374403224;4,709623091622466E-05;0,6943945777921166;0,7248959418905863;0,6789420217491308;
96750;3,2170046517666826E-05;5,016182569295243E-05;0,00010339005328298172;4,282616263573938E-05;0,00016528062374403224;4,5177802462817086E-05;0,6943945777921166;0,7248959418905863;0,6789420215801354;
97000;3,2170046517666826E-05;5,016182569295243E-05;0,00010339005328298172;4,282616263573938E-05;0,00016528062374403224;4,5177802462817086E-05;0,6943945777921166;0,7248959418905863;0,6789420215801354;
97250;3,2170046517666826E-05;5,016182569295243E-05;0,00010339005328298172;4,226672946018138E-05;0,00016528062374403224;4,5177802462817086E-05;0,6943945777921166;0,7248959418905863;0,6789420215801354;
97500;3,2170046517666826E-05;5,016182569295243E-05;0,00010339005328298172;4,226672946018138E-05;0,00016528062374403224;4,4301180412081983E-05;0,6943945777921166;0,7248959418905863;0,6789420215801354;
97750;3,200144264967243E-05;5,016182569295243E-05;0,00010339005328298172;4,226672946018138E-05;0,00016528062374403224;4,4301180412081983E-05;0,6943945777921166;0,7248959418905863;0,6789420215801354;
98000;3,191345479093315E-05;4,834038927193368E-05;0,00010339005328298172;4,226672946018138E-05;0,00016528062374403224;4,4301180412081983E-05;0,6943945777921166;0,7248959418905863;0,6789420215801354;
98250;3,191345479093315E-05;4,834038927193368E-05;0,00010339005328298172;4,226672946018138E-05;0,00016528062374403224;4,4301180412081983E-05;0,6943945777921166;0,7248959418905863;0,6789420215801354;
98500;3,191345479093315E-05;4,834038927193368E-05;0,00010339005328298172;4,226672946018138E-05;0,00016528062374403224;4,4301180412081983E-05;0,6943945777921166;0,7248959418905863;0,6789420215801354;
98750;3,191345479093315E-05;4,834038927193368E-05;0,00010339005328298172;4,226672946018138E-05;0,00016528062374403224;4,3553328392246957E-05;0,6943945777921166;0,7248959418905863;0,6789420215801354;
99000;3,191345479093315E-05;4,834038927193368E-05;0,00010339005328298172;4,226672946018138E-05;0,00016528062374403224;4,3553328392246957E-05;0,6943945777921166;0,7248959418905863;0,6789420215801354;
99250;3,191345479093315E-05;4,834038927193368E-05;0,00010339005328298172;4,226672946018138E-05;0,00016528062374403224;4,3553328392246957E-05;0,6943945777921166;0,7248959418905863;0,6789420215801354;
99500;3,191345479093315E-05;4,647215861135555E-05;0,00010339005328298172;4,226672946018138E-05;0,00016528062374403224;4,3553328392246957E-05;0,6943945777921166;0,7248959418905863;0,6789420215801354;
99750;3,191345479093315E-05;4,647215861135555E-05;0,00010339005328298172;4,167444162107946E-05;0,00016528062374403224;4,3553328392246957E-05;0,6943945777921166;0,7248959418905863;0,6789420215801354;
100000;3,191345479093315E-05;4,647215861135555E-05;0,00010339005328298172;4,167444162107946E-05;0,00016528062374403224;4,3553328392246957E-05;0,6943945777921166;0,7248959418905863;0,6789420215801354;