NFOB;GEO;GEOvar;AGEO1;AGEO2;AGEO1var;AGEO2var;GEOreal1;AGEO1real1;AGEO2real1;
250;207,640011865601;210,722045103662;205,19452743543397;212,6632834969626;214,94306254963965;195,1624095196252;146,58619368869688;159,66350598335384;119,23308598131136;
500;196,1869603822263;84,97150573836187;199,0864717720032;208,03410772256353;163,8388404646316;167,70326615773718;97,36479577166024;124,0965596050149;53,46354715514683;
750;186,70577051691683;52,48259028869838;192,51087742569757;200,3120139510442;118,51608696658532;145,04413394555004;63,44442764927949;98,68184914662565;27,057813541159184;
1000;179,82430961302038;39,601502472717414;185,88747944747712;193,25403480697904;86,39740979041285;108,5458059063669;41,464827220720636;80,13922310600458;14,159160658783126;
1250;176,1356928183589;35,46430029455028;179,9231155831143;188,08854670647136;79,06930365802988;100,8419487558658;28,46911188064436;64,97828335109457;7,251099887312948;
1500;168,31807619258913;29,36045530603277;169,12336185876703;174,0078795091654;59,27841391836123;66,59413919130927;19,8994424018904;51,874564634697336;3,9151049188668994;
1750;161,33701418646166;26,71667944537077;159,48723991307085;158,6113755583946;42,300130248661056;46,62060698290531;15,149508266451333;39,87541187671927;1,9567167798182685;
2000;155,56824803824438;24,6729949691792;150,75858378698425;147,21116534290803;37,0890478218714;34,225233097238636;10,254719035767053;30,217432136095116;1,0103968371908565;
2250;150,52081823625053;24,13491674787907;143,0428006737609;138,23772984646564;33,725809254520954;28,13261261845292;6,857904600859524;22,699604911212738;0,4457912834168444;
2500;144,76179978998707;23,59012220774115;138,34114294828092;129,0852633305979;32,309187932686164;27,10950986201808;5,06992523409446;18,527221583569716;0,24252592800400236;
2750;138,4942391604568;22,468094700233454;131,09278992860408;117,52007756014355;29,529693353010263;25,100379313697598;3,21108843723502;14,958102153747891;0,047253123789745215;
3000;132,88749978858795;21,97731972004324;123,12588642319537;106,91924676547586;28,346538918027417;24,20119568342882;2,1282360765386104;11,73507864871117;0,009809395357921033;
3250;127,87262162136616;21,632337822918053;118,19131448625421;100,44732183080437;27,617991157925502;23,898513953057307;1,4412874752784341;9,905971964079633;0,008818521424090307;
3500;125,19160740544969;21,35454191357062;114,6424250850886;97,1380690593754;27,44294371809533;23,85831673290521;0,9191472919193007;8,522561894443427;6,551361800191557E-05;
3750;119,75186966896347;21,08414507870987;107,57673837598878;90,58981000998419;27,2710387507149;23,607192168315756;0,5544293725548993;7,069771496642692;2,437826849828184E-05;
4000;114,84963007970606;20,993086622215706;101,15263748838468;85,27569713797371;27,126795513443163;23,24482209377809;0,3588309978644335;5,941880240781716;1,420592259975706E-05;
4250;111,35377099139168;20,81204542722443;96,10097674910416;80,81181008899695;27,110428889272022;22,665792091157027;0,18651846534225427;4,998065642885697;1,2086505877135779E-05;
4500;107,81506513183108;20,670315133172586;91,77923055444552;77,8729798702617;27,110141402028503;22,1488314783042;0,088485537299849;3,853460924691673;1,1713721676045452E-05;
4750;104,87887837908785;20,60646569274588;87,67823638249916;75,13201787469512;27,110008664016313;21,970992146007685;0,04450503233821266;2,6819649186089203;1,1632529877516618E-05;
5000;101,62312315356405;20,514167536442905;82,72918255266244;70,56876027315167;27,109798196747604;21,678171204794484;0,030235135850984706;2,0363706284443523;1,1608932070572563E-05;
5250;98,21529356655996;20,308937491639;77,99324632747017;66,5733272583399;27,109733609558802;21,537656408187136;0,019330923899958635;1,4258663708598698;6,570337433231544E-08;
5500;95,1872162758381;20,115879031648934;74,24885898589928;63,4229022787821;27,109733609558802;21,322691910667974;0,018671122377858184;0,9843388833646232;4,495973371376749E-10;
5750;93,05515710299595;20,044387725545654;72,81141480536682;62,01954884988568;27,109733609558802;21,304506608593975;0,0027487184546802724;0,829376094571262;9,907935805131274E-11;
6000;89,91779850701471;19,833206609664284;69,33673357299742;58,534329269614815;27,109733609558802;21,190152476190907;0,0012224928622300978;0,5802020086057924;2,658651965248282E-11;
6250;86,1666176563299;19,800498573455037;66,3066577433326;54,91122884144881;27,109733609558802;20,977205462227662;0,001132484113554426;0,3563382644149421;5,824603022119845E-12;
6500;82,19108892570368;19,72137926838219;64,04036037136154;52,32879133363853;27,109733609558802;20,67123799201754;0,0011070241711902894;0,211752533998053;1,382431946694851E-12;
6750;79,82026814849115;19,596631559570152;62,046797105676916;50,284279725700756;27,062183800059852;20,4104352502023;0,0007116492755497461;0,1115580531389422;5,978506578685483E-13;
7000;77,70289761586504;19,46578919001989;60,68876704659789;48,54282953722983;27,062183800059852;20,340885232787386;0,000664652206391878;0,040764547727049204;1,4949819160392507E-13;
7250;75,1173033156653;19,417530445157237;58,388885400293084;46,26257289883617;27,062183800059852;20,19525909066963;0,0006637903062495809;0,03372695133093501;4,9027448767446915E-14;
7500;72,76148064471457;19,348598916700713;55,928426005809335;44,06388262793699;27,062183800059852;19,84522873679519;0,0006632587096781605;0,018004469005522453;2,3732127374387345E-14;
7750;70,8373913866164;19,2978285838769;54,47624897150793;42,33672290819587;27,062183800059852;19,511428909303245;0,0006628944332848619;0,013043900794083215;1,0231815394945442E-14;
8000;69,46409790892332;19,184222602409886;53,766715192866556;41,594732998872914;27,062183800059852;19,472022909962973;0,0006628444630420915;0,010706628026665754;7,105427357601002E-15;
8250;66,80006576793653;18,989669910818737;51,46801222010985;39,626593662810414;27,062183800059852;19,41297032616827;0,000662824773476558;0,006310834608603528;5,968558980384841E-15;
8500;64,28913636947752;18,885708765938986;49,90641701954522;38,00107864334536;27,062183800059852;19,075065532174673;0,0006628202540352391;0,001395622511136878;4,831690603168682E-15;
8750;62,75946547980648;18,794453464621473;48,221880149486104;36,53447405895607;27,062183800059852;18,831803619579652;0,0006628179293169012;0,0010602149564860497;4,121147867408581E-15;
9000;61,32664204633616;18,60101796957213;47,039862579376866;35,46664219462648;27,062183800059852;18,689852403074543;0,00012090628143596405;0,0007354561280452287;3,694822225952521E-15;
9250;60,1025576647321;18,57197503410623;46,2467694791353;34,697420569223176;27,062183800059852;18,513253877860166;0,00012090544050721519;0,00039622853965383344;3,694822225952521E-15;
9500;58,084722936094295;18,464329463244834;44,93163683344117;33,47288552601398;27,062183800059852;18,336723186739995;0,00012090534062394909;0,0003320995531703375;3,268496584496461E-15;
9750;55,94031717219141;18,23033828917923;43,78071951069128;32,38092049635616;27,062183800059852;18,265147190024237;0,00012090528579463467;0,00027159559469083663;2,5579538487363606E-15;
10000;54,706752427182565;18,090186768827593;42,709650592577546;31,56787351343618;27,062183800059852;18,21608042561881;0,00012090525853324152;0,00026920618630612127;2,1316282072803005E-15;
10250;53,44859794286644;18,037315204655258;41,956769327543086;30,935063414309916;27,062183800059852;17,999427928485463;0,00012090525437059796;0,00020945949323063928;1,9895196601282807E-15;
10500;52,66433084843052;17,952003214664774;41,448252920344636;30,282504867348603;27,062183800059852;17,922184397877512;0,00012090524918065171;3,1796014024365604E-05;1,7053025658242404E-15;
10750;51,32609334028663;17,924777591846404;40,43854418212486;29,37500686754462;27,062183800059852;17,842935560796104;0,00012090524767870648;4,335638442682921E-06;1,5631940186722204E-15;
11000;50,290649118614986;17,801110315728025;39,778922410095845;28,586230853011372;27,062183800059852;17,7759738787595;0,00012090524712093043;1,6613098075879406E-06;1,2789769243681803E-15;
11250;49,46251386858211;17,647150040502467;39,00762031942357;27,951267879448725;27,062183800059852;17,49730954773984;0,00012090524687792481;6,979390033734489E-07;1,1368683772161603E-15;
11500;48,39590439136545;17,62093431777631;38,68406761411002;27,540972585243754;27,062183800059852;17,33642581408443;0,0001209052468212235;2,509208090373249E-07;7,105427357601002E-16;
11750;47,25818591807309;17,475758200010496;37,94866487842211;27,038841605352832;27,062183800059852;17,311717054199956;4,6281640373848634E-05;1,2458935486847621E-07;7,105427357601002E-16;
12000;45,769100012112865;17,230206071292397;37,37766086373902;26,43763317687318;27,062183800059852;17,27762635017149;1,3874395676793938E-07;9,98577985455995E-08;5,684341886080802E-16;
12250;44,908512504647;17,083623888110576;36,85377323609073;25,85544419703497;27,062183800059852;17,09522484255617;1,085418944057892E-07;9,259395497451806E-08;4,263256414560601E-16;
12500;44,175835254943756;16,910990563814202;36,46619557159973;25,467670113245855;27,062183800059852;16,869977755433368;2,30186927296927E-09;8,60921913670154E-08;4,263256414560601E-16;
12750;43,789436356156436;16,874195659628924;36,08548102548321;25,133699287944918;27,062183800059852;16,841004325083066;6,555040954481228E-12;4,3697966418676515E-08;2,842170943040401E-16;
13000;42,82681390184624;16,78639285005101;35,51026474416946;24,67676036114823;27,062183800059852;16,57680732258826;2,415845301584341E-15;3,045992272632247E-08;1,4210854715202004E-16;
13250;42,07616924772955;16,76254121017234;35,084091074249756;24,249140424329354;27,062183800059852;16,44371357804329;5,684341886080802E-16;8,98189270515104E-09;1,4210854715202004E-16;
13500;41,226876921004724;16,718357678711076;34,781915497534385;23,891534171278195;27,062183800059852;16,31773071477694;4,263256414560601E-16;3,022945236352825E-09;1,4210854715202004E-16;
13750;40,6797781340242;16,645165368795507;34,659232915163045;23,705415368300624;27,062183800059852;16,297151030386775;2,842170943040401E-16;1,056973388813276E-09;1,4210854715202004E-16;
14000;40,0206830327918;16,482260390420866;34,453747212939206;23,334137199121418;27,062183800059852;16,082573518591108;2,842170943040401E-16;6,749334602318413E-10;0;
14250;39,52159392147485;16,37101943725183;34,25648064428271;23,069073337420146;27,062183800059852;16,05120890555336;1,4210854715202004E-16;3,486439936750685E-10;0;
14500;38,938229555990276;16,257805858182692;34,040694471464796;22,780009378398475;27,062183800059852;15,95070929127509;1,4210854715202004E-16;1,3528449471778002E-10;0;
14750;38,52572664558371;16,203526957559443;33,86403703221876;22,57607204337467;27,062183800059852;15,882753746414947;1,4210854715202004E-16;4,223167593409016E-11;0;
15000;38,063305057411206;16,20334044735289;33,71117265410241;22,428657223404958;27,062183800059852;15,87721015521395;1,4210854715202004E-16;2,017486622207798E-11;0;
15250;37,52186201269975;16,19069868368705;33,30577335222292;22,25990201881083;27,062183800059852;15,792573841072572;1,4210854715202004E-16;8,862457434588577E-12;0;
15500;36,965940946158156;16,044861265961657;33,16917102592902;22,003760893205325;27,062183800059852;15,759956992585128;1,4210854715202004E-16;5,49007950212399E-12;0;
15750;36,60476862607596;16,00872092791072;33,01265031818903;21,82821602145941;27,062183800059852;15,686989391123502;1,4210854715202004E-16;3,747686605493073E-12;0;
16000;36,48685239592758;15,978342941925469;32,94998704874465;21,70595367795891;27,062183800059852;15,653502077197638;1,4210854715202004E-16;1,4655654467787826E-12;0;
16250;35,85524959626253;15,93394396324391;32,81160671795932;21,558944363163068;27,062183800059852;15,547172573229357;0;5,678657544194721E-13;0;
16500;35,27879010103366;15,711632921163336;32,76667103131646;21,352631753308884;27,062183800059852;15,528493862208922;0;3,366551482031355E-13;0;
16750;34,72894445500978;15,699734373101021;32,64556871073173;21,21209487971951;27,062183800059852;15,479669123820038;0;2,2140511646284722E-13;0;
17000;34,343748547863804;15,647783406210886;32,53830933694208;21,074238363094146;27,062183800059852;15,307571326296227;0;1,1027623258996755E-13;0;
17250;34,115106910609086;15,581370597513132;32,40663856849847;20,980905447596907;27,062183800059852;15,279166752895694;0;4,021671884402167E-14;0;
17500;33,591244831243564;15,56417504486011;32,34851705357381;20,790702865975216;27,062183800059852;15,27258493290356;0;2,4158453015843406E-14;0;
17750;33,15120873596532;15,43777258966638;32,30876597365206;20,6347691135902;27,062183800059852;15,255455217982721;0;1,5063505998114125E-14;0;
18000;32,822362138452334;15,32766266998523;32,25004165108344;20,529348012322725;27,062183800059852;15,20086942582967;0;9,521272659185343E-15;0;
18250;32,62163253289681;15,202790875313397;32,05451181676719;20,429477871740424;27,062183800059852;15,131460329142255;0;7,815970093361103E-15;0;
18500;32,34481926029363;15,196885477852897;31,932543846025123;20,361439358996115;27,062183800059852;15,062289187148519;0;1,9895196601282807E-15;0;
18750;31,991660827517393;15,162156615319018;31,80471520121895;20,297785221279504;27,062183800059852;14,91158539419855;0;1,7053025658242404E-15;0;
19000;31,760981088496468;15,151717922905814;31,67403578302771;20,245192423357665;27,062183800059852;14,838005519054583;0;1,4210854715202005E-15;0;
19250;31,603176079844502;15,139551886802767;31,412918065172658;20,120258766738193;27,062183800059852;14,748118801532287;0;8,526512829121202E-16;0;
19500;31,356851221230876;14,990492539812386;31,346671697922766;20,07485175206379;27,062183800059852;14,718712267537526;0;2,842170943040401E-16;0;
19750;31,171747535793187;14,972476930186764;31,183487898844323;19,872245864885766;27,062183800059852;14,635973507009048;0;2,842170943040401E-16;0;
20000;30,970309578888532;14,90985235846663;31,04002397879459;19,80675677021043;27,02413937438837;14,617271466676439;0;1,4210854715202004E-16;0;
20250;30,714476422547676;14,770104751515113;30,88209613007387;19,7385284387026;27,02413937438837;14,485426540310781;0;1,4210854715202004E-16;0;
20500;30,481133507071895;14,74214577649969;30,826586677381794;19,705823603264175;27,02413937438837;14,470612187988054;0;1,4210854715202004E-16;0;
20750;30,29834196625567;14,686640224541131;30,68454139225938;19,659698233507427;27,02413937438837;14,468971211463268;0;1,4210854715202004E-16;0;
21000;30,105207612461914;14,609668582466695;30,63681908788365;19,628985813717485;27,02413937438837;14,425153920240058;0;1,4210854715202004E-16;0;
21250;29,916284954541084;14,495601455147009;30,560370899297176;19,602862677341168;27,02413937438837;14,275291498276765;0;1,4210854715202004E-16;0;
21500;29,718850459418235;14,49423188005833;30,500472574083716;19,586631401542736;27,02413937438837;14,169430260158883;0;1,4210854715202004E-16;0;
21750;29,52156928462908;14,453842366759718;30,452950306503727;19,57276096340017;27,02413937438837;14,149886135442694;0;1,4210854715202004E-16;0;
22000;29,28822574409604;14,451968898274915;30,381808564500908;19,510152352332295;27,02413937438837;14,085718053699644;0;1,4210854715202004E-16;0;
22250;29,081302423743583;14,350962246067798;30,3085590579814;19,44144764079928;27,02413937438837;13,969019570163272;0;0;0;
22500;28,91096789725822;14,256040410178919;30,273591421100853;19,374925875334842;27,02413937438837;13,962019989529121;0;0;0;
22750;28,773929005630652;14,04978251876807;30,22941050674958;19,24620759495787;27,02413937438837;13,887198972625638;0;0;0;
23000;28,6451055037783;14,025893380342668;30,189181760446072;19,21886220565748;27,02413937438837;13,884069269730611;0;0;0;
23250;28,565331471062045;13,961024607244006;30,134819738763245;19,198925748781058;27,02413937438837;13,790274138529771;0;0;0;
23500;28,427046265039866;13,940314931129729;30,10011194200053;19,174830021283412;27,02413937438837;13,741861311347007;0;0;0;
23750;28,318398373455317;13,912514076783602;30,07137411417667;19,118056662161113;27,02413937438837;13,601649875544517;0;0;0;
24000;28,11904930608606;13,91014830592178;30,05740192692196;19,039863760210434;27,02413937438837;13,533899572684359;0;0;0;
24250;27,9532626812628;13,808402413359811;30,055962793054768;18,951984897554492;27,02413937438837;13,501851204047703;0;0;0;
24500;27,861051568364203;13,786997435110418;30,037958513747398;18,94097274658449;27,02413937438837;13,49471392051706;0;0;0;
24750;27,72454634706833;13,734799496645339;30,036732778574468;18,93140785704448;27,02413937438837;13,483801182747234;0;0;0;
25000;27,617508019532803;13,725770795272663;30,017930756255947;18,917673959206308;27,02413937438837;13,46314258597431;0;0;0;
25250;27,528474834859434;13,725612169842563;29,97190810034151;18,904123426930965;27,02413937438837;13,446138088346979;0;0;0;
25500;27,45067531638993;13,675045854915192;29,932655615458597;18,84944763366424;27,02413937438837;13,422039366633253;0;0;0;
25750;27,4113061125813;13,64485528541844;29,795199619523782;18,825023859979023;27,02413937438837;13,320356661185961;0;0;0;
26000;27,32435375327234;13,631977902991128;29,72193426302143;18,820398780963277;27,02413937438837;13,24110243974963;0;0;0;
26250;27,204541373048677;13,631840369073458;29,7131876918315;18,798782539481493;27,02413937438837;13,227424371788361;0;0;0;
26500;27,1038760781086;13,574790693005422;29,51888348238098;18,794196077355608;27,02413937438837;13,219238240407558;0;0;0;
26750;26,915104786301928;13,525540972699558;29,50076733056646;18,788445195839973;27,02413937438837;13,165965333467392;0;0;0;
27000;26,829024119663472;13,503887368499731;29,487575974320826;18,78371187381279;27,02413937438837;13,160689881443478;0;0;0;
27250;26,691114908295678;13,431466851005935;29,463932995612787;18,77909515917171;27,02413937438837;13,068171226553554;0;0;0;
27500;26,630551473110266;13,429009793457789;29,233909720044213;18,776675932687443;27,02413937438837;13,053662924983291;0;0;0;
27750;26,482508153040403;13,425373898504322;29,02385787307001;18,77166956263115;27,02413937438837;13,024708836930099;0;0;0;
28000;26,28498995801976;13,300044759925227;28,90764706917661;18,767302414358902;27,02413937438837;12,930272890471178;0;0;0;
28250;26,255174264610968;13,299495893339554;28,866133885746375;18,764120251186345;27,02413937438837;12,918084922698153;0;0;0;
28500;26,096761031273417;13,26872743695526;28,79750531510279;18,742539056021748;27,02413937438837;12,861166108774;0;0;0;
28750;26,055279439199747;13,255675155077833;28,73898752187126;18,739744466924904;27,02413937438837;12,846820875227358;0;0;0;
29000;26,010339918136072;13,21929879020984;28,63101429979619;18,661714035022303;27,02413937438837;12,737977842914615;0;0;0;
29250;25,922744574765346;13,214084429298978;28,54507512402365;18,656378955003575;27,02413937438837;12,7333548686951;0;0;0;
29500;25,874424073446605;13,191223031029113;28,430715639963136;18,636037906947564;27,02413937438837;12,730533711911454;0;0;0;
29750;25,78691087337892;13,142408677437043;28,3623133120691;18,63466604527523;27,02413937438837;12,707340245013972;0;0;0;
30000;25,73245177500727;13,133292613139602;28,322186507200676;18,61688339042073;27,02413937438837;12,49876820088425;0;0;0;
30250;25,663140499980205;13,049280938355292;28,283292205316865;18,61144174616859;27,02413937438837;12,43960711052632;0;0;0;
30500;25,58997212494629;13,04480523280687;28,21968126194327;18,609902689926386;27,02413937438837;12,39834895957275;0;0;0;
30750;25,501278519556426;13,043088989738003;28,18771453882322;18,608180474734056;27,02413937438837;12,367899330090161;0;0;0;
31000;25,452784271759132;13,038542389436115;28,158747340795145;18,58699103937633;27,02413937438837;12,356171425902469;0;0;0;
31250;25,395077691529867;13,038542389436115;28,088107575609776;18,58471752586462;27,02413937438837;12,351344253272819;0;0;0;
31500;25,37405403485567;13,037736125126122;27,940197586010463;18,58245387979176;27,02413937438837;12,290728176527262;0;0;0;
31750;25,325202520018784;13,031092462272586;27,850291444963105;18,58064866391715;27,02413937438837;12,275952674152611;0;0;0;
32000;25,24515710935148;13,031055103329646;27,769407115323464;18,57971031343712;27,02413937438837;12,242768133919505;0;0;0;
32250;25,147532782139155;13,031055103329646;27,712900041952043;18,577139874777394;27,02413937438837;12,228191953193704;0;0;0;
32500;25,047523575365076;13,029812226053831;27,68158794945657;18,556494791279068;27,02413937438837;12,18661912670942;0;0;0;
32750;25,004054269642374;13,007061553727407;27,60599492686738;18,554988275798966;27,02413937438837;12,147802494623106;0;0;0;
33000;24,942042588938108;12,914009098810148;27,574660133436392;18,554226427789644;27,02413937438837;12,139489289050157;0;0;0;
33250;24,865718611541876;12,852491052069194;27,521713181248142;18,553487621401878;27,02413937438837;12,121367671086102;0;0;0;
33500;24,84338046256788;12,801023312757433;27,472225591762097;18,552306760514835;27,02413937438837;12,02171891841383;0;0;0;
33750;24,76992443397874;12,652250394155448;27,444499861020713;18,551094966469957;27,02413937438837;12,016757221318285;0;0;0;
34000;24,720095143080652;12,652250394155448;27,40557047605804;18,52879753520931;27,02413937438837;11,969434566835664;0;0;0;
34250;24,698363333927972;12,636445300516284;27,38119863435286;18,528487090550644;27,02413937438837;11,967862171643707;0;0;0;
34500;24,663739009030877;12,573101343177582;27,354474314044865;18,52718262360435;27,02413937438837;11,967655079802132;0;0;0;
34750;24,640538080868325;12,538647084743333;27,33511744153673;18,526131253303124;27,02413937438837;11,947823187291776;0;0;0;
35000;24,6244132833661;12,529866075667847;27,302755958471153;18,506364851514032;27,02413937438837;11,928533543545802;0;0;0;
35250;24,598328922279517;12,528224385278612;27,253736136422376;18,50522547910461;27,02413937438837;11,914193311261954;0;0;0;
35500;24,569895380983183;12,526463513482414;27,24409030924743;18,50500398055012;27,02413937438837;11,904555823370366;0;0;0;
35750;24,529789660801274;12,526463513482414;27,19635200592802;18,427578029334708;27,02413937438837;11,878274231056327;0;0;0;
36000;24,509633329735546;12,49881380272348;27,14042759690351;18,427051394097454;27,02413937438837;11,872943126585701;0;0;0;
36250;24,455939888794475;12,475497895862272;27,122843470284362;18,426705155256485;27,02413937438837;11,871900626520123;0;0;0;
36500;24,40578152255257;12,465306391091195;27,122576048796763;18,42658523269187;27,02413937438837;11,808713919388124;0;0;0;
36750;24,32189557959657;12,39931548708314;27,110471559401976;18,426340953851117;27,02413937438837;11,7945124318496;0;0;0;
37000;24,22838885722766;12,342926156750977;27,095970447329147;18,42610487756091;27,02413937438837;11,790103195095991;0;0;0;
37250;24,14249149011354;12,310008235199735;27,093099751048932;18,425818183950472;27,02413937438837;11,789758616397732;0;0;0;
37500;24,124223886382634;12,262758976654085;27,081849416528858;18,405901348146603;27,02413937438837;11,749823365055379;0;0;0;
37750;24,09039158426468;12,26085422544344;27,074296105077647;18,330141603559607;27,02413937438837;11,736514341093807;0;0;0;
38000;24,058815665555727;12,26085422544344;27,06727397790576;18,32991233875977;27,02413937438837;11,735368460886118;0;0;0;
38250;24,031543199938127;12,202199329835743;27,06727397790576;18,329760574971154;27,02413937438837;11,727326521197257;0;0;0;
38500;23,977489175395082;12,201709380821972;27,055575954454824;18,329635027111372;27,02413937438837;11,707048389990705;0;0;0;
38750;23,88288391896488;12,201709380821972;27,055297216746403;18,32922965425367;27,02413937438837;11,66219452852422;0;0;0;
39000;23,8389564006924;12,162003824336052;27,050216786622048;18,32616814209426;27,02413937438837;11,578302545000247;0;0;0;
39250;23,832033951745217;12,161295307089336;27,045295428010295;18,32540337337307;27,02413937438837;11,541168033640322;0;0;0;
39500;23,82109940050593;12,157240574420056;27,040875991570758;18,323931044162407;27,02413937438837;11,446480119999395;0;0;0;
39750;23,804880325957345;12,150431428448641;27,036466488617087;18,323641745870603;27,02413937438837;11,408599169959466;0;0;0;
40000;23,75236804951271;12,092055075537273;27,036466488617087;18,269380636555137;27,02413937438837;11,402459889048416;0;0;0;
40250;23,657824846734258;12,07037351959848;27,015971249015067;18,269055616754905;27,02413937438837;11,398962197986236;0;0;0;
40500;23,633547105786338;12,056846057075886;27,007519648891947;18,26865872101165;27,02413937438837;11,376842929298556;0;0;0;
40750;23,6137414149229;12,051073216326985;27,007519648891947;18,268547671050086;27,02413937438837;11,376140227016533;0;0;0;
41000;23,604314248786732;12,04375995652394;27,007519648891947;18,26837331998084;27,02413937438837;11,3344428343229;0;0;0;
41250;23,570068531547175;12,027057890342611;27,007519648891947;18,268292265674823;27,02413937438837;11,317284217301285;0;0;0;
41500;23,557000680581044;11,958329693252072;27,007519648891947;18,26816710937571;27,02413937438837;11,293983775174794;0;0;0;
41750;23,53606842008027;11,95734590333317;27,007519648891947;18,267983625024947;27,02413937438837;11,293714170469443;0;0;0;
42000;23,52554197250884;11,936873968790302;27,007519648891947;18,26787836224331;27,02413937438837;11,16378953038824;0;0;0;
42250;23,42880284848279;11,928335827332166;27,007519648891947;18,267802649484235;27,02413937438837;11,154334891358877;0;0;0;
42500;23,418754405417545;11,900802333287848;27,007519648891947;18,267659015208622;27,02413937438837;11,150256984029106;0;0;0;
42750;23,404808602404383;11,858050714347398;27,007519648891947;18,267308339492878;27,02413937438837;11,150174456090612;0;0;0;
43000;23,397603815737643;11,757993297551145;27,007519648891947;18,212813850888995;27,02413937438837;11,15012962919714;0;0;0;
43250;23,37656681849033;11,72589458977042;26,985792777946628;18,210367842858776;27,02413937438837;11,15012962919714;0;0;0;
43500;23,28861157399434;11,725398258958768;26,985770117025076;18,14020559741576;27,02413937438837;11,148287911247134;0;0;0;
43750;23,227904218211364;11,70650355438187;26,971149910994562;18,11076404055917;27,02413937438837;11,146964934648217;0;0;0;
44000;23,216837728112708;11,683303707291916;26,899863658997866;18,106184456465353;27,02413937438837;11,128691716898905;0;0;0;
44250;23,19678089164276;11,679400165448428;26,87067223983193;18,101606061098323;27,02413937438837;11,125865291657478;0;0;0;
44500;23,113138446638814;11,6484645850388;26,87067223983193;18,100983870365926;27,02413937438837;11,084101062876373;0;0;0;
44750;23,106980138968403;11,638559712164955;26,7777018831217;18,023039205243734;27,02413937438837;11,083976649129484;0;0;0;
45000;23,02088286763373;11,574257497391127;26,721561352680165;17,964379984954896;27,02413937438837;11,083945935984497;0;0;0;
45250;23,011401320908227;11,509998971881277;26,67732704191714;17,964010059010437;27,02413937438837;11,072419840918819;0;0;0;
45500;23,006816544029697;11,474555070945593;26,65800150805009;17,952420676742772;27,02413937438837;11,065251078131968;0;0;0;
45750;23,003882582533805;11,471873429998691;26,6211865114756;17,9513500470031;27,02413937438837;11,065251078131968;0;0;0;
46000;22,996900571986462;11,47180772212725;26,572268350439746;17,951151345392102;27,02413937438837;11,063441970246695;0;0;0;
46250;22,976976803826673;11,43535240951103;26,543472948093605;17,951095238221416;27,02413937438837;11,063344219873345;0;0;0;
46500;22,969985631233463;11,406175397302754;26,4599216026503;17,951023443479965;27,02413937438837;11,063282304215745;0;0;0;
46750;22,967455165740276;11,249621244573772;26,395306792745778;17,951005701097117;27,02413937438837;11,063279013614126;0;0;0;
47000;22,9662590752711;11,143678554438306;26,38368849562046;17,950977094046884;26,990392701193674;11,01317588943742;0;0;0;
47250;22,942387144431503;11,024911626674374;26,321452848761872;17,950941917358172;26,990392701193674;10,96462130025531;0;0;0;
47500;22,923157592822626;10,973517099337169;26,307516906190376;17,950906554493617;26,990392701193674;10,952974614519194;0;0;0;
47750;22,849904001431405;10,95236926906231;26,294915162945443;17,950884332564105;26,968708263429995;10,94894169582348;0;0;0;
48000;22,845850220821436;10,946475596493624;26,253745184571553;17,93165675071631;26,968708263429995;10,935680022893152;0;0;0;
48250;22,812062536164635;10,94429891673189;26,24537533372614;17,93124916007299;26,968708263429995;10,908959818358973;0;0;0;
48500;22,810402038242014;10,907119428507812;26,23190947402735;17,931212545611448;26,968708263429995;10,908096397148247;0;0;0;
48750;22,75965203566537;10,890200677455692;26,224287475449582;17,93093111199347;26,968708263429995;10,907938424502174;0;0;0;
49000;22,721378442303532;10,883876677688585;26,220330473137047;17,930915103787935;26,968708263429995;10,907925838705216;0;0;0;
49250;22,685413409396332;10,883876677688585;26,21796699411745;17,93069687534186;26,968708263429995;10,907925838705216;0;0;0;
49500;22,622430759969205;10,860709294605813;26,21241120260588;17,930538358676753;26,968708263429995;10,879314336658446;0;0;0;
49750;22,545497065695407;10,858993720813869;26,164197681707964;17,93052248300303;26,968708263429995;10,855199033069017;0;0;0;
50000;22,5429740980551;10,857556103942075;26,11522144959226;17,87561513747368;26,968708263429995;10,796796752619308;0;0;0;
50250;22,54160214733591;10,838437138018644;26,037337020006117;17,868195247183113;26,968708263429995;10,775823311316248;0;0;0;
50500;22,53566095818923;10,838156766287566;26,0212879630525;17,85169735954953;26,968708263429995;10,774398503039704;0;0;0;
50750;22,52528369038026;10,837361913362592;26,0212879630525;17,833083108631836;26,968708263429995;10,761666930363871;0;0;0;
51000;22,447390327877105;10,837312530082981;25,955546644063496;17,78119909429106;26,968708263429995;10,748780674636707;0;0;0;
51250;22,43460335795207;10,837312530082981;25,955237833655666;17,766012396901832;26,968708263429995;10,699678195532629;0;0;0;
51500;22,429479596378375;10,813764652053386;25,954846289460775;17,75384248672668;26,968708263429995;10,693916000641925;0;0;0;
51750;22,38749308005919;10,810551309289199;25,950103472439977;17,744359613070802;26,968708263429995;10,691958586538306;0;0;0;
52000;22,35152305818488;10,728403289759603;25,944642869120162;17,630344351881337;26,968708263429995;10,6908334582366;0;0;0;
52250;22,336739237413315;10,71453929964322;25,939467172310696;17,61766706117361;26,968708263429995;10,671561180873992;0;0;0;
52500;22,33647852382088;10,68099673801565;25,93551016999816;17,578009100369943;26,968708263429995;10,658582462973646;0;0;0;
52750;22,336265749665664;10,678897136898291;25,926279482986057;17,55918198058116;26,968708263429995;10,59060445571012;0;0;0;
53000;22,33169222769264;10,667586366217954;25,921303741581987;17,55045235127468;26,968708263429995;10,578416995112638;0;0;0;
53250;22,31431326809699;10,665864581844867;25,901992627961164;17,54690642256276;26,858369160559413;10,572761529276242;0;0;0;
53500;22,198113183363322;10,640515145543821;25,901260229895207;17,5411452533286;26,858369160559413;10,572397286376793;0;0;0;
53750;22,18109742951502;10,640515145543821;25,900597365807297;17,533128906504142;26,858369160559413;10,57225317724302;0;0;0;
54000;22,138349615687485;10,588283849305945;25,899209503220582;17,532711748685728;26,858369160559413;10,572229111588927;0;0;0;
54250;22,127822720174198;10,556991813178792;25,8980665222404;17,525447555177603;26,858369160559413;10,572213143768703;0;0;0;
54500;22,12712137547557;10,53296454362739;25,89687148955375;17,524661493863587;26,858369160559413;10,553875773762549;0;0;0;
54750;22,077686794839973;10,518728860479216;25,89663966928648;17,524631921033244;26,858369160559413;10,552351663007315;0;0;0;
55000;22,05812119423006;10,439354116819336;25,896056628016357;17,5245427012128;26,858369160559413;10,552032379065064;0;0;0;
55250;22,057523415066655;10,437277175558545;25,895273123561783;17,52451230763213;26,815512956968696;10,528838345914284;0;0;0;
55500;22,04329831659029;10,381364881379755;25,89453353162924;17,490649475541616;26,815512956968696;10,413780635870287;0;0;0;
55750;22,042006359287726;10,321348670691023;25,893801133563283;17,47734537526148;26,815512956968696;10,392690736960915;0;0;0;
56000;21,967126661427773;10,307779913128105;25,88586389898508;17,46935754027866;26,815512956968696;10,37718394107794;0;0;0;
56250;21,87835960349119;10,250771812921741;25,885212234900145;17,457740359995718;26,815512956968696;10,29885992062878;0;0;0;
56500;21,86108502909763;10,219267418418491;25,835041208983977;17,445927429939978;26,815512956968696;10,282298240202842;0;0;0;
56750;21,84393145802267;10,203018154246365;25,824977135577182;17,44380627559748;26,815512956968696;10,279911878471319;0;0;0;
57000;21,84355158901596;10,18631944599742;25,824041522905546;17,42940919182323;26,815512956968696;10,229121199267299;0;0;0;
57250;21,751824713832516;10,0052773017452;25,822958013089846;17,425735136378645;26,815512956968696;10,188070487729677;0;0;0;
57500;21,744365535184173;9,963305348990168;25,82223067989318;17,42527212681199;26,815512956968696;10,184478808175813;0;0;0;
57750;21,661457980985443;9,943480685771206;25,791377196897564;17,378479549137122;26,815512956968696;10,155348065166889;0;0;0;
58000;21,644786061835347;9,907151413121184;25,78121836169048;17,35853283619534;26,815512956968696;10,10870612850362;0;0;0;
58250;21,575565739948637;9,819367428344412;25,771018953782185;17,341996589407387;26,815512956968696;10,093532640813223;0;0;0;
58500;21,56305647908123;9,813919292419412;25,720813331366035;17,305574989029118;26,815512956968696;10,087685202268618;0;0;0;
58750;21,553258666446773;9,805393029225296;25,704452453237455;17,28580678506022;26,815512956968696;10,08614263509714;0;0;0;
59000;21,546360982203087;9,805393029225296;25,685600997920456;17,269868352056335;26,815512956968696;10,085781456196452;0;0;0;
59250;21,523613381954977;9,805393029225296;25,650925928481403;17,26980498863576;26,815512956968696;10,08573412873476;0;0;0;
59500;21,51333129954819;9,805393029225296;25,626649211887344;17,252376247239475;26,815512956968696;10,08573412873476;0;0;0;
59750;21,483609877795725;9,797447478867436;25,613591399286598;17,24639101116704;26,815512956968696;10,08573412873476;0;0;0;
60000;21,460219452636675;9,797057371012508;25,58871005773535;17,232644572179264;26,815512956968696;10,08573412873476;0;0;0;
60250;21,443559785940906;9,796984175019356;25,532062068674296;17,22836839548357;26,815512956968696;10,080301155100793;0;0;0;
60500;21,43489284940159;9,796982379656106;25,51561762755712;17,226545596343456;26,815512956968696;10,04267904844676;0;0;0;
60750;21,4335784584111;9,796982379656106;25,503799288972424;17,218760516177046;26,815512956968696;10,034625912567456;0;0;0;
61000;21,368187575564626;9,749681298945623;25,49063288738118;17,216355332179237;26,815512956968696;10,025142247644386;0;0;0;
61250;21,35821738692061;9,715650948090694;25,478519543354313;17,19907423473446;26,815512956968696;10,023479443237035;0;0;0;
61500;21,338205901264597;9,714182241580348;25,469296872656486;17,158636616579233;26,815512956968696;10,02345442839737;0;0;0;
61750;21,318330843324606;9,714182241580348;25,46676160169538;17,157074596867528;26,815512956968696;10,023423243058122;0;0;0;
62000;21,312806511359387;9,676298715602531;25,460079030308925;17,15632734177915;26,815512956968696;9,991640414836821;0;0;0;
62250;21,307865291291012;9,675983931812471;25,454491095890045;17,155948353375894;26,815512956968696;9,894145541730099;0;0;0;
62500;21,213450871940694;9,658815720470573;25,45009012327664;17,13693386357566;26,815512956968696;9,850363514079739;0;0;0;
62750;21,183574536682624;9,615078502132262;25,447520100137343;17,135306828282836;26,815512956968696;9,845902240784593;0;0;0;
63000;21,18081063417934;9,613865978447114;25,447323367568625;17,135227774311566;26,815512956968696;9,844344355076377;0;0;0;
63250;21,126353609449264;9,604467725524534;25,443407331482476;17,135223336908;26,815512956968696;9,843853541176152;0;0;0;
63500;21,03394438363944;9,604370126893377;25,442172978665468;17,135210728613014;26,815512956968696;9,843784871974878;0;0;0;
63750;21,031161341228056;9,553378941280828;25,44051588720663;17,13517765309984;26,815512956968696;9,84369557824333;0;0;0;
64000;20,999699568092165;9,553138962580718;25,44051588720663;17,134946110870725;26,815512956968696;9,843673844672864;0;0;0;
64250;20,999404389345226;9,537238730645768;25,43962981183514;17,134943817368192;26,815512956968696;9,83661008473249;0;0;0;
64500;20,99633843014409;9,520686895302852;25,439541479634162;17,105183728360025;26,815512956968696;9,82573352995292;0;0;0;
64750;20,996168735417932;9,520686895302852;25,439539313728346;17,085981751795902;26,815512956968696;9,824034646596319;0;0;0;
65000;20,99590159449531;9,520178286556726;25,439500204718534;17,0849400009847;26,815512956968696;9,823985819167314;0;0;0;
65250;20,98413181160816;9,503021502866082;25,39411181434387;17,06538942094198;26,815512956968696;9,823985819167314;0;0;0;
65500;20,980538225362537;9,456486040549315;25,394068422524942;17,065343117573427;26,815512956968696;9,77412921179894;0;0;0;
65750;20,97290230233843;9,456421450085386;25,394068422524942;17,064091224708406;26,815512956968696;9,757061116058127;0;0;0;
66000;20,913643642042874;9,413380866901708;25,394068422524942;17,054932425365863;26,815512956968696;9,746659445509827;0;0;0;
66250;20,91332248985486;9,372085682902878;25,394068422524942;17,020283160690813;26,815512956968696;9,74654586573335;0;0;0;
66500;20,911679785965557;9,372085682902878;25,29414540585835;16,994555751600554;26,815512956968696;9,74643686504208;0;0;0;
66750;20,852523076165344;9,369784746342182;25,293955445471546;16,993960355620562;26,815512956968696;9,744918149440133;0;0;0;
67000;20,850078680754574;9,366007624866441;25,293955445471546;16,986456805720895;26,815512956968696;9,74454224207674;0;0;0;
67250;20,833073029390885;9,36493638789761;25,270381212832653;16,982867236632806;26,815512956968696;9,744427246968032;0;0;0;
67500;20,814052645006196;9,36493638789761;25,243892796507236;16,963379083237545;26,815512956968696;9,744422595892164;0;0;0;
67750;20,811021935806863;9,273504649023865;25,242947045970823;16,963268967448403;26,815512956968696;9,744418674974355;0;0;0;
68000;20,810812211792246;9,271017004904529;25,182169093451876;16,96306304825237;26,815512956968696;9,692561526576394;0;0;0;
68250;20,81052733724257;9,222588100691505;25,147608584393;16,96293792870127;26,815512956968696;9,654543902099256;0;0;0;
68500;20,734812482638333;9,220871722727685;25,09809876378995;16,962827955809654;26,815512956968696;9,6501059026466;0;0;0;
68750;20,73399225794406;9,220871722727685;24,904825357999126;16,944035591923452;26,815512956968696;9,649144600551182;0;0;0;
69000;20,662510486254774;9,22033557898082;24,84280763393627;16,935041646964425;26,815512956968696;9,648775416317722;0;0;0;
69250;20,644214834695898;9,20410030560606;24,8139164854907;16,93501059889433;26,815512956968696;9,648766891924451;0;0;0;
69500;20,644136270183964;9,175842827704042;24,767423904723163;16,917535934801887;26,815512956968696;9,637366150028775;0;0;0;
69750;20,63298627574847;9,175719019923761;24,745617189706692;16,91613850587551;26,815512956968696;9,637120665639593;0;0;0;
70000;20,630836079620536;9,171296281242519;24,707145538672012;16,902724803370173;26,815512956968696;9,630495258604013;0;0;0;
70250;20,63078946223591;9,171296281242519;24,64273908949581;16,89650886725057;26,815512956968696;9,627195298573985;0;0;0;
70500;20,569768832154235;9,171200259148932;24,589751441404307;16,89420435125893;26,815512956968696;9,627186127292958;0;0;0;
70750;20,569696596141362;9,16976749515606;24,530775444088285;16,853370565398627;26,757760145898086;9,627177485283624;0;0;0;
71000;20,569386819629784;9,168961640697173;24,52746788145868;16,852959555132653;26,757760145898086;9,627177485283624;0;0;0;
71250;20,569184920078005;9,159377703691202;24,469964854083663;16,762989877270673;26,664921347074255;9,533215916391617;0;0;0;
71500;20,56892172338685;9,159377703691202;24,435650752813828;16,762832643906112;26,664921347074255;9,471808321000909;0;0;0;
71750;20,566402309273517;9,159330197269004;24,405807639225166;16,762310057540752;26,664921347074255;9,470554045171848;0;0;0;
72000;20,550360074123997;9,158167724207424;24,400457682200503;16,758529622965938;26,664921347074255;9,470347507063295;0;0;0;
72250;20,5499710665659;9,144727781609578;24,375423953447008;16,743828501941984;26,664921347074255;9,437865786664323;0;0;0;
72500;20,54787379333511;9,139875749992308;24,35444992118908;16,74379519389294;26,664921347074255;9,429141411997971;0;0;0;
72750;20,534673945480915;9,131306956314752;24,340240108441467;16,741861913611295;26,664921347074255;9,369138926296554;0;0;0;
73000;20,5310271885484;9,05024299339147;24,32149652649922;16,74184967135872;26,664921347074255;9,311726209154084;0;0;0;
73250;20,53059826819455;9,049236101802462;24,311438647979323;16,741840382461575;26,664921347074255;9,310627326616789;0;0;0;
73500;20,526418845196044;9,049236101802462;24,29241929798205;16,741831663963037;26,664921347074255;9,3067103532112;0;0;0;
73750;20,526342560158565;9,048294727250955;24,269981131750693;16,733261384375478;26,664921347074255;9,306173519752797;0;0;0;
74000;20,524191097519676;9,042272849553433;24,263220969176892;16,733229906974856;26,664921347074255;9,297664670792404;0;0;0;
74250;20,469735212939778;9,042272849553433;24,261314304303404;16,72569518010952;26,664921347074255;9,287622558838656;0;0;0;
74500;20,412308031179762;9,042272849553433;24,260061134631968;16,723710847234436;26,664921347074255;9,255918326883313;0;0;0;
74750;20,4116935421042;9,04214534925501;24,256360834620136;16,719545655802765;26,664921347074255;9,210396181299869;0;0;0;
75000;20,394280069769675;9,04214534925501;24,251632717634656;16,719291980454205;26,664921347074255;9,20752680583729;0;0;0;
75250;20,394125080558556;9,025915651207313;24,248970715762944;16,7043983695787;26,664921347074255;9,207294541893543;0;0;0;
75500;20,365271061852148;9,025558060205634;24,24295218387536;16,702584468459964;26,664921347074255;9,207273011801767;0;0;0;
75750;20,359903253199967;9,025289546777033;24,23825230536764;16,702378172210373;26,664921347074255;9,146946233069032;0;0;0;
76000;20,35964763360456;9,02454329239792;24,231974914629546;16,70170252490651;26,664921347074255;9,146783978019782;0;0;0;
76250;20,359517613224384;9,024156940065366;24,226135032774273;16,70152360902063;26,664921347074255;9,141440840514758;0;0;0;
76500;20,258378815356327;9,005611377933079;24,21974023026816;16,700714827021464;26,664921347074255;9,123429375272911;0;0;0;
76750;20,230993058158678;8,967223154802808;24,217235027026053;16,700282477307386;26,664921347074255;9,111042954000249;0;0;0;
77000;20,23060638097541;8,951522432450401;24,214061292061977;16,66182119056639;26,664921347074255;9,029359512855553;0;0;0;
77250;20,229932584728555;8,951522432450401;24,21241487997955;16,582445417825213;26,664921347074255;9,026670623613484;0;0;0;
77500;20,22985913852405;8,877081209491418;24,141866495393206;16,505466007416256;26,664921347074255;9,025587351557215;0;0;0;
77750;20,22227621049162;8,873716522513192;24,13961892941753;16,500201293007777;26,664921347074255;9,02519466077982;0;0;0;
78000;20,222204330402757;8,860444859281836;24,13729981466833;16,49918471803687;26,664921347074255;9,024964165819542;0;0;0;
78250;20,221523886092893;8,835434675780121;24,13623698204344;16,499180107768588;26,664921347074255;9,024964165819542;0;0;0;
78500;20,210391380571956;8,83464137280437;24,13465551815263;16,49905451638733;26,664921347074255;9,022500039020015;0;0;0;
78750;20,132433856547774;8,829241984482586;24,133488721125214;16,482914724865367;26,664921347074255;9,022500039020015;0;0;0;
79000;20,100671068354032;8,829241984482586;24,13334071615951;16,479472770796573;26,664921347074255;9,022200951189745;0;0;0;
79250;20,084153846531112;8,829241984482586;24,13257485190993;16,479203455375213;26,664921347074255;9,02210301244167;0;0;0;
79500;20,083568270146124;8,829241984482586;24,131896392720684;16,479191164772683;26,664921347074255;9,022076405820597;0;0;0;
79750;20,07914633045793;8,82725779031226;24,131562424186303;16,44291612198253;26,664921347074255;9,022072420445731;0;0;0;
80000;20,029375960530977;8,827220510109743;24,131186984926735;16,42977720057312;26,664921347074255;9,022072420445731;0;0;0;
80250;20,00826299425361;8,827220510109743;24,13091854375076;16,411557498825214;26,664921347074255;9,022051005933003;0;0;0;
80500;19,987125308562913;8,827220510109743;24,130767321372524;16,410384112453418;26,664921347074255;9,022032224937519;0;0;0;
80750;19,983263737344465;8,808901262191547;24,130704016589288;16,404638929163674;26,664921347074255;9,02202408569347;0;0;0;
81000;19,976488911020777;8,808901262191547;24,130698172909753;16,403246918167554;26,664921347074255;9,02202408569347;0;0;0;
81250;19,976373305793615;8,808901262191547;24,130633180108443;16,402575603282443;26,664921347074255;9,02202408569347;0;0;0;
81500;19,975199787253175;8,808901262191547;24,130559248698226;16,357404331848407;26,664921347074255;9,021384766398878;0;0;0;
81750;19,974770700489447;8,808901262191547;24,130507505871275;16,357191857864883;26,664921347074255;9,020674243571909;0;0;0;
82000;19,96492844022761;8,808901262191547;24,13045952535552;16,357070233412305;26,664921347074255;8,98237801328851;0;0;0;
82250;19,964501235764725;8,808901262191547;24,13043448415442;16,356997558683375;26,664921347074255;8,980453668693805;0;0;0;
82500;19,962482612039132;8,80696048204528;24,130362827850902;16,356993853804042;26,664921347074255;8,980451728031488;0;0;0;
82750;19,956673291496553;8,80696048204528;24,13031484733515;16,356978917255464;26,664921347074255;8,98040927175957;0;0;0;
83000;19,953774521180495;8,80696048204528;24,115364535842346;16,33938303528254;26,664921347074255;8,980400041670148;0;0;0;
83250;19,91538969476285;8,787614572819637;24,11533360905966;16,339382791913724;26,664921347074255;8,980400041670148;0;0;0;
83500;19,914979634371576;8,787614572819637;24,11529774587495;16,321537955131802;26,664921347074255;8,980400041670148;0;0;0;
83750;19,914246645498974;8,787614572819637;24,115234717348486;16,320866405014513;26,664921347074255;8,980303072463265;0;0;0;
84000;19,843910550617878;8,782952316381227;24,115195569490144;16,298456237914458;26,664921347074255;8,919089229484937;0;0;0;
84250;19,843808051103114;8,782952316381227;24,115181586393945;16,26401137297969;26,664921347074255;8,90291225890038;0;0;0;
84500;19,841132289818038;8,745277032889652;24,115151030299103;16,26401137297969;26,664921347074255;8,89934886305747;0;0;0;
84750;19,808656224262155;8,723119707845076;24,11512436832585;16,261929964921418;26,664921347074255;8,8991965554919;0;0;0;
85000;19,80854997161901;8,723119707845076;24,115098756892802;16,26096953964618;26,664921347074255;8,899181828803309;0;0;0;
85250;19,808272905485172;8,719887084412727;24,115071764679513;16,258535153001866;26,664921347074255;8,899181828803309;0;0;0;
85500;19,802756565879797;8,69368897268024;24,115041960914258;16,258534150213045;26,664921347074255;8,899181828803309;0;0;0;
85750;19,801773495997725;8,685768383862628;24,115028466812255;16,25844497689491;26,664921347074255;8,899153377925618;0;0;0;
86000;19,768809865183577;8,685768383862628;24,115011008206203;16,25842222032518;26,664921347074255;8,88261765348583;0;0;0;
86250;19,767666797565496;8,651959192117106;24,11499354960014;16,24127796518427;26,664921347074255;8,881672197954277;0;0;0;
86500;19,744929249533882;8,651959192117106;24,114979566503944;16,23970333180065;26,664921347074255;8,88110481174886;0;0;0;
86750;19,744086074119398;8,650717779036874;24,11497715312138;16,239700888514157;26,664921347074255;8,880928586124575;0;0;0;
87000;19,743374436081933;8,599842671498438;24,114970567224354;16,239487998656422;26,664921347074255;8,880832760581946;0;0;0;
87250;19,741307339502324;8,599842671498438;24,114959746874856;16,197026432698102;26,664921347074255;8,855327282626138;0;0;0;
87500;19,725788518424025;8,578942589687406;24,114959746874856;16,191933024668238;26,664921347074255;8,852943098832906;0;0;0;
87750;19,725422832802984;8,574400710690991;24,11495264172956;16,165743770048003;26,664921347074255;8,844395213531655;0;0;0;
88000;19,721031867174666;8,571711077250717;24,11494923455468;16,116799415567797;26,664921347074255;8,843790855001213;0;0;0;
88250;19,682645066462488;8,571188870302553;24,11494923455468;16,11308781463082;26,664921347074255;8,843449564803477;0;0;0;
88500;19,682425769187056;8,55522086779068;24,11494923455468;16,112750858796836;26,664921347074255;8,843362526598494;0;0;0;
88750;19,68063260880267;8,546810993030402;24,11494923455468;16,111903690647097;26,664921347074255;8,82355068553218;0;0;0;
89000;19,680380757233202;8,508065971084502;24,104821175759497;16,109206997372336;26,664921347074255;8,823308953048034;0;0;0;
89250;19,678093575157558;8,503721850384377;24,104821175759497;16,10878670940291;26,664921347074255;8,823176209327071;0;0;0;
89500;19,676704753938473;8,489339541416474;24,047535073257404;16,09599180405477;26,664921347074255;8,823069413925275;0;0;0;
89750;19,67659921449552;8,489339541416474;23,929250123007716;16,063801042381137;26,664921347074255;8,80923117179342;0;0;0;
90000;19,675933333268535;8,468312743288143;23,929250123007716;16,058947486697715;26,664921347074255;8,803090973298902;0;0;0;
90250;19,675891306631552;8,447294522275488;23,929250123007716;16,04934657537989;26,664921347074255;8,80307262740496;0;0;0;
90500;19,67565877880358;8,42826383781899;23,929250123007716;16,048546610448394;26,664921347074255;8,803029478687955;0;0;0;
90750;19,66326267858172;8,4132470760768;23,929250123007716;16,045933233781536;26,664921347074255;8,803019613982892;0;0;0;
91000;19,63040313338657;8,410762815197081;23,926013038022866;16,043249082094437;26,664921347074255;8,803019613982892;0;0;0;
91250;19,62453393821837;8,410762815197081;23,908843503154802;16,043240849136826;26,664921347074255;8,784640289323601;0;0;0;
91500;19,62308456546326;8,40921599577038;23,816133541524895;16,042736045768137;26,664921347074255;8,784181883432217;0;0;0;
91750;19,62300338967976;8,40921599577038;23,813696251128313;16,026314689302193;26,664921347074255;8,784146276197703;0;0;0;
92000;19,62300338967976;8,409151583730688;23,813696251128313;16,02580628232758;26,664921347074255;8,784119999158133;0;0;0;
92250;19,62027679712692;8,408499979462796;23,813696251128313;16,024315526192257;26,664921347074255;8,784119999158133;0;0;0;
92500;19,620262614992132;8,398079737483823;23,813696251128313;15,95709214143148;26,664921347074255;8,784119999158133;0;0;0;
92750;19,62018900582747;8,310581742347754;23,804820332373527;15,955938088116138;26,664921347074255;8,784119999158133;0;0;0;
93000;19,620122753398057;8,301461424393095;23,804820332373527;15,955278199951955;26,643909890069295;8,784119999158133;0;0;0;
93250;19,62007896229168;8,299562378186332;23,804820332373527;15,952580131389311;26,580721385850143;8,784119999158133;0;0;0;
93500;19,620075064235074;8,299562378186332;23,78466537799147;15,952324906392521;26,580721385850143;8,784119999158133;0;0;0;
93750;19,53652208253718;8,299562378186332;23,78466537799147;15,944237312460825;26,580721385850143;8,784119999158133;0;0;0;
94000;19,52349326452132;8,299562378186332;23,78466537799147;15,944226494565019;26,580721385850143;8,768859326492992;0;0;0;
94250;19,523083436676828;8,299562378186332;23,759322463963898;15,944192153357564;26,580721385850143;8,710316840167371;0;0;0;
94500;19,52308336279181;8,299562378186332;23,731715464122225;15,944073151290182;26,580721385850143;8,68909294708209;0;0;0;
94750;19,52140006402438;8,292534298052063;23,615415507485263;15,944067741074408;26,580721385850143;8,689092243990133;0;0;0;
95000;19,521151993561112;8,292534298052063;23,4886632295688;15,944067741074408;26,580721385850143;8,631499230114102;0;0;0;
95250;19,5206672706168;8,28904729218249;23,4886632295688;15,944061742753798;26,580721385850143;8,616695428950154;0;0;0;
95500;19,520662323328818;8,263925462871244;23,4886632295688;15,937571000948934;26,580721385850143;8,58681833738211;0;0;0;
95750;19,5168559721979;8,263925462871244;23,4886632295688;15,935788450135917;26,580721385850143;8,579714943204262;0;0;0;
96000;19,516765325054553;8,263857128181876;23,4886632295688;15,928217007164593;26,580721385850143;8,553417051556332;0;0;0;
96250;19,516011808782803;8,255108200169847;23,484764361274745;15,926264229850151;26,580721385850143;8,546810048699927;0;0;0;
96500;19,431351040771435;8,254524921514383;23,484764361274745;15,926133386942109;26,580721385850143;8,54636958326553;0;0;0;
96750;19,402156851711233;8,254524921514383;23,484714398159046;15,924510759496973;26,580721385850143;8,546281540989861;0;0;0;
97000;19,401848950077184;8,254524921514383;23,484714398159046;15,923912571701857;26,580721385850143;8,526799118678664;0;0;0;
97250;19,40056143897455;8,254524921514383;23,484714398159046;15,923690417002629;26,580721385850143;8,526164002417142;0;0;0;
97500;19,39983628500786;8,254524921514383;23,484714398159046;15,923607769235007;26,580721385850143;8,454178134015143;0;0;0;
97750;19,399836108583905;8,254524921514383;23,484714398159046;15,923413849070606;26,580721385850143;8,417757088092904;0;0;0;
98000;19,385007836586578;8,254524921514383;23,472760758883588;15,89194446373385;26,580721385850143;8,408533511041492;0;0;0;
98250;19,37233741396336;8,254524921514383;23,472760758883588;15,891929840568785;26,580721385850143;8,353208829522833;0;0;0;
98500;19,3092489711141;8,254524921514383;23,41800329454423;15,891906128890888;26,580721385850143;8,249731424169505;0;0;0;
98750;19,30041428367967;8,24805150667252;23,352528680376594;15,871846700213059;26,580721385850143;8,249366585371046;0;0;0;
99000;19,29064002370869;8,206679279464112;23,352477348279972;15,871677509381673;26,580721385850143;8,24908386103524;0;0;0;
99250;19,290612837642918;8,206679279464112;23,34289555154351;15,871080688859417;26,580721385850143;8,24906854710776;0;0;0;
99500;19,286193550902833;8,206679279464112;23,34289555154351;15,848859217862003;26,580721385850143;8,249062439289228;0;0;0;
99750;19,284905895830363;8,206679279464112;23,29762189248278;15,848702411412143;26,580721385850143;8,249055911726522;0;0;0;
100000;19,273458271159043;8,206259672514642;23,297073459042643;15,848639375807618;26,580721385850143;8,249055617686786;0;0;0;