NFOB;GEO;GEOvar;AGEO1;AGEO2;AGEO1var;AGEO2var;GEOreal1;AGEO1real1;AGEO2real1;
250;3401,5987732380017;2113,7847453338527;3414,3490321376453;3509,9137715340207;2905,297295045763;3151,7489751805006;3068,246107422236;3159,9523708579773;3111,1726315293217;
500;3189,021256870564;1378,220598029475;3218,826882877283;3219,4775271483422;2189,44983118607;2456,492720534021;3060,8983048506047;3143,3425266468025;3111,1726315293217;
750;2938,634924723143;1185,8866255387388;2890,775610489736;2853,1419643564127;1792,589477650374;1935,017838921768;3060,8983048506047;3143,3425266468025;3111,1726315293217;
1000;2709,791686604972;1052,3504653115401;2626,737134026972;2482,3505371511033;1445,2713382393863;1300,0504850420496;3060,8983048506047;3143,3425266468025;3111,1726315293217;
1250;2575,22965582372;988,0110457304747;2424,5926201306365;2234,8196718600907;1327,925115488329;1099,187571434872;3060,8983048506047;3143,3425266468025;3111,1726315293217;
1500;2421,1142703594505;952,8190693482377;2217,917597490014;1934,9684874585403;1233,4150279371154;1013,1057719482512;3060,8983048506047;3136,2947989390987;3111,1726315293217;
1750;2310,024985765442;940,270091943578;2060,236048704016;1778,8576085139973;1183,3748894349335;977,6352583486016;3060,8983048506047;3124,5342433679903;3111,1726315293217;
2000;2191,6318173779296;928,7725004500663;1888,8879440575051;1606,8217245808523;1152,2840582719455;925,5768202682075;3060,8983048506047;3124,5342433679903;3111,1726315293217;
2250;2096,898135777475;917,1958020124747;1754,8052097253885;1498,4725134532464;1132,9423452663789;897,8085663563818;3060,8983048506047;3112,8316939209913;3111,1726315293217;
2500;2013,663476299255;908,0299751928385;1638,0208521089107;1411,9646761058723;1126,7340254092628;875,0772889644031;3060,8983048506047;3112,8316939209913;3111,1726315293217;
2750;1931,4863493473247;902,0723936031842;1535,3136840347204;1330,3076980682097;1104,7539878453488;864,4534774505883;3060,8983048506047;3112,8316939209913;3111,1726315293217;
3000;1876,2462593296245;889,2551917310977;1451,382829818781;1282,0987292172822;1103,6017818679993;851,0572390265469;3060,8983048506047;3107,6524412474855;3111,1726315293217;
3250;1800,0853892407072;869,1022205022373;1397,8957874210057;1201,2223677799866;1103,466420797094;833,2662070846305;3060,8983048506047;3106,331992851552;3111,1726315293217;
3500;1730,5506664228776;862,2124783184327;1346,5833199188025;1135,568267291442;1103,4617983963883;829,6342829365974;3060,8983048506047;3104,104490591475;3111,1726315293217;
3750;1636,4147017943533;852,3567270790096;1295,056370052326;1094,7310738699543;1102,8405464476027;827,8917533690537;3060,8983048506047;3090,6221183740563;3111,1726315293217;
4000;1576,6548205428367;844,7144676104087;1265,1627934907995;1074,2498203080413;1102,8405464476027;824,0185816339996;3060,8983048506047;3090,6221183740563;3111,1726315293217;
4250;1510,4288017939662;837,3763586757573;1223,1656162054728;1049,6692770306945;1095,8074576320362;814,4808113692997;3060,8983048506047;3089,9753037652936;3111,1726315293217;
4500;1445,8955551018066;822,0244588687151;1200,5440721280802;1029,9556991950594;1085,633223070216;796,0722763280547;3060,8983048506047;3089,9753037652936;3111,1726315293217;
4750;1378,6046271367277;813,9770562015015;1180,7183156719566;1014,6304080224393;1076,7960521064049;785,975191863864;3060,8983048506047;3089,9753037652936;3111,1726315293217;
5000;1330,9618262963843;801,794872621576;1168,2033109033948;1003,5507648069278;1076,7175671138714;771,7781363838906;3060,8983048506047;3085,973772007999;3111,1726315293217;
5250;1291,727686070805;799,3130417366789;1156,7586168833689;993,6212397753397;1065,75775845603;762,3293877165322;3060,8983048506047;3081,5117611237406;3111,1726315293217;
5500;1253,7976605387485;798,2186462871437;1136,1168883403743;982,9624262150468;1064,9576675655696;753,9395283936466;3060,8983048506047;3080,148277523245;3111,1726315293217;
5750;1234,701738198442;793,4644605016073;1126,0494193684772;966,9688724680409;1064,5370254857703;748,288200659261;3060,8983048506047;3078,5827359296345;3111,1726315293217;
6000;1194,5356424873657;785,0585997747148;1113,8418704754195;961,6055041047081;1059,599408176286;734,2121972948463;3060,8983048506047;3078,5827359296345;3111,1726315293217;
6250;1164,4268460615149;770,9911871604627;1105,0912401101073;958,9521817416884;1059,599408176286;723,1483141638088;3060,8983048506047;3078,5827359296345;3111,1726315293217;
6500;1148,642862647386;767,2145624540763;1094,3897615441404;954,2318150310589;1059,599408176286;717,7420471809802;3060,8983048506047;3077,4746026370335;3111,1726315293217;
6750;1127,2330364795953;759,6243332104854;1086,4387945619749;950,2464008724105;1056,335604760859;715,3844466331631;3060,8983048506047;3077,4746026370335;3111,1726315293217;
7000;1115,6907644601545;752,3785908644303;1073,0495028153557;944,186075253037;1049,5722084734066;712,9710503124078;3060,8983048506047;3077,4746026370335;3111,1726315293217;
7250;1095,1315590994716;747,9598115336593;1061,4716320623934;937,3941980712453;1043,5625205778638;711,7043141134134;3060,8983048506047;3077,4746026370335;3111,1726315293217;
7500;1069,3809263188602;744,4082530979265;1056,8282866721395;931,0233140036222;1041,337441193645;700,4748220563946;3060,8983048506047;3077,4746026370335;3111,1726315293217;
7750;1055,2216550601522;738,176943136182;1052,3081022931751;929,2332699701657;1037,1594438445582;683,8579794834227;3060,8983048506047;3077,4054179176273;3111,1726315293217;
8000;1039,5750750974832;733,5015785892915;1046,9019339330123;927,6803936381367;1037,1594438445582;676,7737955502963;3060,8983048506047;3077,2356472853057;3111,1726315293217;
8250;1025,452476745599;725,0071496539578;1040,3918429831745;922,5247128681386;1037,1594438445582;661,6062760727057;3060,8983048506047;3077,2356472853057;3111,1726315293217;
8500;1015,8701978753711;721,6976984373875;1037,743932671575;920,8012857248524;1037,1594438445582;659,4590987225231;3060,8983048506047;3077,2356472853057;3111,1726315293217;
8750;1010,9432812579356;715,8878570094248;1033,4919835176058;918,5423499432724;1037,1594438445582;656,4199496528176;3060,8983048506047;3077,2356472853057;3111,1726315293217;
9000;998,6736515426522;712,4991752063073;1026,7832814965427;912,3075729620525;1026,1377335665163;639,6370041228876;3060,8983048506047;3077,2356472853057;3111,1726315293217;
9250;990,4176026773508;708,3993563372253;1025,8105083459413;910,7620401210696;1025,5313162982043;634,7045852965225;3060,8983048506047;3077,2356472853057;3111,1726315293217;
9500;984,8866514086747;700,4760399040127;1022,6771606334233;909,8280307382129;1025,5313162982043;627,4580204421884;3060,8983048506047;3077,2356472853057;3111,1726315293217;
9750;981,0980095780683;696,1250667179877;1021,2283948334319;909,5783504115717;1025,5313162982043;623,2250398353237;3060,8983048506047;3077,2356472853057;3111,1726315293217;
10000;973,0081098401481;690,5259079216464;1020,2573551995553;908,7426965193874;1020,3195801546423;608,8485008950427;3060,8983048506047;3077,2356472853057;3111,1726315293217;
10250;969,6702882719562;686,8043977416628;1017,4237011680201;908,6337072375715;1012,7666570511021;605,4608212286478;3060,8983048506047;3072,8868365845783;3111,1726315293217;
10500;966,7874332784627;681,5646771241295;1014,9405079110383;908,294233474176;1012,7666570511021;604,6163116172885;3060,8983048506047;3068,698182771338;3111,1726315293217;
10750;961,710433287379;674,6917817568177;1013,7208305013187;905,4427692990847;1012,7666570511021;597,7024399953339;3060,8983048506047;3068,698182771338;3111,1726315293217;
11000;956,531488316931;670,3586948964398;1001,3345319876676;905,2511676078607;1003,3624193778799;586,4637473513538;3060,8983048506047;3065,3593690629023;3111,1726315293217;
11250;955,8471702737603;667,3188532543422;1000,2007488758678;903,9523109160544;994,9488329634867;571,0817451313632;3060,8983048506047;3065,3593690629023;3111,1726315293217;
11500;952,4181072560189;666,0615475636312;994,9305339166592;903,287580821117;994,9488329634867;567,650044334587;3060,8983048506047;3056,570262857385;3111,1726315293217;
11750;947,9015685172287;662,5747514473261;983,697542771615;899,0373827944751;994,9488329634867;564,9074786021663;3060,8983048506047;3050,0553181293235;3111,1726315293217;
12000;946,5265896447573;658,8212211463947;974,4925929464266;894,412843508488;994,9488329634867;560,2789227813686;3060,8983048506047;3050,0553181293235;3111,1726315293217;
12250;939,0242636965029;654,6136948852975;966,9555583428569;885,7381313372086;993,0344501883571;556,7030837547568;3060,8983048506047;3050,0553181293235;3111,1726315293217;
12500;936,5180239552885;648,4714425662115;964,7310618906163;883,6384822225281;993,0344501883571;551,52002913651;3060,8983048506047;3050,0553181293235;3111,1726315293217;
12750;935,044214780209;635,5031244559457;957,335677089566;883,4731131292328;990,6223441929917;550,0212547370246;3060,8983048506047;3050,0553181293235;3111,1726315293217;
13000;929,6598163416982;630,1298931944674;951,4922232592388;883,3627441908069;990,6223441929917;545,0684321529126;3060,8983048506047;3050,0553181293235;3111,1726315293217;
13250;927,1087246222712;625,9216449721839;947,7928547245625;878,8167169103392;990,6223441929917;543,3303309171226;3060,8983048506047;3050,0553181293235;3111,1726315293217;
13500;925,2841210201187;623,309714368006;944,7379095877995;878,1997246714375;990,6223441929917;536,5940905284764;3060,8983048506047;3050,0553181293235;3111,1726315293217;
13750;924,9399900187776;617,3718143838283;939,8712827099147;875,5627992309893;983,2107892960993;533,880121224028;3060,8983048506047;3050,0553181293235;3111,1726315293217;
14000;919,1469585273662;608,3707496949318;935,1223683158657;869,3901393218508;978,9642467035638;521,3444791848082;3060,8983048506047;3050,0553181293235;3111,1726315293217;
14250;916,3325381269431;606,2697984005765;921,0002394256948;869,2494450397427;978,9642467035638;516,0897679642221;3060,8983048506047;3050,0553181293235;3111,1726315293217;
14500;914,5045759044558;600,2220782832426;919,3463430646557;866,3050080200021;977,9390723830785;511,86662023460536;3060,8983048506047;3050,0553181293235;3111,1726315293217;
14750;913,3768053247346;594,8633080649571;913,0215275024332;860,8836205544071;977,9390723830785;507,1097609604738;3060,8983048506047;3050,0553181293235;3111,1726315293217;
15000;906,4924963739151;584,0889389056464;912,6974205809639;856,4589808414365;968,543083779541;503,19498090158015;3060,8983048506047;3050,0553181293235;3111,1726315293217;
15250;906,0310366893292;577,3950578312317;911,9999422042305;856,1137973039478;968,3710061376497;501,05188978578195;3060,8983048506047;3046,6573657835934;3111,1726315293217;
15500;905,5328982562144;575,1642084421288;909,4026135759934;855,814110159086;961,4849959239976;496,3940410194425;3060,8983048506047;3046,5019377557624;3111,1726315293217;
15750;903,8499460952403;574,3373516198378;909,3078903713581;855,6147441473929;953,8492163582174;494,1622860361547;3060,8983048506047;3046,5019377557624;3111,1726315293217;
16000;903,603083343555;568,8670449820976;908,0777391279308;854,4621213927488;951,9068617571955;493,7818380523872;3060,8983048506047;3046,5019377557624;3111,1726315293217;
16250;900,7643186094126;567,2172765135163;907,213701616741;849,3263076214974;951,535952722103;491,51453169222964;3060,8983048506047;3046,5019377557624;3111,1726315293217;
16500;895,5677163850565;560,8538862199789;904,8078958558914;844,6945519704816;947,4479881736197;483,10088777177225;3060,8983048506047;3037,9355524563316;3111,1726315293217;
16750;893,4088733855455;553,6025369255069;903,3236624625185;838,1280585618615;947,4479881736197;482,74405044081607;3060,8983048506047;3037,9355524563316;3111,1726315293217;
17000;890,9233680481339;537,9985141872816;902,3367442118201;830,3481080021143;947,4479881736197;479,9887893038678;3060,8983048506047;3037,9355524563316;3111,1726315293217;
17250;889,6972780839819;535,8750927333938;901,8054375385219;826,2864087281607;947,4479881736197;477,2222811102323;3060,8983048506047;3037,9355524563316;3111,1726315293217;
17500;886,3432386052393;532,4970173498418;901,2167923482953;818,8126685512029;942,7368077177823;472,762965143157;3060,8983048506047;3037,092880548355;3111,1726315293217;
17750;885,70700916698;530,5106910200523;900,9910817566206;816,8664041246647;938,5734860102887;471,22118860509744;3060,8983048506047;3032,3784717315843;3111,1726315293217;
18000;883,3589952286935;527,2483064766237;900,4046765128273;816,0918671208314;934,0042165625184;470,95711257944566;3060,8983048506047;3032,3784717315843;3111,1726315293217;
18250;875,6149112825724;512,86912800469;896,972151463578;814,1185406278005;934,0042165625184;468,95228314047677;3060,8983048506047;3032,3784717315843;3111,1726315293217;
18500;875,1632980245247;510,50782893178615;896,8115833584691;813,9164514415154;933,2779155570887;466,5431859671998;3060,8983048506047;3032,3784717315843;3111,1726315293217;
18750;873,769976001883;508,7663049368701;895,813252889279;812,364375863468;933,1219594105287;464,30961474493216;3060,8983048506047;3032,3784717315843;3111,1726315293217;
19000;866,1570578782671;501,806940787885;895,7750486586915;811,4291689592492;932,8381345916401;463,71878396558225;3060,8983048506047;3031,7790648566524;3111,1726315293217;
19250;865,6806219698494;498,826272304022;886,7175996744662;808,7245880007575;932,0162139271639;462,92757319926926;3060,8983048506047;3031,611209526793;3111,1726315293217;
19500;865,072671269908;496,0862882714939;884,5713568738705;805,9585414243753;932,0162139271639;461,2017070927161;3060,8983048506047;3031,611209526793;3111,1726315293217;
19750;861,9484199989753;492,758766578092;884,4618226194411;801,6294348710014;932,0162139271639;451,28946756561015;3060,8983048506047;3029,732363558692;3111,1726315293217;
20000;860,2136957643248;490,6403306463836;884,1011767897405;800,9474604599451;923,9447291489112;447,5359045784581;3060,8983048506047;3029,732363558692;3111,1726315293217;
20250;858,2237357865172;485,74165905062796;883,7376504383978;798,5002306584703;923,8540612253604;442,40638412432156;3060,8983048506047;3029,732363558692;3111,1726315293217;
20500;853,0713025499667;484,7385894041256;883,5663003634513;797,2443467453483;921,9161704773197;440,29652050723666;3060,8983048506047;3025,1517455794833;3111,1726315293217;
20750;850,2898896354001;483,22831953006096;883,5333689810298;796,8941748742628;919,1395162535185;439,642952147649;3060,8983048506047;3025,1517455794833;3111,1726315293217;
21000;847,4730755864159;477,3023002787714;882,015684542006;796,7302730114347;918,4995136485443;431,51271227822485;3060,8983048506047;3025,1517455794833;3111,1726315293217;
21250;841,0189099105852;468,3326999891809;881,9899516586654;796,701697640263;916,1478397476362;427,42738878115154;3060,8983048506047;3025,1517455794833;3111,1726315293217;
21500;837,776019059539;466,4945981708352;881,9523537628982;796,549631558696;916,1478397476362;425,26731799868946;3060,8983048506047;3024,279140785708;3111,1726315293217;
21750;833,558125923998;459,20755372237863;880,9706750204329;794,2528493712764;916,1478397476362;424,4037139596249;3060,8983048506047;3024,279140785708;3111,1726315293217;
22000;832,1651583456146;452,25983311065437;880,945657605169;793,8952807584842;916,1478397476362;422,1801601554954;3060,8983048506047;3024,279140785708;3111,1726315293217;
22250;827,22587643871;450,348674989419;880,9368028536614;791,7102871427211;916,1478397476362;419,4015022355865;3060,8983048506047;3024,279140785708;3111,1726315293217;
22500;826,0927554457838;450,2666652021344;875,8245823305202;791,4288583576493;916,1478397476362;409,21922812864403;3060,8983048506047;3024,279140785708;3111,1726315293217;
22750;823,0690627486543;449,2367760834601;873,8913411732256;791,3173859548004;916,1478397476362;405,4761315516927;3060,8983048506047;3024,279140785708;3111,1726315293217;
23000;817,9727119916532;446,657333842265;869,6948186741124;790,3951600989525;909,7150972877172;399,64368694426213;3060,8983048506047;3024,279140785708;3111,1726315293217;
23250;815,0317826104356;446,657333842265;868,9734452377048;790,3769006909372;909,7150972877172;394,0617819024372;3060,8983048506047;3024,279140785708;3111,1726315293217;
23500;814,0845866415641;446,35681476726364;867,6348545372557;790,3183841763062;909,7150972877172;392,4497813272358;3060,8983048506047;3024,279140785708;3111,1726315293217;
23750;813,3145807271151;441,8207916631013;866,5321795289034;790,2829478543965;909,7150972877172;390,530759068648;3060,8983048506047;3024,279140785708;3111,1726315293217;
24000;813,2629971277175;440,61786323607964;866,2005825052636;790,2783833545013;909,7150972877172;389,54764291589834;3060,8983048506047;3024,279140785708;3111,1726315293217;
24250;812,9402942153698;438,9899640422343;865,7685603927982;790,2332953795066;909,7150972877172;381,4482841365215;3060,8983048506047;3024,279140785708;3111,1726315293217;
24500;812,4997750006145;438,9135064579285;865,5213065401065;789,0375370916701;909,7150972877172;377,5517806498152;3060,8983048506047;3024,279140785708;3111,1726315293217;
24750;812,4648420373566;438,160374678608;863,8128535073181;788,8665365478315;909,7150972877172;370,89539134208826;3060,8983048506047;3024,279140785708;3111,1726315293217;
25000;812,4048810735505;431,7799333176508;861,2191132347041;784,5231885780354;909,7150972877172;363,4775908273249;3060,8983048506047;3024,279140785708;3111,1726315293217;
25250;811,7461925830016;428,6456394582154;861,0153532343812;782,8603609395461;909,7150972877172;358,47606732374544;3060,8983048506047;3024,279140785708;3111,1726315293217;
25500;811,6309847764845;427,02024649244305;859,1063393611915;782,7656254180771;904,6602861529642;358,0852663868591;3060,8983048506047;3024,279140785708;3111,1726315293217;
25750;811,4920132277609;426,77308931462824;858,5636003598624;782,711013970793;899,9469846077038;358,0788751095261;3060,8983048506047;3024,279140785708;3111,1726315293217;
26000;811,4372900797994;426,7467241286151;857,9803209866898;782,7004238124541;899,5675819257882;355,5697252409305;3060,8983048506047;3024,279140785708;3111,1726315293217;
26250;810,8877247294841;426,7380822096392;857,7309839420046;780,4062574643048;899,5675819257882;354,6394018418313;3060,8983048506047;3024,279140785708;3111,1726315293217;
26500;804,9382071462544;426,0997575911892;857,5142659620213;780,3799003732353;899,5675819257882;354,3311878936443;3060,8983048506047;3019,936213293937;3111,1726315293217;
26750;804,9227237820104;423,0750817760034;857,3717269516598;779,5411205282644;899,5675819257882;352,95622932877535;3060,8983048506047;3017,513104874849;3111,1726315293217;
27000;804,2381676147511;418,5429424205554;857,3220174003811;778,8624745774906;899,5675819257882;352,531787363224;3060,8983048506047;3010,4939952299;3111,1726315293217;
27250;804,1868394069749;416,87821555748457;857,2824989171038;771,7384196558254;899,5675819257882;352,47385781373765;3060,8983048506047;3010,4939952299;3111,1726315293217;
27500;804,1624806825225;416,4794275946286;852,6826359418212;766,8703339426321;899,5675819257882;351,9221567220583;3060,8983048506047;3010,4939952299;3111,1726315293217;
27750;801,8549145601967;415,8027295806919;852,6496400295927;766,0509995956963;898,0474094002686;351,86853454040704;3060,8983048506047;3008,821663451899;3111,1726315293217;
28000;801,4427227898664;414,0059981570238;846,8010149873139;766,0412013937163;895,4658746696487;351,864097600787;3060,8983048506047;3008,821663451899;3111,1726315293217;
28250;801,2651123298047;412,56428674456976;846,8010149873139;766,0388548547903;895,4658746696487;348,68600295783864;3060,8983048506047;3008,821663451899;3111,1726315293217;
28500;801,0163070003941;408,5965161384835;846,8010149873139;766,0363868976611;895,0787156993838;348,4833973041938;3060,8983048506047;3004,381252742056;3111,1726315293217;
28750;797,9464131893833;404,38240946800545;846,8010149873139;764,3792086392591;894,365255011252;348,4792710132604;3060,8983048506047;3004,381252742056;3111,1726315293217;
29000;793,6015818684089;403,2468685105793;846,8010149873139;762,583644391525;891,5314382662848;347,20880058551694;3060,8983048506047;3004,381252742056;3111,1726315293217;
29250;792,4402210222381;402,1310721723285;845,5434949329148;762,582908423829;885,7840759594068;346,9476822770532;3060,8983048506047;3004,381252742056;3111,1726315293217;
29500;791,8864151504537;399,3694955650652;845,1581256813729;761,765595185002;885,7840759594068;346,4040926218838;3060,8983048506047;2994,6454897366652;3111,1726315293217;
29750;790,2782926931918;399,33705937553174;845,1581256813729;759,5560671953036;885,7840759594068;345,6930370813365;3060,8983048506047;2989,15173664137;3111,1726315293217;
30000;790,0094515057812;396,67644071440816;844,9398304897996;759,0885429106238;885,7840759594068;345,6093617572121;3060,8983048506047;2989,15173664137;3111,1726315293217;
30250;789,1616649975699;394,5329495894974;842,8902601839976;756,0852958335331;885,7840759594068;345,5493084690204;3060,8983048506047;2989,15173664137;3111,1726315293217;
30500;789,0741485382736;394,41777630059624;841,296336908994;754,2936515949602;884,2787175150029;343,6172213031304;3060,8983048506047;2989,15173664137;3111,1726315293217;
30750;788,845300694492;393,5919349017126;840,7964460151379;751,67688551176;884,2787175150029;341,60062424715164;3060,8983048506047;2989,15173664137;3111,1726315293217;
31000;784,3419626680146;392,12140513503016;839,8468477663172;751,3594666870142;884,2787175150029;337,01197674910213;3060,8983048506047;2989,15173664137;3111,1726315293217;
31250;784,2812188956597;391,95285745810475;839,7067546411043;751,2759188696125;884,2787175150029;336,1696413916034;3060,8983048506047;2989,15173664137;3111,1726315293217;
31500;784,2019429935809;387,8525858065888;839,6694997239065;751,2605437969462;884,2787175150029;334,1412848011436;3060,8983048506047;2989,15173664137;3111,1726315293217;
31750;784,158292587044;387,74989811173475;839,1467155721697;750,6719605411585;884,2787175150029;333,85188722863643;3060,8983048506047;2989,15173664137;3111,1726315293217;
32000;784,154748128344;387,6843878496867;838,9205601170248;750,6676176733632;884,2787175150029;333,81794606578654;3060,8983048506047;2989,15173664137;3111,1726315293217;
32250;782,4379879383655;387,6705877905287;838,4725501349659;750,1379614474583;884,2787175150029;333,8164097177994;3060,8983048506047;2989,15173664137;3111,1726315293217;
32500;779,3930954901837;386,9379461142777;838,4567210781539;749,7526356992994;884,2787175150029;333,35300830025795;3060,8983048506047;2987,5073434569563;3111,1726315293217;
32750;778,9451226137436;384,2112424787516;838,4441183247429;749,5582295635838;884,2787175150029;329,57092701610037;3060,8983048506047;2984,2844693233196;3111,1726315293217;
33000;777,1438182101929;383,2478099780973;838,4299339079726;746,2255164056717;884,2787175150029;329,3375480290792;3060,8983048506047;2984,2844693233196;3111,1726315293217;
33250;776,6415461415953;383,2063897884779;838,4236414590787;746,2194351278074;884,2787175150029;329,2824419935595;3060,8983048506047;2984,2844693233196;3111,1726315293217;
33500;773,0245188895116;383,05649511268604;838,4166994122296;746,218042242937;880,9883767239465;329,2788850685613;3060,8983048506047;2974,8089152460225;3111,1726315293217;
33750;770,3094467150509;381,3488875503785;838,4161347505456;742,7959634797409;878,6327346896417;329,2788850685613;3060,8983048506047;2974,8089152460225;3111,1726315293217;
34000;766,0051873797305;380,5836641514532;836,2666306200643;742,2395802266695;877,1300142191224;329,2788850685613;3060,8983048506047;2974,8089152460225;3111,1726315293217;
34250;759,8292824195041;379,56079862897013;835,8959585050371;742,157159426209;875,5267357551337;329,2788850685613;3060,8983048506047;2974,8089152460225;3111,1726315293217;
34500;758,4513514721915;376,90228173764183;835,8959585050371;740,5791580274083;875,5267357551337;328,80934895634977;3060,8983048506047;2973,6388250534014;3111,1726315293217;
34750;757,7823921083025;374,2786411907453;834,3770871686266;740,5776459765876;875,2249059202071;326,7782712312961;3060,8983048506047;2973,6388250534014;3111,1726315293217;
35000;757,0318541897219;373,69865273765384;834,3770871686266;740,5771381154227;875,2249059202071;326,6470877469149;3060,8983048506047;2973,6388250534014;3111,1726315293217;
35250;756,1304919496964;371,6060058319983;834,2998203511376;740,5201663839699;875,2249059202071;326,59330695491116;3060,8983048506047;2968,231870444847;3111,1726315293217;
35500;751,890542174799;367,8471971305447;831,5556698105569;740,5070699178709;875,2249059202071;324,94891896949395;3060,8983048506047;2968,231870444847;3111,1726315293217;
35750;751,4132820449247;363,6385230150577;831,5418191608965;736,3900512314367;875,2249059202071;320,5557955780261;3060,8983048506047;2963,7951618664893;3111,1726315293217;
36000;751,2179178667699;362,2557702145707;831,5119352317835;734,0409804595643;875,2249059202071;317,30388178432275;3060,8983048506047;2958,0001950107276;3111,1726315293217;
36250;751,174186342016;362,2307102199877;827,6128846555387;731,6341190871253;875,2249059202071;315,7591228597778;3060,8983048506047;2958,0001950107276;3111,1726315293217;
36500;751,0514238301988;358,36501386124837;827,1754154331819;729,7099510156751;869,058713185247;315,24146988818444;3060,8983048506047;2958,0001950107276;3111,1726315293217;
36750;750,2741347298853;357,8515312674951;827,1754154331819;727,014641305926;867,0601494654702;313,8842234514093;3060,8983048506047;2958,0001950107276;3111,1726315293217;
37000;750,0931880318285;357,68272466197925;827,1754154331819;725,3657223282619;867,0601494654702;313,1996364569062;3060,8983048506047;2958,0001950107276;3111,1726315293217;
37250;747,0971628829955;357,6043145580972;827,1754154331819;725,0049134790665;867,0601494654702;304,80178836136946;3060,8983048506047;2958,0001950107276;3111,1726315293217;
37500;747,0702973943892;355,1851234414621;827,1754154331819;724,7548857052249;866,3384967743377;304,3687406928212;3060,8983048506047;2958,0001950107276;3111,1726315293217;
37750;742,5922738649298;355,14378574805704;823,9168848685088;724,5828166282743;860,9576254481424;303,715023155591;3060,8983048506047;2951,4279902192934;3111,1726315293217;
38000;742,390775724427;353,79975886278095;820,4414828906973;724,3927508478572;860,9576254481424;299,74686686638756;3060,8983048506047;2951,3006788536413;3111,1726315293217;
38250;740,703008193568;351,152887855324;820,0509320547836;724,3543154826391;860,9576254481424;299,6704810437868;3060,8983048506047;2951,3006788536413;3111,1726315293217;
38500;740,5704410542836;347,5928762054277;814,294283242487;724,3300828985807;860,9576254481424;299,6510228659553;3060,8983048506047;2951,3006788536413;3111,1726315293217;
38750;739,4721479079479;343,42511465469653;811,8233279347883;724,3210143591427;860,9576254481424;299,65102012676374;3060,8983048506047;2951,3006788536413;3111,1726315293217;
39000;731,9919812447165;337,649659742305;809,472939500096;724,3180676331187;858,3638490661459;299,6493194105202;3060,8983048506047;2951,3006788536413;3111,1726315293217;
39250;729,288611842139;333,9014778773673;803,8036506582055;724,2252654629492;856,0007371670208;298,6355364044759;3060,8983048506047;2951,3006788536413;3111,1726315293217;
39500;729,2609827467369;329,3354804091312;801,0973535943547;724,1284458585147;854,701106654558;293,4145321128736;3060,8983048506047;2951,3006788536413;3111,1726315293217;
39750;728,4369281826843;329,2578550593873;799,9245292715941;724,0432901951112;851,2442464363515;285,8391671661341;3060,8983048506047;2951,3006788536413;3111,1726315293217;
40000;727,7897896277427;328,497265346309;797,9654522476267;723,9487690625238;850,6622346259835;285,67313086106503;3060,8983048506047;2951,3006788536413;3111,1726315293217;
40250;723,8288430247577;325,9382210033988;797,319900514716;723,9082814870467;850,6622346259835;285,6692220686735;3060,8983048506047;2951,3006788536413;3111,1726315293217;
40500;723,6711645818541;325,4887076183963;796,9334385419238;723,8895676801118;850,6622346259835;285,6681914083265;3060,8983048506047;2951,3006788536413;3111,1726315293217;
40750;723,0159483364762;324,7670382710681;795,0400529246658;723,8895676801118;850,6622346259835;283,17068354175393;3060,8983048506047;2951,3006788536413;3111,1726315293217;
41000;722,5990571159838;320,37449146119684;794,9083035889547;719,2368699791801;850,6622346259835;282,09796499126367;3060,8983048506047;2951,3006788536413;3111,1726315293217;
41250;722,5538966411644;319,35338262686827;794,8315248370703;719,2368699791801;850,6622346259835;282,09796499126367;3060,8983048506047;2951,3006788536413;3111,1726315293217;
41500;722,1903415651942;319,3500875891124;794,7536948526299;718,3978538597952;850,6622346259835;281,7484992491847;3060,8983048506047;2951,3006788536413;3111,1726315293217;
41750;721,9942041747153;318,5468919425477;792,5230068656305;718,3323243570703;850,6622346259835;281,54034130164695;3060,8983048506047;2951,3006788536413;3111,1726315293217;
42000;718,4647741002577;318,5334386771002;791,2215688448039;718,2941955697239;850,6622346259835;281,4764432571757;3060,8983048506047;2951,3006788536413;3111,1726315293217;
42250;718,3689497557029;316,9179394663401;791,2159799533125;718,260979455729;850,6622346259835;281,4702276218915;3060,8983048506047;2951,3006788536413;3111,1726315293217;
42500;716,8750919169966;316,6077538221229;791,2159799533125;715,2424423970439;850,6622346259835;278,6614677369229;3060,8983048506047;2951,3006788536413;3111,1726315293217;
42750;716,4639142249825;315,4587380450378;791,2159799533125;713,033342682924;850,6622346259835;277,969404589902;3060,8983048506047;2951,3006788536413;3111,1726315293217;
43000;714,2471943889669;313,0017246555368;791,2159799533125;711,4693989908452;850,6622346259835;277,465808954698;3060,8983048506047;2951,3006788536413;3111,1726315293217;
43250;712,6171127665963;310,60772391661;791,2159799533125;710,4359860121192;850,6622346259835;276,62751555183485;3060,8983048506047;2951,3006788536413;3111,1726315293217;
43500;712,0208055424631;304,50714262392785;791,2159799533125;709,4844726079136;850,6622346259835;275,7878572229608;3060,8983048506047;2951,3006788536413;3111,1726315293217;
43750;711,6954722071293;300,7929893389965;791,2159799533125;709,2331482062615;850,6622346259835;273,1018298298247;3060,8983048506047;2951,3006788536413;3111,1726315293217;
44000;709,6689493103452;298,38216115451314;791,2159799533125;707,9005140031259;850,6622346259835;271,8564526576693;3060,8983048506047;2951,3006788536413;3111,1726315293217;
44250;709,6576843762589;289,28319099483633;791,2159799533125;707,7412609847923;850,6622346259835;270,9772704506059;3060,8983048506047;2951,3006788536413;3111,1726315293217;
44500;707,2573680342455;288,76601297463856;791,2159799533125;706,7287917371488;850,6622346259835;270,96414881789457;3060,8983048506047;2951,3006788536413;3111,1726315293217;
44750;705,554574086734;288,76601297463856;791,2159799533125;706,6845111415034;850,6622346259835;270,9310890213628;3060,8983048506047;2951,3006788536413;3111,1726315293217;
45000;705,3504759586126;287,94766048497326;790,7151523982469;706,6375859393771;850,6622346259835;268,9134543607221;3060,8983048506047;2951,3006788536413;3111,1726315293217;
45250;705,2933057043438;284,89680903510686;790,6776342767917;706,6160845700824;850,6622346259835;268,88845505833325;3060,8983048506047;2951,3006788536413;3111,1726315293217;
45500;704,6609299689163;280,63409073560234;790,6751104071664;706,5879712174731;850,6622346259835;268,87418176680706;3060,8983048506047;2951,3006788536413;3111,1726315293217;
45750;702,2674181516579;279,1223431090594;790,5148275333555;706,5761751440691;850,6622346259835;268,87418176680706;3060,8983048506047;2951,3006788536413;3111,1726315293217;
46000;697,8105553803415;277,28786813707876;789,6912204310851;706,5668123752113;849,2383174433135;268,87418176680706;3060,8983048506047;2951,3006788536413;3111,1726315293217;
46250;697,6934068363131;274,8903475504718;789,571055373188;706,5614453716205;849,2383174433135;268,87418176680706;3060,8983048506047;2945,634175373535;3111,1726315293217;
46500;696,7937826579123;273,9008888901493;789,571055373188;706,5560450195336;849,2383174433135;268,86830828199635;3060,8983048506047;2945,634175373535;3111,1726315293217;
46750;696,5939656367478;273,8395233359845;789,571055373188;704,2596204037368;849,2383174433135;268,86830828199635;3060,8983048506047;2945,634175373535;3111,1726315293217;
47000;694,8143491343071;273,6979206763919;789,571055373188;704,2586587247945;849,2383174433135;266,91646247229767;3060,8983048506047;2945,634175373535;3111,1726315293217;
47250;693,5528009351488;272,41150322623724;789,571055373188;704,0918404600565;849,2383174433135;265,69661987036596;3060,8983048506047;2938,9843251052375;3111,1726315293217;
47500;693,3065013059639;267,8465247108875;789,571055373188;703,1772363036929;848,9270629436828;265,3845833291831;3060,8983048506047;2938,9843251052375;3111,1726315293217;
47750;691,1264416847563;265,5208210027477;789,571055373188;702,7470805964913;848,9270629436828;265,359796917447;3060,8983048506047;2938,9843251052375;3111,1726315293217;
48000;691,0049027158068;265,1517151484128;789,571055373188;701,727334704166;848,9270629436828;260,0496492925243;3060,8983048506047;2938,9843251052375;3111,1726315293217;
48250;687,0933188842247;264,9390348809208;789,571055373188;700,9066194525649;848,9270629436828;258,9256781631973;3060,8983048506047;2938,9843251052375;3111,1726315293217;
48500;686,0576343476549;264,9031286089316;789,571055373188;696,9503277428614;848,9270629436828;258,90884836478637;3060,8983048506047;2929,009823415516;3111,1726315293217;
48750;685,8666617291095;264,68773905742927;789,571055373188;696,4897675404583;848,9270629436828;255,6877620632382;3060,8983048506047;2929,009823415516;3111,1726315293217;
49000;685,4594888947452;263,76573685982754;789,571055373188;696,4315295652526;848,9270629436828;253,7155016281937;3060,8983048506047;2929,009823415516;3111,1726315293217;
49250;685,2633487514242;261,2279628232743;789,571055373188;696,047436632635;848,9270629436828;253,3974644819899;3060,8983048506047;2929,009823415516;3111,1726315293217;
49500;685,2428735868591;258,35867991206976;789,571055373188;696,0392284653989;848,9270629436828;252,0919052399979;3060,8983048506047;2929,009823415516;3111,1726315293217;
49750;685,2327254578853;257,9653319407796;789,571055373188;696,0385729943772;848,9270629436828;251,00342044279515;3060,8983048506047;2929,009823415516;3111,1726315293217;
50000;685,2244758076059;256,69605186164955;789,571055373188;696,0384781082499;848,9270629436828;250,7064189757327;3060,8983048506047;2929,009823415516;3111,1726315293217;
50250;685,1934822258164;256,59158347496276;788,9227777067587;694,7652415407864;848,9270629436828;250,36572058229348;3060,8983048506047;2929,009823415516;3111,1726315293217;
50500;685,1459438036426;256,55980358313536;788,9171753728841;692,3285889948617;846,5109199223049;247,03319725849857;3060,8983048506047;2929,009823415516;3111,1726315293217;
50750;684,4421012961449;255,90572150350164;787,4773595949222;691,4536350128328;841,875677952141;245,74547443079948;3060,8983048506047;2927,037693271861;3111,1726315293217;
51000;684,0888755445116;255,52184678517145;787,4773595949222;686,2127773905012;841,6366151096757;245,71149246438353;3060,8983048506047;2927,037693271861;3111,1726315293217;
51250;683,8511266868207;254,2976744690122;787,4773595949222;685,553753880241;836,2878073045773;245,71144021857955;3060,8983048506047;2927,037693271861;3111,1726315293217;
51500;683,2837763646619;253,80818521525072;787,4773595949222;685,383033396245;836,2878073045773;245,71143808764265;3060,8983048506047;2927,037693271861;3111,1726315293217;
51750;682,9906611278765;253,71305859088235;787,4773595949222;682,2132206716719;836,2878073045773;245,71143808764265;3060,8983048506047;2927,037693271861;3111,1726315293217;
52000;679,5042568506875;253,66697726424886;787,4773595949222;680,489707458424;836,2878073045773;244,907071514967;3060,8983048506047;2927,037693271861;3111,1726315293217;
52250;679,2608406902411;253,63981084785286;787,4773595949222;678,4225650007008;836,2878073045773;244,907071514967;3060,8983048506047;2926,6139494255376;3111,1726315293217;
52500;677,5076277426866;253,63840172987636;787,4773595949222;678,3168524271877;836,2878073045773;244,02191493103706;3060,8983048506047;2926,6139494255376;3111,1726315293217;
52750;673,1841340903566;253,63840172987636;787,4773595949222;676,039458164085;833,6629961342874;244,0162603737182;3060,8983048506047;2926,6139494255376;3111,1726315293217;
53000;672,6437067913149;251,42688644606773;787,4773595949222;675,9934061759657;833,6629961342874;244,01588772249193;3060,8983048506047;2926,6139494255376;3111,1726315293217;
53250;672,5587739523511;251,42666181003355;787,4773595949222;675,479639918532;832,3767924484424;243,47674065475974;3060,8983048506047;2918,4284380775916;3111,1726315293217;
53500;672,5086838367716;251,41055156428388;787,4773595949222;675,4470162175893;832,3767924484424;242,35920426940027;3060,8983048506047;2918,4284380775916;3111,1726315293217;
53750;672,5015792354975;251,40919165508035;787,4773595949222;674,6986407462907;832,3767924484424;242,3394869738421;3060,8983048506047;2918,4284380775916;3111,1726315293217;
54000;668,1774025118617;250,72584528402083;787,4773595949222;674,6424889453799;832,3767924484424;242,33455496116684;3060,8983048506047;2918,4284380775916;3111,1726315293217;
54250;665,5630746303;250,0437643711813;787,4773595949222;674,2811016118123;832,3767924484424;241,7686613761645;3060,8983048506047;2918,4284380775916;3111,1726315293217;
54500;665,5196494406019;249,7703748281786;787,4773595949222;674,1597053097893;832,3767924484424;241,11981104101852;3060,8983048506047;2918,4284380775916;3111,1726315293217;
54750;664,8309947145385;246,70330899472873;786,3743520701973;674,1549253166208;832,3767924484424;241,1149762159922;3060,8983048506047;2918,4284380775916;3111,1726315293217;
55000;664,6768301336996;243,84898171805244;786,3743520701973;674,152732261629;832,3767924484424;241,11430823331426;3060,8983048506047;2918,4284380775916;3111,1726315293217;
55250;664,5162187376925;242,95409329005145;786,3743520701973;670,7163420129071;832,3767924484424;240,61009032368264;3060,8983048506047;2918,4284380775916;3111,1726315293217;
55500;664,3333504044106;242,91216139462048;786,3743520701973;670,4962002767716;832,3767924484424;240,61009032368264;3060,8983048506047;2918,4284380775916;3111,1726315293217;
55750;664,2776968621137;242,89836297366455;786,3743520701973;670,310650634169;832,3767924484424;239,92231386098257;3060,8983048506047;2918,4284380775916;3111,1726315293217;
56000;664,1725638488502;242,3508289440575;786,3743520701973;670,0299375336012;832,3767924484424;237,54003787901448;3060,8983048506047;2918,4284380775916;3111,1726315293217;
56250;663,0423953392134;242,34947986796294;785,6132484271869;669,8671671880332;832,3767924484424;237,33912323937187;3060,8983048506047;2918,4284380775916;3111,1726315293217;
56500;662,8535268683174;242,3488805621012;785,6082624483586;669,8446412236659;832,3767924484424;237,3289959839024;3060,8983048506047;2918,4284380775916;3111,1726315293217;
56750;661,5541990237358;242,34861401949004;784,3540431160081;669,1898439087921;832,3767924484424;237,32862158309334;3060,8983048506047;2916,1417503081257;3111,1726315293217;
57000;661,3811183920777;242,34861401949004;780,5619720163517;668,4605154241696;832,3767924484424;237,32862158309334;3060,8983048506047;2916,1417503081257;3111,1726315293217;
57250;659,8713156879505;242,34861401949004;779,583185746308;668,352156817474;832,3767924484424;236,4864001935534;3060,8983048506047;2905,781620321606;3111,1726315293217;
57500;659,2029187106991;242,2674351871796;773,2482733523327;668,188637828081;832,3767924484424;236,05987449091307;3060,8983048506047;2905,781620321606;3111,1726315293217;
57750;651,3683095652424;242,2674351871796;771,9885921351438;668,1770298762233;832,3767924484424;235,9000491573756;3060,8983048506047;2905,781620321606;3111,1726315293217;
58000;648,3217549172966;242,0246919780579;769,536110282147;667,6441956197928;832,3767924484424;235,7881812595929;3060,8983048506047;2905,781620321606;3111,1726315293217;
58250;648,221891992345;241,79699497386397;767,1392555644794;667,3723316426556;832,3767924484424;235,7667424206397;3060,8983048506047;2905,781620321606;3111,1726315293217;
58500;648,1530554051108;241,33795439835274;764,6572632443956;666,8351466634699;832,3767924484424;235,61060507539128;3060,8983048506047;2905,781620321606;3111,1726315293217;
58750;647,7675371371049;239,4608163193734;762,8278213647262;666,8335496639442;832,3767924484424;230,859039719991;3060,8983048506047;2905,781620321606;3111,1726315293217;
59000;647,1756417582933;237,1062317134413;760,051050348264;666,8311801764619;832,3767924484424;229,61717037094425;3060,8983048506047;2905,781620321606;3111,1726315293217;
59250;646,8335878173048;236,42933347012985;754,4848585947294;666,8311424337822;832,3767924484424;228,90858616784126;3060,8983048506047;2905,781620321606;3111,1726315293217;
59500;644,4677203740358;236,41927237257244;750,7442237528102;666,8311424337822;832,3767924484424;227,8955332678148;3060,8983048506047;2905,781620321606;3111,1726315293217;
59750;642,5613644951176;236,40623644153158;749,7028282078727;665,8337889943488;832,3767924484424;221,0804733131085;3060,8983048506047;2905,781620321606;3111,1726315293217;
60000;640,4992778680063;236,25244953690787;749,1722200907187;664,4113879036787;832,3767924484424;219,08921699523387;3060,8983048506047;2905,781620321606;3111,1726315293217;
60250;639,488215476333;236,08595898815852;748,1536415539496;664,2734231771782;832,3767924484424;218,55943807202647;3060,8983048506047;2905,781620321606;3111,1726315293217;
60500;638,5044676321841;235,87713998007735;747,9707262003985;664,2291443351301;829,5187169635168;218,5439361759983;3060,8983048506047;2905,781620321606;3111,1726315293217;
60750;638,0560310203934;235,87620180106808;747,3556552567305;664,2201266745064;829,5187169635168;218,53371321971775;3060,8983048506047;2905,781620321606;3111,1726315293217;
61000;637,5038148722299;234,92577407918515;747,1057271498166;660,9181114488326;829,5187169635168;218,53371321971775;3060,8983048506047;2905,781620321606;3111,1726315293217;
61250;637,0678945418831;234,84141466165354;745,9421864492845;660,605030188813;829,5187169635168;216,94105508924883;3060,8983048506047;2905,781620321606;3111,1726315293217;
61500;636,9608652143936;234,3364942586935;745,4784056008097;659,9521209436855;829,5187169635168;216,87492438717106;3060,8983048506047;2905,781620321606;3111,1726315293217;
61750;636,9448288692358;233,47529799317442;745,286185111385;658,0823413423;829,5187169635168;216,645185435721;3060,8983048506047;2905,781620321606;3111,1726315293217;
62000;636,9133232679128;231,61688197157105;745,0121362381497;658,0114882829552;828,7054845203644;216,51825481986214;3060,8983048506047;2905,781620321606;3111,1726315293217;
62250;636,690399328504;231,5280869092884;744,9230711001755;658,0029980478914;828,7054845203644;216,1248729002442;3060,8983048506047;2905,781620321606;3111,1726315293217;
62500;636,1128075110881;230,93898488015614;744,7881160283519;657,9569752744901;828,7054845203644;214,51454155336987;3060,8983048506047;2905,781620321606;3111,1726315293217;
62750;635,6830554258898;230,93898488015614;744,7683818967321;657,6261471904822;828,7054845203644;214,44775760504365;3060,8983048506047;2905,781620321606;3111,1726315293217;
63000;631,0016407112873;229,55674210285963;743,8550997018547;653,620564809585;828,7054845203644;214,44775760504365;3060,8983048506047;2894,9263728598653;3111,1726315293217;
63250;630,9290265149266;228,85512929279452;743,8438236003432;653,1684315636135;828,7054845203644;213,11729878835524;3060,8983048506047;2894,9263728598653;3111,1726315293217;
63500;630,9255970658651;228,1375018718862;743,0896643079462;653,0337879035317;828,7054845203644;211,3381398907378;3060,8983048506047;2894,9263728598653;3111,1726315293217;
63750;630,7393792294961;226,38134541976586;743,0309736681917;653,033035989285;828,7054845203644;210,53767516767792;3060,8983048506047;2894,9263728598653;3111,1726315293217;
64000;630,2127795639667;226,3797525166365;742,893363406747;652,997409616139;828,7054845203644;210,53758314817796;3060,8983048506047;2894,9263728598653;3111,1726315293217;
64250;630,210818834273;226,37533550145628;742,8921066626816;652,9909563526642;828,7054845203644;207,29844981071668;3060,8983048506047;2894,9263728598653;3111,1726315293217;
64500;628,3830223454552;226,37391217312194;741,6178419170174;652,9473520298144;828,7054845203644;206,27252160854084;3060,8983048506047;2894,9263728598653;3111,1726315293217;
64750;628,2730611034431;226,2962293839536;741,6177426414355;650,9582214927638;828,7054845203644;206,15754343692507;3060,8983048506047;2894,9263728598653;3111,1726315293217;
65000;628,2535005402015;226,2962293839536;741,4942277811693;650,5828710221763;828,7054845203644;206,12352614687566;3060,8983048506047;2894,9263728598653;3111,1726315293217;
65250;628,0943599232033;226,2962293839536;739,7569142946414;646,5850809060688;828,7054845203644;205,98108537574865;3060,8983048506047;2894,9263728598653;3111,1726315293217;
65500;628,0739022402781;226,2962293839536;739,7191960024207;646,5703659765877;828,7054845203644;205,17444275572313;3060,8983048506047;2894,9263728598653;3111,1726315293217;
65750;627,9089516476117;225,70212562996807;737,7475650446063;646,5078592938779;828,7054845203644;203,3569681420342;3060,8983048506047;2894,9263728598653;3111,1726315293217;
66000;627,8709441588412;225,08002262361413;736,6091754816933;646,5038872682023;828,7054845203644;203,02350476529304;3060,8983048506047;2894,9263728598653;3111,1726315293217;
66250;626,8164489370462;225,08002262361413;736,597291618047;646,5030477547555;828,7054845203644;202,5103816521624;3060,8983048506047;2894,9263728598653;3111,1726315293217;
66500;626,7758205452164;224,00472266231023;734,8706351384285;645,9356925918679;828,7054845203644;202,3132589532547;3060,8983048506047;2894,9263728598653;3111,1726315293217;
66750;625,5983485387799;223,32169776484588;733,5183474149577;645,0445770648156;828,7054845203644;202,25366592277467;3060,8983048506047;2894,9263728598653;3111,1726315293217;
67000;625,5771446709655;219,67373945823445;732,8300386856773;645,0444637672464;828,7054845203644;201,9260320411998;3060,8983048506047;2894,9263728598653;3111,1726315293217;
67250;624,9351457266749;217,0100256320692;732,0958328931385;645,0444231644705;828,7054845203644;201,92489772333397;3060,8983048506047;2894,9263728598653;3111,1726315293217;
67500;620,2516687920869;216,91959178488057;731,9837083592545;644,9581440827566;828,7054845203644;201,80243192230517;3060,8983048506047;2894,9263728598653;3111,1726315293217;
67750;620,2450661360228;216,79235011771732;730,1886398074862;644,9487566401184;828,7054845203644;201,78428083692393;3060,8983048506047;2894,9263728598653;3111,1726315293217;
68000;615,5649625254297;216,2308741986174;730,1553784835128;644,9329197690223;828,7054845203644;201,24151366128376;3060,8983048506047;2894,9263728598653;3111,1726315293217;
68250;613,1315231954105;216,2308741986174;730,1026660930115;644,9302691412857;828,7054845203644;200,85362293091706;3060,8983048506047;2894,9263728598653;3111,1726315293217;
68500;612,2973181406575;216,21907242997474;730,077315513491;644,9283444337059;828,7054845203644;200,16035798271542;3060,8983048506047;2894,9263728598653;3111,1726315293217;
68750;612,222850833427;214,5479340912282;729,9527690948311;644,8589883909532;828,7054845203644;200,15909932337883;3060,8983048506047;2894,9263728598653;3111,1726315293217;
69000;611,2484223144342;214,54010285541958;729,4967696038581;644,8574592996442;828,7054845203644;199,39549621340345;3060,8983048506047;2894,9263728598653;3111,1726315293217;
69250;608,016572136074;214,17659093563194;729,4967696038581;644,800993481053;828,7054845203644;199,39431514983923;3060,8983048506047;2894,9263728598653;3111,1726315293217;
69500;603,2717151817274;212,86440457595887;729,4967696038581;644,782002110553;828,7054845203644;199,39424685183192;3060,8983048506047;2894,9263728598653;3111,1726315293217;
69750;601,2089589123154;212,4664679762742;727,3243970892104;644,7819110467512;828,7054845203644;199,39415899739535;3060,8983048506047;2894,9263728598653;3111,1726315293217;
70000;600,910812104495;212,41989268735009;727,3243970892104;641,8408581165787;828,7054845203644;199,39415899739535;3060,8983048506047;2894,9263728598653;3111,1726315293217;
70250;600,7378833790185;209,79336191674395;727,3243970892104;640,5187468772602;828,7054845203644;199,29455171842164;3060,8983048506047;2894,7550373119752;3111,1726315293217;
70500;600,0224371349374;209,78744002746316;727,3243970892104;639,7763145886964;828,7054845203644;199,28586004652868;3060,8983048506047;2892,985111033968;3111,1726315293217;
70750;599,6129901707932;205,9688710600276;727,3243970892104;637,3459826859997;828,7054845203644;199,28538250475088;3060,8983048506047;2892,985111033968;3111,1726315293217;
71000;599,2719400686427;205,44524684828662;727,0863684688661;637,3397962615423;828,7054845203644;195,4424640283855;3060,8983048506047;2892,985111033968;3111,1726315293217;
71250;599,2104689705686;205,44506513121493;725,9375129787181;637,3085504331275;827,0728551825986;195,24177225076025;3060,8983048506047;2892,985111033968;3111,1726315293217;
71500;598,6439770627228;205,44506513121493;725,6882709125092;635,237958863217;827,0728551825986;195,24177225076025;3060,8983048506047;2891,9825140282624;3111,1726315293217;
71750;597,354800980413;205,44506513121493;725,5000301801755;632,6577780404223;823,954801875773;195,24177225076025;3060,8983048506047;2891,9825140282624;3111,1726315293217;
72000;597,1518815742453;205,42096969142725;722,9240988083707;628,6490679892911;823,954801875773;194,32137340550568;3060,8983048506047;2891,9825140282624;3111,1726315293217;
72250;597,1465600321119;201,7388474707777;722,3336715153541;628,2027056172868;822,1778013405934;194,31051730274444;3060,8983048506047;2891,9825140282624;3111,1726315293217;
72500;597,0778976186683;201,54042461448822;719,8720627146239;628,1203084887435;822,1778013405934;192,42666513071867;3060,8983048506047;2891,9825140282624;3111,1726315293217;
72750;596,5103079398953;199,2341846295199;719,6535023014035;627,9114535356814;822,1778013405934;192,42666513071867;3060,8983048506047;2891,9825140282624;3111,1726315293217;
73000;596,443417345605;198,6215834615611;719,5497364910995;627,1644532825574;822,1778013405934;192,42666513071867;3060,8983048506047;2891,9825140282624;3111,1726315293217;
73250;596,3543889204735;198,62078363062616;719,4853217113865;626,3020724526002;822,1778013405934;192,42666513071867;3060,8983048506047;2891,9825140282624;3111,1726315293217;
73500;596,3339113089537;198,61979894052223;719,3846729200786;625,6283357987516;822,1778013405934;192,42666299978177;3060,8983048506047;2891,9825140282624;3111,1726315293217;
73750;596,3277139351584;198,61979894052223;719,3681970439611;623,4213958641817;822,1778013405934;192,42666299978177;3060,8983048506047;2891,9825140282624;3111,1726315293217;
74000;596,3004251540675;198,6178409804513;719,3565785562525;620,6035587670679;822,1778013405934;192,42666299978177;3060,8983048506047;2891,9825140282624;3111,1726315293217;
74250;596,2977748878806;198,16087584942449;719,3554679433526;618,925941865837;822,1778013405934;192,42666299978177;3060,8983048506047;2891,9825140282624;3111,1726315293217;
74500;596,2942899657528;197,6445566778101;719,3554679433526;618,2375729158352;822,1778013405934;192,42666299978177;3060,8983048506047;2891,9825140282624;3111,1726315293217;
74750;594,1188330805197;197,50965173841826;719,1898878657275;617,6308191229161;822,1778013405934;192,42666299978177;3060,8983048506047;2891,9825140282624;3111,1726315293217;
75000;593,6913751769589;195,42221701540285;717,6669492894357;617,4664325532775;822,1778013405934;192,42666299978177;3060,8983048506047;2891,9825140282624;3111,1726315293217;
75250;593,2963449596155;194,83381158698373;717,6662524983126;617,2336586722281;822,1778013405934;192,42666299978177;3060,8983048506047;2891,9825140282624;3111,1726315293217;
75500;593,2841068603184;194,77105395432073;717,6662524983126;612,6993450256626;822,1778013405934;192,42666299978177;3060,8983048506047;2891,9825140282624;3111,1726315293217;
75750;593,2705257128238;194,76244580087004;717,6662524983126;610,8051895586275;822,1778013405934;192,42666299978177;3060,8983048506047;2891,9825140282624;3111,1726315293217;
76000;592,7838913643086;194,76172495311832;717,6662524983126;609,6125272486631;822,1778013405934;192,42666299978177;3060,8983048506047;2891,9825140282624;3111,1726315293217;
76250;592,7678115390836;194,76172495311832;717,6662524983126;608,3045723346553;822,1778013405934;192,42666299978177;3060,8983048506047;2891,9825140282624;3111,1726315293217;
76500;592,7595446929962;194,76172495311832;717,6662524983126;608,0397858799274;822,1778013405934;192,42666299978177;3060,8983048506047;2891,9825140282624;3111,1726315293217;
76750;592,58697903094;194,76172495311832;717,6662524983126;606,8265031412868;819,6907197662113;192,42666299978177;3060,8983048506047;2891,9825140282624;3111,1726315293217;
77000;592,58697903094;194,76172495311832;717,6662524983126;606,8048619276371;819,6907197662113;192,42666299978177;3060,8983048506047;2891,9825140282624;3111,1726315293217;
77250;592,5853822072218;194,39451895279402;717,6662524983126;606,484882250989;819,6907197662113;192,2864273745987;3060,8983048506047;2891,9825140282624;3111,1726315293217;
77500;592,5489791207663;194,38696892812578;717,6662524983126;606,4605467317367;819,6907197662113;192,27893224800587;3060,8983048506047;2891,9825140282624;3111,1726315293217;
77750;592,5294716424004;194,3693816083057;717,6662524983126;605,617267143816;818,7106086163529;192,2785013517556;3060,8983048506047;2891,9825140282624;3111,1726315293217;
78000;592,5283000357962;194,3693816083057;717,6662524983126;605,451108782512;818,7106086163529;192,2785013517556;3060,8983048506047;2891,9825140282624;3111,1726315293217;
78250;592,1314078288224;194,3693816083057;717,6662524983126;601,4274482935274;818,7106086163529;190,89737657144948;3060,8983048506047;2891,9825140282624;3111,1726315293217;
78500;591,8462586417628;194,3693816083057;717,6662524983126;599,3787096535158;818,7106086163529;182,17001957160304;3060,8983048506047;2891,9825140282624;3111,1726315293217;
78750;591,7049729322938;194,1985372539769;717,6662524983126;596,8458907011537;818,7106086163529;181,48649386932158;3060,8983048506047;2891,9825140282624;3111,1726315293217;
79000;588,0846870558595;194,1985372539769;717,6662524983126;596,6742029401515;818,7106086163529;181,48119613994925;3060,8983048506047;2891,9825140282624;3111,1726315293217;
79250;587,5122916813394;192,35759105419217;717,6662524983126;595,8049823855647;818,7106086163529;181,4809147711374;3060,8983048506047;2891,9825140282624;3111,1726315293217;
79500;587,356441763804;192,22110496459726;717,6662524983126;591,7456880460762;818,7106086163529;181,3240323543489;3060,8983048506047;2891,9825140282624;3111,1726315293217;
79750;587,1201545167845;191,9682587621212;717,6662524983126;591,7088029018826;818,7106086163529;179,34278299600513;3060,8983048506047;2891,9825140282624;3111,1726315293217;
80000;585,9157219015465;191,9682587621212;717,6662524983126;591,6985220334369;818,7106086163529;179,33693447017242;3060,8983048506047;2891,9825140282624;3111,1726315293217;
80250;585,373247712574;191,9682587621212;717,6662524983126;591,6968383287148;817,8521712064218;178,87325923357247;3060,8983048506047;2889,299271371052;3111,1726315293217;
80500;583,2179739380088;191,9682587621212;717,6662524983126;588,3830223931868;817,8521712064218;178,8678159680328;3060,8983048506047;2889,299271371052;3111,1726315293217;
80750;580,7251293065216;191,9682587621212;717,6662524983126;584,7440922958461;817,8521712064218;178,86775449994167;3060,8983048506047;2889,299271371052;3111,1726315293217;
81000;578,0316712594094;191,25303991193607;717,6662524983126;579,4694824042735;817,8521712064218;178,8676819019077;3060,8983048506047;2889,299271371052;3111,1726315293217;
81250;577,8697947355131;191,23327601658434;717,6662524983126;576,5956151458946;817,8521712064218;178,8676819019077;3060,8983048506047;2889,299271371052;3111,1726315293217;
81500;577,0476097606311;191,23327601658434;717,1443441201477;575,4473005110262;817,8521712064218;178,2013374400184;3060,8983048506047;2889,299271371052;3111,1726315293217;
81750;576,5779910419163;191,23327601658434;716,8715855146427;574,5165351880842;817,8521712064218;178,1948058490544;3060,8983048506047;2889,299271371052;3111,1726315293217;
82000;575,7184283823112;191,23327601658434;716,8715855146427;573,7521081659114;817,8521712064218;178,18928007979972;3060,8983048506047;2889,299271371052;3111,1726315293217;
82250;575,6924217726348;191,23327601658434;716,8715855146427;573,526535094673;812,0857215897477;178,18882903158863;3060,8983048506047;2889,299271371052;3111,1726315293217;
82500;575,5491435751331;191,23327601658434;716,8715855146427;573,4813083499066;812,0857215897477;178,18882903158863;3060,8983048506047;2889,299271371052;3111,1726315293217;
82750;575,530565410652;191,23213226385255;716,8715855146427;573,4707554427147;812,0857215897477;178,18882903158863;3060,8983048506047;2889,299271371052;3111,1726315293217;
83000;575,4002799861288;191,23213226385255;716,8715855146427;573,4631509911613;812,0857215897477;178,18882903158863;3060,8983048506047;2889,299271371052;3111,1726315293217;
83250;575,1722539711099;191,23213226385255;716,763428688408;573,4617024263449;812,0857215897477;178,18882903158863;3060,8983048506047;2889,299271371052;3111,1726315293217;
83500;574,4586506957036;191,23213226385255;716,7626115465605;572,7989170273381;812,0857215897477;178,18882903158863;3060,8983048506047;2889,299271371052;3111,1726315293217;
83750;574,362175113603;191,23213226385255;715,4695222511349;572,7982565868045;812,0857215897477;178,18882903158863;3060,8983048506047;2889,299271371052;3111,1726315293217;
84000;574,3448158307523;191,23213226385255;714,8543984845542;571,8635956728019;812,0857215897477;178,18882903158863;3060,8983048506047;2889,299271371052;3111,1726315293217;
84250;572,6371014285913;191,23213226385255;713,9518651516544;571,5027234538135;812,0857215897477;178,18882903158863;3060,8983048506047;2889,299271371052;3111,1726315293217;
84500;572,1981982681878;191,23213226385255;711,8657892969237;570,0017480293277;812,0857215897477;178,18882903158863;3060,8983048506047;2889,299271371052;3111,1726315293217;
84750;567,4188283692989;189,20502329491723;710,7712464762486;568,8632595969801;812,0857215897477;178,18882903158863;3060,8983048506047;2889,299271371052;3111,1726315293217;
85000;567,3980440493011;188,236891648478;710,5568365462996;568,161096585913;812,0857215897477;178,18882903158863;3060,8983048506047;2889,299271371052;3111,1726315293217;
85250;567,3774657341044;188,22002933764009;710,4917153521882;566,1922226053557;812,0857215897477;178,18882903158863;3060,8983048506047;2889,299271371052;3111,1726315293217;
85500;567,2693283269246;188,21421062250522;710,4208144637487;566,0255253589041;812,0857215897477;178,18882903158863;3060,8983048506047;2889,299271371052;3111,1726315293217;
85750;566,7426301077504;188,21013528052802;710,3897152648283;565,8655253441583;812,0857215897477;178,18882903158863;3060,8983048506047;2889,299271371052;3111,1726315293217;
86000;566,7421307097916;187,8032463006241;707,7972331489708;564,1990658641637;812,0857215897477;174,1098766119194;3060,8983048506047;2889,299271371052;3111,1726315293217;
86250;566,7385761054453;185,23210290151167;707,5762449463385;562,5330064295963;812,0857215897477;173,9685384956496;3060,8983048506047;2889,299271371052;3111,1726315293217;
86500;566,7385761054453;184,56695429963253;707,5754405207834;562,1059006235229;812,0857215897477;173,9685384956496;3060,8983048506047;2889,299271371052;3111,1726315293217;
86750;566,7331198000982;184,5508141125798;705,2687869624533;561,5398447947495;812,0857215897477;173,9685384956496;3060,8983048506047;2889,299271371052;3111,1726315293217;
87000;566,032791416031;184,49416010047912;705,2687869624533;556,7876758556146;812,0857215897477;173,9685384956496;3060,8983048506047;2889,299271371052;3111,1726315293217;
87250;566,0327226547458;183,4312668558619;705,2687869624533;556,6142663070517;812,0857215897477;173,9685384956496;3060,8983048506047;2889,299271371052;3111,1726315293217;
87500;565,5393103420433;182,2385433679233;705,268260836162;556,0938417437749;812,0857215897477;173,9685384956496;3060,8983048506047;2889,299271371052;3111,1726315293217;
87750;565,2282909409264;182,18317987627177;703,1930916882404;556,0699138916841;812,0857215897477;173,9685384956496;3060,8983048506047;2889,299271371052;3111,1726315293217;
88000;564,2766625656507;180,55697205851848;703,1930916882404;556,0486626603684;812,0857215897477;173,7833865839575;3060,8983048506047;2889,299271371052;3111,1726315293217;
88250;563,827266366074;180,34353759103342;703,1930916882404;556,0431577420893;812,0857215897477;173,10151857843982;3060,8983048506047;2889,299271371052;3111,1726315293217;
88500;562,6086139409604;180,34353759103342;703,1930916882404;555,9065990753746;812,0857215897477;170,82714711921213;3060,8983048506047;2889,299271371052;3111,1726315293217;
88750;558,748721674697;180,32865876279953;703,1930916882404;555,2567786343367;812,0857215897477;170,82589594988818;3060,8983048506047;2889,299271371052;3111,1726315293217;
89000;558,6492103390375;180,32568570719795;701,5005385564218;555,2161625030683;810,2444966893906;170,82589594988818;3060,8983048506047;2889,299271371052;3111,1726315293217;
89250;558,6429416578003;180,32482609879455;700,3381820644049;553,362616921342;810,2444966893906;170,27948989554028;3060,8983048506047;2889,299271371052;3111,1726315293217;
89500;558,6417070082816;180,32262411624325;699,0413272418086;552,6717032914632;810,2444966893906;170,16245138368842;3060,8983048506047;2889,299271371052;3111,1726315293217;
89750;558,5650145368081;180,32262411624325;698,1793051284029;550,4458752825216;810,2444966893906;170,10197770383144;3060,8983048506047;2889,299271371052;3111,1726315293217;
90000;556,637408690159;180,32262411624325;697,1502866067157;549,331603669427;810,2444966893906;170,08933986908048;3060,8983048506047;2889,299271371052;3111,1726315293217;
90250;555,657282948762;180,32262411624325;697,0745183148954;547,218654578592;810,2444966893906;167,90324607639684;3060,8983048506047;2889,299271371052;3111,1726315293217;
90500;555,6091382337486;180,32262411624325;696,8098708796601;546,2561946037554;810,2444966893906;167,90324607639684;3060,8983048506047;2889,299271371052;3111,1726315293217;
90750;555,6089940566244;180,32262411624325;696,6733371535584;546,169704255641;810,2444966893906;164,86897400752667;3060,8983048506047;2889,299271371052;3111,1726315293217;
91000;555,2316061908784;180,32262411624325;696,6318648133174;546,1186767417217;810,2444966893906;164,8448052782748;3060,8983048506047;2889,299271371052;3111,1726315293217;
91250;554,4714705036797;179,7885332032921;696,595465449566;545,9609045409859;810,2444966893906;164,83653518863565;3060,8983048506047;2889,299271371052;3111,1726315293217;
91500;553,8322876517273;179,7885332032921;696,5742374077064;545,9505290347746;810,2444966893906;164,05442675268105;3060,8983048506047;2889,299271371052;3111,1726315293217;
91750;553,7672229362081;175,81844418261508;696,5742374077064;540,1750945713572;810,2444966893906;164,01273546146498;3060,8983048506047;2889,299271371052;3111,1726315293217;
92000;553,7478330907184;175,37183465152646;696,5742374077064;540,1746604259571;810,2444966893906;164,0124612111304;3060,8983048506047;2889,299271371052;3111,1726315293217;
92250;553,5794954399776;175,352872513178;696,5742374077064;540,1744731451548;810,2444966893906;164,0124612111304;3060,8983048506047;2889,299271371052;3111,1726315293217;
92500;553,4969658745281;173,7986843857988;696,5742374077064;540,1301314724877;810,2444966893906;164,0124612111304;3060,8983048506047;2889,299271371052;3111,1726315293217;
92750;553,463761487433;173,7986843857988;696,5742374077064;540,0349147029688;810,2444966893906;164,0124612111304;3060,8983048506047;2889,299271371052;3111,1726315293217;
93000;553,4480588668936;173,7986843857988;696,5742374077064;540,0349111980117;810,2444966893906;164,0124604749518;3060,8983048506047;2889,299271371052;3111,1726315293217;
93250;552,9388804509551;173,79605762768432;696,5742374077064;540,0338265703429;810,2444966893906;164,0124604749518;3060,8983048506047;2889,299271371052;3111,1726315293217;
93500;552,6765346962234;173,79563799969307;696,5742374077064;540,0335335113703;810,2444966893906;163,91672343016845;3060,8983048506047;2889,299271371052;3111,1726315293217;
93750;552,2359627884193;173,79563799969307;696,5742374077064;540,0331652345817;810,2444966893906;159,73599958000287;3060,8983048506047;2889,299271371052;3111,1726315293217;
94000;551,9820685382922;173,79563799969307;696,5742374077064;540,0331048635659;804,383804456216;159,64437562030423;3060,8983048506047;2889,299271371052;3111,1726315293217;
94250;551,2519710612481;173,79563799969307;696,5742374077064;540,0330526938125;803,93257894766;159,50722715695412;3060,8983048506047;2889,299271371052;3111,1726315293217;
94500;551,1780852697088;173,79563799969307;696,5742374077064;540,033046520501;803,7396421662146;159,1328837344985;3060,8983048506047;2889,299271371052;3111,1726315293217;
94750;551,1514689068641;173,79563799969307;692,5306251732125;540,0330452741122;803,7396421662146;158,8531557150245;3060,8983048506047;2889,299271371052;3111,1726315293217;
95000;551,0054708907037;173,79563799969307;692,5265427408002;536,7515591580005;803,7396421662146;158,32392399554013;3060,8983048506047;2889,299271371052;3111,1726315293217;
95250;548,3421450689542;173,79563799969307;691,1669824007823;536,7515591580005;803,7396421662146;158,19732420321304;3060,8983048506047;2889,299271371052;3111,1726315293217;
95500;546,4031426886643;173,79563799969307;690,8853704571842;536,7515591580005;803,7396421662146;158,1926066257326;3060,8983048506047;2889,299271371052;3111,1726315293217;
95750;545,9223537598574;173,79563799969307;690,642192947048;532,8742011247368;803,7396421662146;157,65629476241546;3060,8983048506047;2889,299271371052;3111,1726315293217;
96000;545,9153233337298;173,79563799969307;690,5202765331549;532,8741544702343;803,7396421662146;156,0179406371293;3060,8983048506047;2889,299271371052;3111,1726315293217;
96250;541,2172430464609;173,79563799969307;690,397701149517;532,6080729120033;798,1192417177836;155,79184222106068;3060,8983048506047;2889,299271371052;3111,1726315293217;
96500;540,5747539726751;173,79563799969307;690,3628280373086;532,6080704191686;796,3692498827061;155,79100648858747;3060,8983048506047;2889,299271371052;3111,1726315293217;
96750;539,8885163017993;173,70619138199024;690,3305152641555;530,9616442705516;795,9487011767783;155,79099877892827;3060,8983048506047;2889,299271371052;3111,1726315293217;
97000;539,7459630563694;173,70619138199024;690,30815382354;528,4757999491111;795,5579077903033;155,79099877892827;3060,8983048506047;2889,299271371052;3111,1726315293217;
97250;539,6924556582561;173,70619138199024;690,2965381207971;526,8488861893333;795,5579077903033;152,56470064621084;3060,8983048506047;2889,299271371052;3111,1726315293217;
97500;539,6298363249574;173,70619138199024;690,2825872350409;526,7392407013208;795,5579077903033;152,21400497160147;3060,8983048506047;2889,299271371052;3111,1726315293217;
97750;539,6102738726925;173,70619138199024;690,2825872350409;526,719689425328;795,1233592131305;152,14801947284568;3060,8983048506047;2889,299271371052;3111,1726315293217;
98000;539,5992265606706;172,469776505384;690,2825872350409;526,6969857759998;793,3029268753609;152,14801947284568;3060,8983048506047;2889,299271371052;3111,1726315293217;
98250;539,5756730010639;172,2335200065854;690,2825872350409;526,693297099884;793,3029268753609;152,14801947284568;3060,8983048506047;2889,299271371052;3111,1726315293217;
98500;539,4655415277266;172,14314865436006;690,2825872350409;526,0451288783956;793,3029268753609;151,8119525047935;3060,8983048506047;2889,299271371052;3111,1726315293217;
98750;537,5237386562127;171,85004542370046;690,2825872350409;525,7211499669262;793,3029268753609;151,25392140478667;3060,8983048506047;2889,299271371052;3111,1726315293217;
99000;537,3035469767769;169,56389609017748;690,2766013130457;525,3116572813099;793,3029268753609;151,25368426444055;3060,8983048506047;2889,299271371052;3111,1726315293217;
99250;537,3010280847597;168,13401044583338;690,2766013130457;525,3010762841686;793,3029268753609;151,25368426444055;3060,8983048506047;2889,299271371052;3111,1726315293217;
99500;537,2614377976282;168,00714088204873;690,0562475211633;525,297001049305;793,3029268753609;151,25368426444055;3060,8983048506047;2889,299271371052;3111,1726315293217;
99750;537,0871478941411;168,00714088204873;690,0562475211633;525,2946761362733;793,3029268753609;151,25368426444055;3060,8983048506047;2889,299271371052;3111,1726315293217;
100000;536,4768714419636;168,00714088204873;689,9546531391852;525,2903092217032;793,3029268753609;151,25368426444055;3060,8983048506047;2889,299271371052;3111,1726315293217;