std;GEOreal1;AGEO1real1;AGEO2real1;
0,1;1;2468,413561630291;2373,5342885016876;2648,634042314062;
0,2;2;2275,892229155379;2224,9559005373317;2340,6756660608644;
0,5;5;2334,310981978979;2365,61853595816;2567,864433955911;
1;10;2242,581605968044;1930,7072445303086;2310,564088787486;
2;20;1585,5722371871918;1729,8771174764554;1758,4346619638309;
5;50;1888,779622790798;2100,3923246808185;1864,7154148202558;
10;100;2655,2183238625507;2554,9378763324503;2494,301666634701;
20;200;2945,548268867206;3079,2857562382774;2753,580421145887;
50;500;3429,347187841082;3169,669391999034;3039,9826725430307;
100;1000;2678,1029757149354;2850,008617632657;2856,788265799727;