Rodando!
============================================================================
Função: Griewangk
============================================================================
1,2;0,1;0,347343877489994;0,324409281021824;
2,4;0,2;0,317824083520628;0,0780691349826098;
6;0,5;0,511601334980063;0,190863865294014;
12;1;0,75311206303562;0,328608105579686;
24;2;1,03722296013907;0,519312792610904;
60;5;1,52152316540733;0,880891973767317;
120;10;3,024613919324;1,12293895080298;
240;20;9,59469455598625;1,54657784221022;
600;50;52,8413664234696;4,65865959879535;
1200;100;190,605060194415;15,9832286269505;
============================================================================
Função: Rastringin
============================================================================
0,01024;0,1;166,309288666488;166,446823642275;
0,02048;0,2;169,096374097826;168,689322665183;
0,0512;0,5;178,461525917587;180,908280281166;
0,1024;1;109,550960235851;157,383245193126;
0,2048;2;37,7730350188058;25,4971282972059;
0,512;5;30,5475112637471;2,97282404862813;
1,024;10;34,496707145904;4,68623761887978;
2,048;20;54,9375174307097;8,63187473237623;
5,12;50;129,327965387636;19,9674875986889;
10,24;100;212,105424600143;39,4658776451621;
============================================================================
Função: Rosenbrock
============================================================================
0,004096;0,1;0,00015767053857112;1,52321837646469E-05;
0,008192;0,2;2,45166057933858E-06;1,2329235015023E-06;
0,02048;0,5;1,65133762721783E-05;6,3059003589138E-06;
0,04096;1;3,9726335147199E-05;1,66152150679795E-05;
0,08192;2;0,000139700279159479;3,84504723501006E-05;
0,2048;5;0,000604528702292675;0,000364576912077412;
0,4096;10;0,00211831362750198;0,00110154502377912;
0,8192;20;0,00715738478330712;0,0040439156831051;
2,048;50;0,0523061558191762;0,0537540299945996;
4,096;100;0,412364197188932;0,234714322472731;
============================================================================
Função: Schwefel
============================================================================
1;0,1;1955,96682491826;1976,69462492607;
2;0,2;1805,05530493161;1817,18975093518;
5;0,5;1993,7197060126;2003,3772683915;
10;1;1762,73158940948;1916,24178729279;
20;2;1150,31692140196;1497,65904843509;
50;5;1120,22340946613;544,71947259247;
100;10;1215,27120226321;361,141760223125;
200;20;1455,87944044236;479,723347498187;
500;50;2117,87829851963;732,855546240318;
1000;100;3354,18965081522;1179,50821198912;
============================================================================
Função: Ackley
============================================================================
0,06;0,1;19,3717856338167;19,3290875391198;
0,12;0,2;19,515281182866;19,3554358047561;
0,3;0,5;19,672611043148;19,2382192235918;
0,6;1;19,4927762582918;0,194589583171246;
1,2;2;13,8533041244134;0,41261406724578;
3;5;6,89826627314068;1,25194801833054;
6;10;10,4270445482697;2,55836480163721;
12;20;15,9140028563963;3,88330790777942;
30;50;20,538370599919;7,10684964429494;
60;100;20,867650293829;11,1566066182891;


Execution Time: 1004870 ms
Done
