===> Médias para cada NFOB:
NFOB;GEO;GEOvar;AGEO1;AGEO2;AGEO1var;AGEO2var
10000;14,88160209055538;1,3432875873853447;16,93363544142713;17,303294362314347;2,3388374469198565;1,6568719605464628
20000;8,291757202038076;1,0852149482202342;10,809726296990629;10,933954168540968;2,3388374469198565;1,4960910025044174
30000;4,511324892817107;0,9381871854224398;7,220315010735627;6,701271062666135;2,3388374469198565;1,3399725811711147
40000;2,487132245801036;0,8132047252949929;5,361091197003866;4,107584617749716;2,3388374469198565;1,2400932695508777
50000;1,2691814845832652;0,6361575493067698;4,599065163575862;2,633892513100723;2,3388374469198565;1,2063748587543037
60000;0,6187433955127396;0,4331776768803976;4,083333473827555;1,538249652250806;2,3388374469198565;1,1726434658009657
70000;0,4644574913119387;0,40055667935083056;3,8952988384510707;0,8648643604739283;2,3388374469198565;1,1374104816660544
80000;0,4233310812753861;0,26421167920917277;3,8021867777489033;0,6050774451260109;2,3388374469198565;1,0969197173654048
90000;0,4096520714461924;0,18264359061113278;3,7849515310882693;0,5039284060953927;2,3388374469198565;1,0661331395264262
100000;0,4047763490306496;0,14939411949361567;3,7842733054798328;0,45734304813348986;2,3388374469198565;1,0210503026117839
110000;0,40301464435357665;0,11890535839803312;3,7842733054798328;0,4394883076263639;2,3388374469198565;0,9238085451899204
120000;0,4028301126156811;0,06565206372126126;3,7842733054798328;0,42979406444622276;2,3381319778339336;0,8583601659104549
130000;0,4028301126156811;0,03577862840832257;3,7842733054798328;0,39528412931247564;2,3381319778339336;0,8555514334211106
140000;0,4028301126156811;0,03353423086508694;3,7842733054798328;0,3882097926931731;2,3381319778339336;0,8526732995605601
150000;0,4028301126156811;0,005620790927811905;3,7842733054798328;0,3850456391734843;2,3381319778339336;0,8318648094859824
160000;0,4028301126156811;0,005567772373081272;3,7842733054798328;0,38449199195625733;2,3381319778339336;0,7957451222469301
170000;0,4028301126156811;0,005487971145534507;3,7842733054798328;0,38449196223008036;2,3381319778339336;0,7851056128709853
180000;0,4028301126156811;0,005364309574816098;3,7842733054798328;0,3815995691269391;2,3381319778339336;0,7260361918288134
190000;0,4028301126156811;0,005350476329293272;3,7842733054798328;0,38159930078831017;2,3381319778339336;0,7210068616005221
200000;0,4028301126156811;0,00532972736069695;3,7842733054798328;0,3815992825711706;2,3381319778339336;0,6913446983214664
210000;0,4028301126156811;0,005301796868356963;3,7842733054798328;0,3696256264411703;2,3381319778339336;0,6563430530353276
220000;0,4028301126156811;0,0052906239355638715;3,7842733054798328;0,34303678676616267;2,3381319778339336;0,6492406311371889
230000;0,4028301126156811;0,005286180366000597;3,7842733054798328;0,31964521396709655;2,3381319778339336;0,608473429113062
240000;0,4028301126156811;0,005250460858451493;3,7842733054798328;0,31948424866462344;2,3381319778339336;0,5820060807610824
250000;0,4028301126156811;0,005228971516323142;3,7842733054798328;0,31879479616303336;2,3381319778339336;0,5562523905421868
260000;0,4028301126156811;0,0052104187603095745;3,7842733054798328;0,31878975643390794;2,3381319778339336;0,534221492906754
270000;0,4028301126156811;0,0052066426252477885;3,7842733054798328;0,31878432655372874;2,3381319778339336;0,5233556689592743
280000;0,4028301126156811;0,005163063441938673;3,7842733054798328;0,31651898628709113;2,3381319778339336;0,5233506229938838
290000;0,4028301126156811;0,005130828125092348;3,7842733054798328;0,31651317862474115;2,3381319778339336;0,5229266760942668
300000;0,4028301126156811;0,005113469867220317;3,7842733054798328;0,3165075296266577;2,3381319778339336;0,5229223003086937
310000;0,4028301126156811;0,005110095247058766;3,7842733054798328;0,31329905926487833;2,3381319778339336;0,5229223003086937
320000;0,4028301126156811;0,0051084199968311865;3,7296531494410385;0,3132867698647669;2,3381319778339336;0,5228897207033187
330000;0,4028301126156811;0,0050484487479902284;3,5575804496625314;0,3132811010666829;2,3381319778339336;0,4730940869612942
340000;0,4028301126156811;0,0050448022099045175;3,532433247563723;0,3132805352789947;2,3381319778339336;0,44117366294461724
350000;0,4028301126156811;0,005044802203951555;3,5054212641454523;0,3068982881077203;2,3381319778339336;0,42738175298346703
360000;0,4028301126156811;0,005037505907092053;3,4762775399553787;0,30437960365170447;2,3381319778339336;0,39088395266289716
370000;0,4028301126156811;0,005031832586562102;3,475447750505982;0,2984606637862777;2,3381319778339336;0,3907746663091251
380000;0,4028301126156811;0,005028056457453278;3,475447750505982;0,2579178577800312;2,3381319778339336;0,3875354607760316
390000;0,4028301126156811;0,0050242803085011455;3,475447750505982;0,24486940430849458;2,3381319778339336;0,37708972197618296
400000;0,4028301126156811;0,004976438742704854;3,3831168400758873;0,23746797219022284;2,3381319778339336;0,3489358888017586
410000;0,4028301126156811;0,004976438742704854;3,3656791102425414;0,19141808483486222;2,3381319778339336;0,3469549608574314
420000;0,4028301126156811;0,004947154485194902;3,3656791102425414;0,1912990501939985;2,3381319778339336;0,3068320682988491
430000;0,4028301126156811;0,004932122293876766;3,3656791102425414;0,1880952186705833;2,3381319778339336;0,30360596298155995
440000;0,4028301126156811;0,0049288834088151035;3,3656791102425414;0,1880952186705833;2,3381319778339336;0,29174433310418435
450000;0,4028301126156811;0,0049288834088151035;3,3656791102425414;0,18305753378634848;2,3381319778339336;0,2916094709914998
460000;0,4028301126156811;0,004921375538146418;3,3656791102425414;0,16131748401790452;2,3381319778339336;0,2916094709914998
470000;0,4028301126156811;0,004921375538146418;3,3656791102425414;0,15889166301210622;2,3381319778339336;0,28413016716778516
480000;0,4028301126156811;0,0049195967323231215;3,3656791102425414;0,1588660906915157;2,3381319778339336;0,21946494120159168
490000;0,4028301126156811;0,004904677780378135;3,3656791102425414;0,15886575004361927;2,3381319778339336;0,19342933742973434
500000;0,4028301126156811;0,004895929259566607;3,3656791102425414;0,15886575004361927;2,3381319778339336;0,191960655082685
510000;0,4028301126156811;0,004895929259566607;3,3598560535816113;0,15886575004361927;2,3381319778339336;0,19021482247585067
520000;0,4028301126156811;0,004854487624392432;3,3548753638743096;0,15886575004361927;2,3381319778339336;0,1901463314378911
530000;0,4028301126156811;0,004838688861651939;3,299906833149282;0,15653659015601618;2,3381319778339336;0,1869219313180017
540000;0,4028301126156811;0,004808332934884474;3,2278973229997314;0,1339680024094778;2,3381319778339336;0,16023637894904144
550000;0,4028301126156811;0,004808332934884474;3,2030974598797615;0,13209393772617048;2,3381319778339336;0,15714068215586846
560000;0,4028301126156811;0,004770636457691681;3,2030974598797615;0,13209393772617048;2,3381319778339336;0,13378844896075187
570000;0,4028301126156811;0,004770636457691681;3,2030974598797615;0,13209393772617048;2,3381319778339336;0,13378844896075187
580000;0,4028301126156811;0,004770636457691681;3,2030974598797615;0,10781052163749788;2,3381319778339336;0,1257714648841371
590000;0,4028301126156811;0,004756806473963211;3,2030974598797615;0,10538655384844678;2,3381319778339336;0,1257624795482917
600000;0,4028301126156811;0,004756806473963211;3,2030974598797615;0,10270682645257423;2,3381319778339336;0,12205717449472012
610000;0,4028301126156811;0,004748117549097311;3,2030974598797615;0,10269162784311474;2,3381319778339336;0,12205717449472012
620000;0,4028301126156811;0,004744196414736343;3,2030974598797615;0,10269156426838506;2,3381319778339336;0,09951085670435482
630000;0,4028301126156811;0,004744196414736343;3,2030974598797615;0,10269156426838506;2,3381319778339336;0,09937924512597189
640000;0,4028301126156811;0,004744196414736343;3,2030974598797615;0,10269156426838506;2,3381319778339336;0,09937924512597189
650000;0,4028301126156811;0,0047328525953218925;3,2030974598797615;0,10269156426838506;2,3381319778339336;0,09928083602369372
660000;0,4028301126156811;0,004720007911255717;3,2030974598797615;0,10268983984966501;2,3381319778339336;0,09903316076612534
670000;0,4028301126156811;0,004720007911255717;3,2030974598797615;0,10268974922268423;2,3381319778339336;0,09903316076612534
680000;0,4028301126156811;0,004720007911255717;3,2030974598797615;0,10268974922268423;2,3381319778339336;0,09903315582188313
690000;0,4028301126156811;0,004710290020674144;3,2030974598797615;0,10268974922268423;2,3381319778339336;0,09903315582188313
700000;0,4028301126156811;0,004691992368085715;3,2030974598797615;0,10268974922268423;2,3381319778339336;0,09903315582188313
710000;0,4028301126156811;0,004691992368085715;3,2030974598797615;0,09982658094799858;2,3227741977874223;0,09903315582188313
720000;0,4028301126156811;0,004691992368085715;3,2030974598797615;0,09979721633833204;2,3227741977874223;0,09903315582188313
730000;0,4028301126156811;0,004691992368085715;3,2030974598797615;0,09979721633833204;2,3227741977874223;0,09903315582188313
740000;0,4028301126156811;0,00468781724255126;3,2030974598797615;0,09979721633833204;2,3227741977874223;0,09148165311245847
750000;0,4028301126156811;0,00468781724255126;3,2030974598797615;0,09979721633833204;2,3227741977874223;0,09146406655388478
760000;0,4028301126156811;0,004679460536685225;3,2030974598797615;0,09979721633833204;2,3227741977874223;0,0914640162999644
770000;0,4028301126156811;0,004679460536685225;3,2030974598797615;0,09979721633833204;2,3227741977874223;0,08968695353032775
780000;0,4028301126156811;0,004656121866598894;3,2030974598797615;0,09979721633833204;2,3227741977874223;0,08494634063073583
790000;0,4028301126156811;0,0046469204253297034;3,2030974598797615;0,09979721633833204;2,3227741977874223;0,08439203730578637
800000;0,4028301126156811;0,004635777598524875;3,2030974598797615;0,09979721633833204;2,3227741977874223;0,08437149535428176
810000;0,4028301126156811;0,0046199246260365005;3,2030974598797615;0,09979721633833204;2,3227741977874223;0,08437149535428176
820000;0,4028301126156811;0,0046199246260365005;3,2030974598797615;0,09979721633833204;2,3227741977874223;0,08436660870214066
830000;0,4028301126156811;0,004603367693962097;3,2030974598797615;0,09979721633833204;2,3227741977874223;0,08435021085141774
840000;0,4028301126156811;0,004603367693962097;3,2030974598797615;0,09979721633833204;2,3227741977874223;0,08435021085141774
850000;0,4028301126156811;0,004594816782854663;3,2030974598797615;0,09979721633833204;2,3227741977874223;0,08435021085141774
860000;0,4028301126156811;0,004582794721673346;3,2030974598797615;0,09979721633833204;2,3227741977874223;0,07653681257459262
870000;0,4028301126156811;0,004582794721673346;3,2030974598797615;0,09979721633833204;2,3227741977874223;0,05898036306721366
880000;0,4028301126156811;0,004564747616089742;3,2030974598797615;0,09659341946917896;2,304497542916274;0,057624368622539016
890000;0,4028301126156811;0,004564747616089742;3,2030974598797615;0,09659341946917896;2,304497542916274;0,057624368622539016
900000;0,4028301126156811;0,004548453735648463;3,2030974598797615;0,09415911949796552;2,304497542916274;0,05696078092089351
910000;0,4028301126156811;0,004548453735648463;3,2030974598797615;0,09415846423662122;2,304497542916274;0,056951917155136034
920000;0,4028299738797872;0,004544181916388448;3,2030974598797615;0,09415846423662122;2,304497542916274;0,056951917155136034
930000;0,4028299738797872;0,004542310925736235;3,2030974598797615;0,09415846423662122;2,304497542916274;0,056951917155136034
940000;0,4028299738797872;0,004542310925736235;3,2030974598797615;0,09415846423662122;2,304497542916274;0,05695191715513603
950000;0,4028299738797872;0,004542310925736235;3,2030974598797615;0,09415846423662122;2,304497542916274;0,05652450373693679
960000;0,4028299738797872;0,004522982973013523;3,2030974598797615;0,09415846423662122;2,304497542916274;0,05652450373693679
970000;0,4028299738797872;0,004522982973013523;3,2030974598797615;0,09415846423662122;2,304497542916274;0,05652450373693679
980000;0,4028299738797872;0,004522982973013523;3,2030974598797615;0,09415846423662122;2,304497542916274;0,05520608396728698
990000;0,4028299738797872;0,0045031490125245184;3,2030974598797615;0,09415355458306102;2,304497542916274;0,054828373024873915
1000000;0,4028299738797872;0,0045031490125245184;3,2030974598797615;0,09415355458306102;2,304497542916274;0,054828373024873915