===> Médias para cada NFOB:
NFOB;GEO;GEOvar;AGEO1;AGEO2;AGEO1var;AGEO2var
1000;192,20647272128025;33,29032076536243;188,6464271525808;207,12460314275137;75,095714344045;88,78433559739806
2000;168,34390484669618;26,07096149048462;135,7542242195785;161,95554969355172;33,494319189375524;30,348452428368574
3000;145,07976925040882;24,054915055697997;98,43926755009423;123,109540312392;27,349154677594708;24,681061399548668
4000;127,52963654418299;23,043813418973855;78,12003286059661;98,46125070765245;25,70726354490314;23,31170032790088
5000;110,06765957068447;21,901728562121136;65,82632974009053;78,66683973117891;24,08294054094258;22,383026746400983
6000;97,33660688252468;21,35845241573372;55,62305602964429;63,340968055144565;23,929183566091147;21,774266151152872
7000;86,2941300163331;20,78987928237115;47,15447941550234;52,5961066846631;23,928609117457395;21,453363837308828
8000;75,05906650054699;20,432803429143156;40,91508695602625;43,72921225369845;23,928575233997268;20,432140016848162
9000;65,23695014694407;19,967175403350634;35,460522756198664;36,699053150660276;23,928573999029428;19,607967582249422
10000;59,68506686614498;19,45718950292917;32,88733831820171;31,87793018988598;23,928573999029428;18,949823702323986
11000;54,87104151804348;18,932437834116865;31,03891575470465;29,136608787289727;23,928573999029428;18,576210828857725
12000;50,67572751533085;18,615740163028214;29,366915896747372;27,02922832871153;23,928573999029428;17,89399038897416
13000;46,611587913903115;18,298940474327527;28,24110871953464;25,46688410760748;23,928573999029428;17,666989438758293
14000;43,646806110136986;17,98598742877104;27,427215822298407;24,249327670141593;23,928573999029428;17,507967433928567
15000;41,06096489533878;17,544926162875367;26,85417613877456;23,24759957455925;23,928573999029428;17,018721484625612
16000;38,267929675537054;17,16584861216736;26,045614089972286;22,675574117643485;23,928573999029428;16,74940178578216
17000;36,27740040756207;16,60115101993613;25,41818036444438;22,17824782903251;23,928573999029428;16,331133392872474
18000;33,390373310455395;16,394636600229365;24,929433127616743;21,676052643060267;23,928573999029428;16,08005249161711
19000;31,864683303981693;16,307393116241823;24,735348672698965;21,229957447800206;23,928573999029428;15,566729338236014
20000;30,530074636807704;15,692371045149734;24,561279724667912;21,06008600464888;23,928573999029428;15,260753773742447
21000;29,649915775458474;15,468129439270616;24,320165153156704;20,963072630218576;23,928573999029428;15,067282061147436
22000;28,82545699519039;15,31034917283177;24,220354770299338;20,77104236166292;23,928573999029428;14,805317946003361
23000;27,969209606030862;15,239090596545639;24,111149558020685;20,71050752288724;23,928573999029428;14,732943836593604
24000;27,208511360343593;15,094798311758781;24,02908014209105;20,596091932289706;23,928573999029428;14,51489316814638
25000;26,564076845690284;15,001646583210986;23,985585182039358;20,571420317021328;23,928573999029428;14,441903807048984
26000;25,757717890627383;14,731681166860728;23,932113595775967;20,530099370619865;23,928573999029428;14,226850532973696
27000;25,125086235718264;14,569092256428423;23,738444288891873;20,49251631371626;23,928573999029428;13,780079513251492
28000;24,661665670737147;14,333514645799276;23,547791466668;20,47680851156633;23,928573999029428;13,593434896618321
29000;24,350399329428246;14,133616497965694;23,080003271036915;20,469626536110137;23,928573999029428;13,385366963044392
30000;24,146750810521443;14,097897797761313;22,71529150033878;20,42341791675256;23,928573999029428;13,343838982214864
31000;23,87645831695405;13,919813015890853;22,573826060437572;20,398785162329887;23,928573999029428;13,321986111164703
32000;23,66883894873404;13,833563083859655;22,51189974915633;20,317234479941558;23,928573999029428;13,166702137637488
33000;23,36661445641597;13,565908820950911;22,44797607242773;20,294310662808872;23,928573999029428;12,930739970829967
34000;23,14796003612475;13,372814760021894;22,30916472590351;20,292030992658166;23,928573999029428;12,694692320240359
35000;22,83872375261443;13,140762940000926;22,271032224586055;20,29001428913297;23,928573999029428;12,371193432386947
36000;22,680500636008592;13,014794757581424;22,267820865466724;20,288858061378733;23,928573999029428;12,317095932590293
37000;22,477161600383052;12,851009958675666;22,26668001061156;20,28818322306864;23,928573999029428;12,149413547282442
38000;22,32699587068862;12,76660322123998;22,266069984828423;20,287514238451582;23,928573999029428;12,015458459007073
39000;22,265958933108166;12,670600357812944;22,265693799610972;20,187677112085936;23,928573999029428;11,915957516241164
40000;22,09368924662481;12,473794648538462;22,265524829403056;20,167729580759616;23,928573999029428;11,877044085620934
41000;22,049493848309865;12,399898594772091;22,26538645440699;20,108116476002575;23,928573999029428;11,834027145242406
42000;21,770205583159733;12,35298429353951;22,174622750802;20,087915884734947;23,928573999029428;11,444149825756497
43000;21,64228126453665;12,241036069846407;22,138001220476568;20,02633837293332;23,928573999029428;11,263894608963499
44000;21,369425450787322;12,061678717175731;22,104651534731733;20,00471914511028;23,928573999029428;11,187849868332906
45000;21,293617093351795;11,891478699151842;22,09328892007298;20,00466124017821;23,928573999029428;11,151218844942566
46000;21,243973461898722;11,818341291515019;22,08758831628524;19,984970626946804;23,928573999029428;11,090203618130888
47000;21,19162794046184;11,78417465386334;22,08410801951366;19,945461112282487;23,928573999029428;11,085225533219877
48000;21,09477900314566;11,685929133315378;22,081491046639567;19,940111318714884;23,928573999029428;11,047170291725303
49000;20,962474044676572;11,625065285301982;22,07922182385694;19,939329922695205;23,928573999029428;11,026122097742595
50000;20,905667335576354;11,610522223314621;22,078618125037522;19,920117330159485;23,928573999029428;11,026092808799943
51000;20,840169109961877;11,556489288698005;22,078618125037522;19,91964105592739;23,928573999029428;11,026085536549944
52000;20,688320830252067;11,424188352005455;22,078618125037522;19,7998771814115;23,928573999029428;11,026085536549944
53000;20,592186016836695;11,140722244269503;22,078618125037522;19,78085200675861;23,928573999029428;10,92933045809554
54000;20,49993565238517;11,13707866583194;22,078618125037522;19,780799372964825;23,928573999029428;10,908981968573473
55000;20,437157827313015;11,120597963569246;22,078618125037522;19,780779530745612;23,928573999029428;10,850561929254988
56000;20,42299386089383;11,03771585794702;22,078618125037522;19,719929596062702;23,928573999029428;10,814396194558434
57000;20,337389644524674;11,004550239363079;22,078618125037522;19,719918284934128;23,928573999029428;10,798150870111181
58000;20,204443282420712;10,961873446767777;22,078618125037522;19,66949913275891;23,928573999029428;10,77786929571712
59000;20,17872913729073;10,895433561249206;22,078618125037522;19,642585556767216;23,928573999029428;10,73073357305441
60000;20,0810523106491;10,627137506213195;22,078618125037522;19,622833962886325;23,928573999029428;10,574565730440439
61000;19,93748835257559;10,457188674449556;22,078618125037522;19,564178324835986;23,928573999029428;10,28960955940331
62000;19,823968718614402;10,343778142079048;22,078618125037522;19,543010682730984;23,928573999029428;10,279718083136638
63000;19,76934282654552;10,277526608383871;22,078618125037522;19,524621142637642;23,928573999029428;10,174055263675761
64000;19,76362952971952;10,257403650585807;22,078618125037522;19,522665888765722;23,928573999029428;9,99866631981112
65000;19,664740097748666;10,254885765517047;22,078618125037522;19,426319517267775;23,928573999029428;9,908711479935606
66000;19,63564588162237;10,249535560351926;22,078618125037522;19,423756710900612;23,928573999029428;9,891504832645447
67000;19,618932777815548;10,186964442497283;22,078618125037522;19,423667307541713;23,928573999029428;9,738851549432852
68000;19,59812701858178;10,139827264649039;22,078618125037522;19,423302293864072;23,928573999029428;9,688440581998808
69000;19,55264398464089;10,123799383343849;22,078618125037522;19,40363607092805;23,928573999029428;9,555452348375828
70000;19,504409358104176;10,00640949647178;22,078618125037522;19,347956563946774;23,928573999029428;9,533408587947319
71000;19,4973225805147;9,893047846701212;22,078618125037522;19,344205099293486;23,928573999029428;9,52068380134559
72000;19,497025172156903;9,70470784431282;22,078618125037522;19,324537591262676;23,928573999029428;9,356231138023578
73000;19,448101997983244;9,662236308142031;22,078618125037522;19,324358990501867;23,928573999029428;9,353531105053989
74000;19,41744917621281;9,612745248854893;22,078618125037522;19,243086727765533;23,928573999029428;9,31265793770728
75000;19,286071632307902;9,611950322635188;22,078618125037522;19,22307949625278;23,928573999029428;9,233358111127227
76000;19,20413283396074;9,600540374999452;22,078618125037522;19,203075717508128;23,928573999029428;9,22894675406349
77000;19,202628697957152;9,600540374999452;22,078618125037522;19,183870686095005;23,928573999029428;9,227966823213782
78000;19,201602372561172;9,540807343233798;22,078618125037522;19,168880182493552;23,928573999029428;9,227962656392155
79000;19,19919979215634;9,503946999796478;22,078618125037522;19,08447554671545;23,928573999029428;9,227962656392155
80000;19,158201016992496;9,483972357045946;22,078618125037522;19,044257839010655;23,928573999029428;9,184549750350701
81000;19,12341576150414;9,460300028745205;22,078618125037522;19,0233761243995;23,928573999029428;9,18400871696977
82000;19,108549104275763;9,379008410447122;22,078618125037522;19,00347604238942;23,928573999029428;9,18400871696977
83000;19,05241109036297;9,258785187557278;22,078618125037522;18,983555798193645;23,928573999029428;9,18393369430818
84000;18,922670924402365;9,167973370273321;22,078618125037522;18,98272526467113;23,928573999029428;9,056319625369685
85000;18,897160185647536;9,097107695311731;22,078618125037522;18,963581844931536;23,928573999029428;8,95732684932421
86000;18,763437386873434;8,91972939498328;22,078618125037522;18,962922364173867;23,928573999029428;8,949233781757181
87000;18,741604009165123;8,736332301201918;22,078618125037522;18,90112426456155;23,928573999029428;8,892669212645448
88000;18,68788823047781;8,675562347439655;22,066733413656824;18,843775776634015;23,928573999029428;8,844968798457877
89000;18,678871074477822;8,672638961765385;22,025855344465683;18,84245163076007;23,928573999029428;8,768937165836077
90000;18,56726067304505;8,540549117597083;21,932555027582843;18,842450574767454;23,928573999029428;8,727064868202717
91000;18,56427157666606;8,51701730014711;21,89108738756304;18,842446225199332;23,928573999029428;8,665142327100005
92000;18,559970946972154;8,439633647285097;21,88205839550354;18,823399095756518;23,928573999029428;8,665114272891886
93000;18,523015907421062;8,337604839084335;21,876766129585313;18,785896420526917;23,928573999029428;8,624725717866099
94000;18,478548544148353;8,311908105420553;21,874733646952485;18,7838982513175;23,928573999029428;8,45388640443987
95000;18,399738201018323;8,311908105420553;21,873617234682264;18,783898049611974;23,928573999029428;8,445625437693764
96000;18,355817778433483;8,220169120375505;21,871349849369462;18,783770371381202;23,928573999029428;8,379464219625545
97000;18,340895054184585;8,158384782416896;21,870575359941697;18,783749045113176;23,928573999029428;8,368547615876945
98000;18,223318659604686;8,158384782416896;21,870144293524948;18,783746932375777;23,928573999029428;8,368314949663498
99000;18,21001941668328;8,057697137965762;21,86984883384727;18,783745998314124;23,928573999029428;8,366544560639056
100000;18,096351794319187;8,037008135677697;21,86984883384727;18,763441423516497;23,928573999029428;8,346696971326717