===> Médias para cada NFOB:
NFOB;GEO;GEOvar;AGEO1;AGEO2;AGEO1var;AGEO2var
10000;0,009751971459869085;0,0062446506366941835;0,015085985697738915;0,13667984126397242;0,023748454713911488;0,006622764797764123
20000;0,003044084014149508;0,0011235332255318904;0,003641677997765681;0,08983277176377186;0,008561253615212734;0,0021778540141100242
30000;0,0010018972061210019;0,0005407627782362894;0,002390818055339637;0,02016741823989724;0,0042626752067945525;0,0010104285241452958
40000;0,000769516374263947;0,0003329628941799384;0,0018146125561885656;0,0010013651168409826;0,0022749281618394995;0,00062876211507841
50000;0,0005555205873952595;0,0002654787847518051;0,0015624704901944825;0,00046594707421194115;0,0018424749155445622;0,00024411871700454727
60000;0,00040282621918800055;0,00019923165420267282;0,0010808634534670448;0,0004131762519166618;0,0014402448873177484;0,00020860915751699888
70000;0,00038320245419228434;0,00018151550064399738;0,0008046068272769422;0,00017067932357290718;0,0012553379028538108;0,00015245630364719843
80000;0,0001765814701542624;0,0001645947821157429;0,000535383865675367;0,00017067932357290718;0,0009230685295072163;0,00012900018270076296
90000;0,00017114850991761907;0,0001479634270637694;0,00048774062931116846;6,991257612528107E-05;0,0008005275624586886;0,00011568105980548235
100000;8,15859150236876E-05;0,00014264533672245488;0,0004587795047035273;6,100337626939147E-05;0,0007652341742083882;0,0001021831537013057
110000;7,03744353353841E-05;0,00013446808646645867;0,0004150471183672718;5,876157410619429E-05;0,0007363950455702543;9,690537975116244E-05
120000;6,552204681252571E-05;0,00012181945330781092;0,0004064535875599006;5,7212902050277004E-05;0,0005628973002425741;9,307017214530653E-05
130000;5,452097500193177E-05;0,00011749551007485955;0,0004011789785664772;5,230966292523162E-05;0,0005619923494633521;8,440546933377776E-05
140000;5,212931882878006E-05;0,00010499792618925621;0,000396805325691304;5,020035676757933E-05;0,0004961487654736224;7,412448272150812E-05
150000;4,856658022585497E-05;0,00010453882239646448;0,00033951642249404045;4,914369975899325E-05;0,0004834442284954084;7,17024761114327E-05
160000;4,621935857931265E-05;0,0001022184508486903;0,000326057529155014;4,641118034140431E-05;0,00045089969600065473;6,996690815804266E-05
170000;4,145319382856748E-05;8,889068808975626E-05;0,000313664289930019;4,18280854472315E-05;0,00044446137732380154;6,652189624999664E-05
180000;4,046634756221874E-05;8,429978590832548E-05;0,0002486464168850669;4,167773458460044E-05;0,00044446137732380154;6,278331930170764E-05
190000;3,806972128215493E-05;7,689660178379163E-05;0,0002141839363876459;4,128736942591084E-05;0,00044428288303164314;6,159246791942874E-05
200000;3,481251757858199E-05;6,848183876192347E-05;0,00018835998751166747;3,8763560471891325E-05;0,00044333836723701206;5,546961625362104E-05
210000;3,107226043463847E-05;6,61991549263402E-05;0,00017298322956677415;2,7506165123636034E-05;0,00041924665825186314;5,290859047230412E-05
220000;2,9935354820498673E-05;6,528578109807992E-05;0,00016487794328762833;2,6793135339936092E-05;0,00040606897735728125;4,764056460594455E-05
230000;2,9001505048312585E-05;6,468420219773918E-05;0,00016463602028771513;2,642249454889146E-05;0,0004035867783871222;4,653376123940635E-05
240000;2,9001505048312585E-05;5,690136720173802E-05;0,00013218694631999354;2,5088745267787764E-05;0,0003638836346491143;4,530559958824875E-05
250000;2,8220051708711512E-05;5,687323841911764E-05;0,0001248337068530807;2,2902934733223324E-05;0,0003273436703752378;4,372730711340281E-05
260000;2,8220051708711512E-05;5,567691090534204E-05;0,00011236936958747459;2,246973809982523E-05;0,0003265347759395682;4,323034868760278E-05
270000;2,7518614963893414E-05;5,378135700718598E-05;0,00010755181532172935;2,221314637309155E-05;0,0003243275452468309;4,323034868760278E-05
280000;2,6478431450657986E-05;5,378135700718598E-05;0,00010628766492468696;2,0360999569332837E-05;0,0003142343972990149;3,918223216485094E-05
290000;2,3487939957397667E-05;5,040272240185995E-05;0,00010628766492468696;2,0360999569332837E-05;0,0003065631511938982;3,865232631888268E-05
300000;2,005220837336564E-05;4,978503424314761E-05;0,00010615588789920693;1,8361589079319804E-05;0,00030331735873739856;3,786208848911076E-05
310000;1,7819579683609382E-05;4,978503424314761E-05;0,00010405027715388412;1,7728699374809307E-05;0,00029784350054901044;3,5363772043453846E-05
320000;1,7480784021762286E-05;4,633359901844235E-05;9,846339905412457E-05;1,7711582983545963E-05;0,00029784350054901044;3,3185061462561665E-05
330000;1,732935525854254E-05;4,4007018425928305E-05;8,818782236895053E-05;1,748859031338683E-05;0,00029782077342424963;3,264883803888461E-05
340000;1,6984827164072143E-05;4,2324580966976556E-05;6,803486578543538E-05;1,6501703180669654E-05;0,00029252596808097803;3,1921711756976174E-05
350000;1,6672637782368282E-05;3,8773972904858994E-05;6,803486578543538E-05;1,598805783890435E-05;0,0002611290856441682;3,0644961757589855E-05
360000;1,6672637782368282E-05;3,49018830717229E-05;6,803486578543538E-05;1,4389260509686135E-05;0,0002508252839346072;3,0289484973443722E-05
370000;1,6672637782368282E-05;3,483558022483252E-05;6,803486578543538E-05;1,4389260509686135E-05;0,0002503575323800897;2,9911917435966517E-05
380000;1,586880419040544E-05;3,483558022483252E-05;6,803486578543538E-05;1,4278433611874963E-05;0,0002503575323800897;2,8959380800884984E-05
390000;1,4873570763738372E-05;3,483558022483252E-05;6,803486578543538E-05;1,3018908463484801E-05;0,00023649300355254433;2,8959380800884984E-05
400000;1,4379792534098226E-05;3,4433505134774857E-05;6,666746371354898E-05;1,2822405787465983E-05;0,00023649300355254433;2,849566705232871E-05
410000;1,29186937780456E-05;3,42505433510109E-05;6,666746371354898E-05;1,2788400240175893E-05;0,0002333476903808034;2,849566705232871E-05
420000;1,29186937780456E-05;3,3525080270356254E-05;6,666746371354898E-05;1,1840753690478836E-05;0,00023137119768178006;2,849566705232871E-05
430000;1,29186937780456E-05;3,3525080270356254E-05;6,666746371354898E-05;1,0546385458772953E-05;0,0002283876451133162;2,849566705232871E-05
440000;1,2124235112218132E-05;3,3525080270356254E-05;6,66430911797604E-05;1,0349277555996702E-05;0,0002248008720842193;2,839035653312704E-05
450000;1,1977069192630011E-05;3,3436717866797476E-05;6,66430911797604E-05;1,0349277555996702E-05;0,00022192403642779974;2,839035653312704E-05
460000;1,1413171145672033E-05;3,226916492805281E-05;6,66430911797604E-05;1,0346898004328061E-05;0,00021655466537040625;2,839035653312704E-05
470000;1,1413171145672033E-05;3,226916492805281E-05;6,57154110604855E-05;1,0346898004328061E-05;0,00021244379738087884;2,6722205456533435E-05
480000;1,1136275399432613E-05;3,089987647474539E-05;6,57154110604855E-05;1,0346898004328061E-05;0,00020540303803225573;2,6131826311389597E-05
490000;1,1136275399432613E-05;3,089987647474539E-05;6,507922027493374E-05;1,0346898004328061E-05;0,00020540303803225573;2,6131826311389597E-05
500000;1,1111010212643827E-05;3,089987647474539E-05;6,507922027493374E-05;9,954819264877147E-06;0,00020540303803225573;2,5405033119132167E-05
510000;1,099884444029586E-05;3,054634969145786E-05;6,273971875820651E-05;9,037363913750818E-06;0,00020540303803225573;2,5405033119132167E-05
520000;1,099884444029586E-05;3,052051360163211E-05;6,273971875820651E-05;9,037363913750818E-06;0,00019423945950342616;2,5405033119132167E-05
530000;1,099884444029586E-05;3,052051360163211E-05;6,108644025198923E-05;8,913138447280046E-06;0,00019423945950342616;2,5405033119132167E-05
540000;1,0913168662088218E-05;2,9173372873670444E-05;6,108644025198923E-05;8,368875227604394E-06;0,00019423945950342616;2,4296372829848495E-05
550000;1,067345306004323E-05;2,7931100779297736E-05;6,108644025198923E-05;7,995083917555671E-06;0,00019423945950342616;2,4296372829848495E-05
560000;1,067345306004323E-05;2,7931100779297736E-05;6,042979002541815E-05;7,985106914077998E-06;0,00019386647703897639;2,3792718035332698E-05
570000;9,941560183602794E-06;2,758016598720302E-05;5,740185251535737E-05;7,0092150541186815E-06;0,00018739776913361062;2,3792718035332698E-05
580000;9,798128829167139E-06;2,758016598720302E-05;5,43623797508384E-05;7,0092150541186815E-06;0,0001836322967064102;2,3792718035332698E-05
590000;9,798128829167139E-06;2,724218672598458E-05;5,43623797508384E-05;6,902168798641757E-06;0,00018232595387718942;2,288777079597233E-05
600000;9,798128829167139E-06;2,724218672598458E-05;5,43623797508384E-05;6,902168798641757E-06;0,00018143644912158526;2,2720499365519803E-05
610000;9,798128829167139E-06;2,7045447770791907E-05;5,2876189356885064E-05;6,899789246973117E-06;0,00018143644912158526;2,2470759541041786E-05
620000;9,798128829167139E-06;2,6979922889973227E-05;5,066174364300383E-05;6,899789246973117E-06;0,00017724322858138342;2,2470759541041786E-05
630000;9,662044993279815E-06;2,677750233203698E-05;5,066174364300383E-05;6,568290310093154E-06;0,00017724322858138342;2,1802644951368847E-05
640000;9,662044993279815E-06;2,677750233203698E-05;4,821770642303991E-05;5,976494063670587E-06;0,00017615477494118905;2,1802644951368847E-05
650000;9,600855816046007E-06;2,640448198932371E-05;4,821770642303991E-05;5,5529810252066355E-06;0,00017615477494118905;2,1771008485792142E-05
660000;9,600855816046007E-06;2,640448198932371E-05;4,821770642303991E-05;5,464993166467353E-06;0,00017615477494118905;2,1771008485792142E-05
670000;9,600855816046007E-06;2,640448198932371E-05;4,7550493202842225E-05;5,464993166467353E-06;0,00017615477494118905;2,1771008485792142E-05
680000;9,586218242708798E-06;2,6326439183753355E-05;4,664142534475694E-05;5,4528660448963895E-06;0,00017615477494118905;2,1771008485792142E-05
690000;9,586218242708798E-06;2,6326439183753355E-05;4,641093693397365E-05;5,4528660448963895E-06;0,00017615477494118905;2,1692326570903046E-05
700000;9,172838213421811E-06;2,5427271148200883E-05;4,610502013488493E-05;5,4528660448963895E-06;0,0001740631045910535;2,1692326570903046E-05
710000;9,172838213421811E-06;2,5427271148200883E-05;4,610502013488493E-05;5,4528660448963895E-06;0,00017275472679048186;2,1692326570903046E-05
720000;9,172838213421811E-06;2,51957915785476E-05;4,4493929833556094E-05;5,450486493227748E-06;0,00016802468067975775;2,1692326570903046E-05
730000;9,172838213421811E-06;2,2948988744395082E-05;4,4493929833556094E-05;5,343440237750826E-06;0,00016802468067975775;2,1692326570903046E-05
740000;9,172838213421811E-06;2,2948988744395082E-05;4,4493929833556094E-05;5,343440237750826E-06;0,00016802468067975775;2,1692326570903046E-05
750000;9,092217640136462E-06;2,2948988744395082E-05;4,4493929833556094E-05;5,343440237750826E-06;0,00016802468067975775;2,1507120090368252E-05
760000;8,824621870474138E-06;2,2948988744395082E-05;4,4093712942168504E-05;5,343440237750826E-06;0,00016802468067975775;2,1507120090368252E-05
770000;8,824621870474138E-06;2,2716214302486985E-05;4,4093712942168504E-05;3,7587761712328756E-06;0,00016802468067975775;2,1482636413650974E-05
780000;8,21764797410955E-06;2,126102123521283E-05;4,396668503342703E-05;3,7587761712328756E-06;0,0001667712839165653;2,1260871011350132E-05
790000;8,129462481363269E-06;2,0420204459661635E-05;4,225877616264989E-05;3,7587761712328756E-06;0,00016379568039218587;2,0782600533948736E-05
800000;8,129462481363269E-06;2,0420204459661635E-05;3,967937695363236E-05;3,7587761712328756E-06;0,0001508068067338342;2,0782600533948736E-05
810000;8,129462481363269E-06;2,0420204459661635E-05;3,967937695363236E-05;3,7587761712328756E-06;0,0001508068067338342;1,986517007750994E-05
820000;8,107584055644142E-06;2,022953506484802E-05;3,932186063410759E-05;3,7563966195642348E-06;0,0001508068067338342;1,986517007750994E-05
830000;7,819956533305036E-06;2,022953506484802E-05;3,932186063410759E-05;3,720011520605503E-06;0,00014987897272226506;1,986517007750994E-05
840000;6,863352902367536E-06;1,928459054029644E-05;3,932186063410759E-05;3,720011520605503E-06;0,00014987897272226506;1,972492370679785E-05
850000;6,863352902367536E-06;1,923652393557309E-05;3,932186063410759E-05;3,720011520605503E-06;0,00014987897272226506;1,972492370679785E-05
860000;6,863352902367536E-06;1,923652393557309E-05;3,932186063410759E-05;3,720011520605503E-06;0,00014946979306185957;1,972492370679785E-05
870000;6,633626591048723E-06;1,923652393557309E-05;3,932186063410759E-05;3,720011520605503E-06;0,00014946979306185957;1,972492370679785E-05
880000;6,308575399197956E-06;1,8368985129318623E-05;3,857465523933233E-05;3,720011520605503E-06;0,00014946979306185957;1,972492370679785E-05
890000;6,152330273378821E-06;1,687139541691317E-05;3,857465523933233E-05;3,720011520605503E-06;0,00014523768018825454;1,972492370679785E-05
900000;6,152330273378821E-06;1,687139541691317E-05;3,857465523933233E-05;3,720011520605503E-06;0,00014523768018825454;1,972492370679785E-05
910000;6,152330273378821E-06;1,674436750817169E-05;3,5313984065264164E-05;3,720011520605503E-06;0,00014362460231873337;1,972492370679785E-05
920000;5,365238893005288E-06;1,674436750817169E-05;3,5313984065264164E-05;3,720011520605503E-06;0,00014240339379706645;1,972492370679785E-05
930000;5,365238893005288E-06;1,5664434908856393E-05;3,5313984065264164E-05;3,720011520605503E-06;0,00014240339379706645;1,972492370679785E-05
940000;5,365238893005288E-06;1,5664434908856393E-05;3,424913378281082E-05;3,720011520605503E-06;0,0001358495236228773;1,9663942692733825E-05
950000;5,1450322652303365E-06;1,5383370875491872E-05;3,424913378281082E-05;3,720011520605503E-06;0,00013396773474260814;1,9663942692733825E-05
960000;4,92344068573681E-06;1,5383370875491872E-05;3,237987416486366E-05;3,720011520605503E-06;0,00013396773474260814;1,9663942692733825E-05
970000;4,92344068573681E-06;1,4996865325879936E-05;3,237987416486366E-05;3,720011520605503E-06;0,00013396773474260814;1,9663942692733825E-05
980000;4,92344068573681E-06;1,4996865325879936E-05;3,21412490163458E-05;3,720011520605503E-06;0,00013339871181183773;1,8025988649653698E-05
990000;4,92344068573681E-06;1,4856240326827903E-05;3,21412490163458E-05;3,127723681503576E-06;0,00012433862563934807;1,8025988649653698E-05