




============================================================================
O que irá executar a seguir: executar_algoritmos
============================================================================













============================================================================
Função: CEC2017_01
============================================================================
parameter;AGEO2;AGEO2var_5;AGEO2real2_AA3;
meanNFE;1,00E+5;1,00E+5;1,00E+5;
meanFX;5,25E+9;2,39E+9;3,64E+4;
melhorFX;2,45E+9;5,31E+8;5,16E+1;
piorFX;9,37E+9;5,13E+9;4,57E+5;
medianFX;5,03E+9;2,54E+9;7,83E+3;
sdFX;1,73E+9;1,21E+9;9,04E+4;










============================================================================
Função: CEC2017_03
============================================================================
parameter;AGEO2;AGEO2var_5;AGEO2real2_AA3;
meanNFE;1,00E+5;1,00E+5;1,00E+5;
meanFX;2,24E+5;1,92E+5;2,92E+6;
melhorFX;1,49E+5;1,08E+5;2,48E+5;
piorFX;3,26E+5;2,58E+5;2,29E+7;
medianFX;2,18E+5;2,02E+5;8,40E+5;
sdFX;5,15E+4;3,63E+4;5,07E+6;










============================================================================
Função: CEC2017_04
============================================================================
parameter;AGEO2;AGEO2var_5;AGEO2real2_AA3;
meanNFE;1,00E+5;1,00E+5;1,00E+5;
meanFX;4,52E+2;2,21E+2;8,52E+1;
melhorFX;1,58E+2;1,49E+2;1,16E+0;
piorFX;9,39E+2;4,06E+2;1,34E+2;
medianFX;4,21E+2;2,14E+2;8,69E+1;
sdFX;1,69E+2;5,52E+1;2,92E+1;










============================================================================
Função: CEC2017_05
============================================================================
parameter;AGEO2;AGEO2var_5;AGEO2real2_AA3;
meanNFE;1,00E+5;1,00E+5;1,00E+5;
meanFX;1,98E+2;1,12E+2;1,60E+2;
melhorFX;9,41E+1;7,69E+1;9,15E+1;
piorFX;3,05E+2;1,46E+2;2,61E+2;
medianFX;1,97E+2;1,16E+2;1,64E+2;
sdFX;5,15E+1;1,71E+1;4,51E+1;










============================================================================
Função: CEC2017_06
============================================================================
parameter;AGEO2;AGEO2var_5;AGEO2real2_AA3;
meanNFE;1,00E+5;1,00E+5;1,00E+5;
meanFX;1,69E+1;4,08E+0;6,42E-7;
melhorFX;6,37E+0;1,13E+0;5,09E-7;
piorFX;3,92E+1;7,79E+0;7,08E-7;
medianFX;1,49E+1;4,13E+0;6,41E-7;
sdFX;7,85E+0;1,64E+0;3,78E-8;










============================================================================
Função: CEC2017_07
============================================================================
parameter;AGEO2;AGEO2var_5;AGEO2real2_AA3;
meanNFE;1,00E+5;1,00E+5;1,00E+5;
meanFX;3,47E+2;2,19E+2;1,66E+2;
melhorFX;2,37E+2;1,46E+2;9,46E+1;
piorFX;5,83E+2;2,87E+2;2,50E+2;
medianFX;3,53E+2;2,17E+2;1,59E+2;
sdFX;8,57E+1;3,09E+1;4,34E+1;










============================================================================
Função: CEC2017_08
============================================================================
parameter;AGEO2;AGEO2var_5;AGEO2real2_AA3;
meanNFE;1,00E+5;1,00E+5;1,00E+5;
meanFX;1,91E+2;1,12E+2;1,72E+2;
melhorFX;1,02E+2;5,81E+1;7,46E+1;
piorFX;3,19E+2;1,43E+2;2,84E+2;
medianFX;1,78E+2;1,16E+2;1,74E+2;
sdFX;4,61E+1;1,80E+1;5,53E+1;










============================================================================
Função: CEC2017_09
============================================================================
parameter;AGEO2;AGEO2var_5;AGEO2real2_AA3;
meanNFE;1,00E+5;1,00E+5;1,00E+5;
meanFX;8,97E+3;6,81E+2;5,94E+3;
melhorFX;3,46E+3;2,51E+2;6,25E+2;
piorFX;1,49E+4;1,13E+3;3,64E+4;
medianFX;9,05E+3;7,17E+2;3,93E+3;
sdFX;3,16E+3;2,30E+2;6,70E+3;










============================================================================
Função: CEC2017_10
============================================================================
parameter;AGEO2;AGEO2var_5;AGEO2real2_AA3;
meanNFE;1,00E+5;1,00E+5;1,00E+5;
meanFX;4,06E+3;3,83E+3;3,70E+3;
melhorFX;2,87E+3;3,19E+3;2,53E+3;
piorFX;5,09E+3;4,64E+3;5,24E+3;
medianFX;4,06E+3;3,81E+3;3,71E+3;
sdFX;5,30E+2;4,37E+2;6,19E+2;










============================================================================
Função: CEC2017_11
============================================================================
parameter;AGEO2;AGEO2var_5;AGEO2real2_AA3;
meanNFE;1,00E+5;1,00E+5;1,00E+5;
meanFX;1,35E+4;4,87E+3;5,25E+3;
melhorFX;2,29E+3;1,47E+3;8,88E+1;
piorFX;2,67E+4;9,03E+3;4,57E+4;
medianFX;1,29E+4;4,96E+3;1,75E+3;
sdFX;6,51E+3;1,89E+3;1,02E+4;










============================================================================
Função: CEC2017_12
============================================================================
parameter;AGEO2;AGEO2var_5;AGEO2real2_AA3;
meanNFE;1,00E+5;1,00E+5;1,00E+5;
meanFX;6,14E+8;2,69E+8;3,71E+7;
melhorFX;1,73E+7;6,26E+7;2,64E+6;
piorFX;2,23E+9;5,87E+8;1,42E+8;
medianFX;3,95E+8;2,89E+8;2,36E+7;
sdFX;6,29E+8;1,30E+8;3,47E+7;










============================================================================
Função: CEC2017_13
============================================================================
parameter;AGEO2;AGEO2var_5;AGEO2real2_AA3;
meanNFE;1,00E+5;1,00E+5;1,00E+5;
meanFX;1,88E+9;1,67E+8;6,20E+4;
melhorFX;2,93E+7;6,35E+5;1,67E+2;
piorFX;6,67E+9;5,93E+8;5,47E+5;
medianFX;7,06E+8;1,35E+8;1,95E+4;
sdFX;2,02E+9;1,61E+8;1,23E+5;










============================================================================
Função: CEC2017_14
============================================================================
parameter;AGEO2;AGEO2var_5;AGEO2real2_AA3;
meanNFE;1,00E+5;1,00E+5;1,00E+5;
meanFX;7,69E+6;2,83E+6;5,51E+6;
melhorFX;9,27E+4;2,85E+5;1,04E+5;
piorFX;2,75E+7;7,10E+6;1,51E+7;
medianFX;6,81E+6;2,79E+6;4,61E+6;
sdFX;6,62E+6;2,05E+6;4,63E+6;










============================================================================
Função: CEC2017_15
============================================================================
parameter;AGEO2;AGEO2var_5;AGEO2real2_AA3;
meanNFE;1,00E+5;1,00E+5;1,00E+5;
meanFX;3,92E+8;2,15E+7;4,09E+4;
melhorFX;5,72E+4;1,58E+4;4,27E+1;
piorFX;3,22E+9;1,54E+8;1,98E+5;
medianFX;1,46E+8;5,57E+6;1,59E+4;
sdFX;6,52E+8;3,79E+7;5,83E+4;










============================================================================
Função: CEC2017_16
============================================================================
parameter;AGEO2;AGEO2var_5;AGEO2real2_AA3;
meanNFE;1,00E+5;1,00E+5;1,00E+5;
meanFX;1,63E+3;1,29E+3;1,44E+3;
melhorFX;8,67E+2;7,50E+2;9,29E+2;
piorFX;2,13E+3;1,82E+3;2,30E+3;
medianFX;1,66E+3;1,35E+3;1,40E+3;
sdFX;3,53E+2;3,01E+2;3,22E+2;










============================================================================
Função: CEC2017_17
============================================================================
parameter;AGEO2;AGEO2var_5;AGEO2real2_AA3;
meanNFE;1,00E+5;1,00E+5;1,00E+5;
meanFX;9,29E+2;4,91E+2;8,26E+2;
melhorFX;3,88E+2;1,99E+2;2,04E+2;
piorFX;1,59E+3;7,74E+2;1,47E+3;
medianFX;1,01E+3;4,94E+2;8,14E+2;
sdFX;3,15E+2;1,53E+2;2,68E+2;










============================================================================
Função: CEC2017_18
============================================================================
parameter;AGEO2;AGEO2var_5;AGEO2real2_AA3;
meanNFE;1,00E+5;1,00E+5;1,00E+5;
meanFX;2,97E+7;1,97E+7;7,73E+6;
melhorFX;9,34E+5;9,64E+5;6,79E+5;
piorFX;1,62E+8;6,86E+7;5,53E+7;
medianFX;1,79E+7;1,83E+7;4,95E+6;
sdFX;3,52E+7;1,48E+7;1,08E+7;










============================================================================
Função: CEC2017_19
============================================================================
parameter;AGEO2;AGEO2var_5;AGEO2real2_AA3;
meanNFE;1,00E+5;1,00E+5;1,00E+5;
meanFX;7,08E+8;8,25E+7;3,54E+4;
melhorFX;1,37E+5;1,04E+4;2,19E+2;
piorFX;6,68E+9;3,97E+8;4,08E+5;
medianFX;3,25E+8;1,06E+7;1,33E+4;
sdFX;1,28E+9;1,24E+8;8,08E+4;










============================================================================
Função: CEC2017_20
============================================================================
parameter;AGEO2;AGEO2var_5;AGEO2real2_AA3;
meanNFE;1,00E+5;1,00E+5;1,00E+5;
meanFX;9,86E+2;5,35E+2;9,03E+2;
melhorFX;3,13E+2;1,92E+2;2,04E+2;
piorFX;1,75E+3;8,26E+2;1,52E+3;
medianFX;1,12E+3;5,50E+2;1,00E+3;
sdFX;3,58E+2;1,71E+2;3,44E+2;










============================================================================
Função: CEC2017_21
============================================================================
parameter;AGEO2;AGEO2var_5;AGEO2real2_AA3;
meanNFE;1,00E+5;1,00E+5;1,00E+5;
meanFX;4,10E+2;3,14E+2;3,76E+2;
melhorFX;3,50E+2;2,71E+2;3,10E+2;
piorFX;4,81E+2;3,63E+2;4,93E+2;
medianFX;4,08E+2;3,14E+2;3,67E+2;
sdFX;3,20E+1;2,23E+1;4,65E+1;










============================================================================
Função: CEC2017_22
============================================================================
parameter;AGEO2;AGEO2var_5;AGEO2real2_AA3;
meanNFE;1,00E+5;1,00E+5;1,00E+5;
meanFX;4,52E+3;1,51E+3;4,20E+3;
melhorFX;4,34E+2;2,33E+2;1,00E+2;
piorFX;5,86E+3;5,34E+3;5,87E+3;
medianFX;4,66E+3;4,13E+2;4,45E+3;
sdFX;9,62E+2;1,87E+3;1,29E+3;










============================================================================
Função: CEC2017_23
============================================================================
parameter;AGEO2;AGEO2var_5;AGEO2real2_AA3;
meanNFE;1,00E+5;1,00E+5;1,00E+5;
meanFX;5,80E+2;4,61E+2;5,04E+2;
melhorFX;4,96E+2;4,21E+2;4,25E+2;
piorFX;9,14E+2;5,10E+2;6,76E+2;
medianFX;5,57E+2;4,60E+2;5,01E+2;
sdFX;8,18E+1;2,36E+1;4,53E+1;










============================================================================
Função: CEC2017_24
============================================================================
parameter;AGEO2;AGEO2var_5;AGEO2real2_AA3;
meanNFE;1,00E+5;1,00E+5;1,00E+5;
meanFX;7,93E+2;6,25E+2;6,38E+2;
melhorFX;6,04E+2;5,10E+2;5,47E+2;
piorFX;9,66E+2;6,92E+2;8,56E+2;
medianFX;7,94E+2;6,48E+2;6,19E+2;
sdFX;9,75E+1;5,12E+1;7,76E+1;










============================================================================
Função: CEC2017_25
============================================================================
parameter;AGEO2;AGEO2var_5;AGEO2real2_AA3;
meanNFE;1,00E+5;1,00E+5;1,00E+5;
meanFX;6,96E+2;5,25E+2;3,94E+2;
melhorFX;4,89E+2;4,58E+2;3,84E+2;
piorFX;1,21E+3;6,01E+2;4,28E+2;
medianFX;6,37E+2;5,19E+2;3,89E+2;
sdFX;1,90E+2;4,29E+1;1,23E+1;










============================================================================
Função: CEC2017_26
============================================================================
parameter;AGEO2;AGEO2var_5;AGEO2real2_AA3;
meanNFE;1,00E+5;1,00E+5;1,00E+5;
meanFX;3,29E+3;2,29E+3;3,09E+3;
melhorFX;1,25E+3;1,87E+3;2,00E+2;
piorFX;4,59E+3;2,65E+3;5,35E+3;
medianFX;3,46E+3;2,31E+3;3,29E+3;
sdFX;9,20E+2;2,23E+2;1,07E+3;










============================================================================
Função: CEC2017_27
============================================================================
parameter;AGEO2;AGEO2var_5;AGEO2real2_AA3;
meanNFE;1,00E+5;1,00E+5;1,00E+5;
meanFX;6,04E+2;5,70E+2;5,47E+2;
melhorFX;5,36E+2;5,30E+2;5,12E+2;
piorFX;7,19E+2;6,00E+2;5,88E+2;
medianFX;5,98E+2;5,71E+2;5,46E+2;
sdFX;4,48E+1;1,66E+1;1,98E+1;










============================================================================
Função: CEC2017_28
============================================================================
parameter;AGEO2;AGEO2var_5;AGEO2real2_AA3;
meanNFE;1,00E+5;1,00E+5;1,00E+5;
meanFX;8,77E+2;6,44E+2;4,10E+2;
melhorFX;5,73E+2;5,25E+2;3,00E+2;
piorFX;1,50E+3;8,89E+2;4,58E+2;
medianFX;8,33E+2;6,20E+2;4,12E+2;
sdFX;2,30E+2;7,84E+1;5,06E+1;










============================================================================
Função: CEC2017_29
============================================================================
parameter;AGEO2;AGEO2var_5;AGEO2real2_AA3;
meanNFE;1,00E+5;1,00E+5;1,00E+5;
meanFX;1,30E+3;1,50E+3;1,20E+3;
melhorFX;8,30E+2;8,90E+2;7,75E+2;
piorFX;1,85E+3;2,66E+3;3,08E+3;
medianFX;1,28E+3;1,47E+3;1,11E+3;
sdFX;2,57E+2;4,43E+2;4,36E+2;










============================================================================
Função: CEC2017_30
============================================================================
parameter;AGEO2;AGEO2var_5;AGEO2real2_AA3;
meanNFE;1,00E+5;1,00E+5;1,00E+5;
meanFX;6,68E+7;1,33E+7;2,18E+4;
melhorFX;2,79E+5;2,14E+5;3,14E+3;
piorFX;2,26E+8;6,54E+7;9,27E+4;
medianFX;5,29E+7;2,79E+6;1,06E+4;
sdFX;6,53E+7;2,03E+7;2,28E+4;


Execution Time: 9166.724 s
