




============================================================================
O que irá executar a seguir: executar_algoritmos
============================================================================













============================================================================
Função: CEC2017_01
============================================================================
parameter;AGEO2;AGEO1var_5;AGEO2real2_AA3;
meanNFE;1,00E+5;1,00E+5;1,00E+5;
meanFX;5,11E+9;8,42E+9;3,39E+4;
melhorFX;1,18E+9;3,00E+9;3,29E+0;
piorFX;1,03E+10;2,81E+10;4,87E+5;
medianFX;5,02E+9;7,02E+9;3,59E+3;
sdFX;1,96E+9;5,36E+9;9,57E+4;
==========================================================
===> f(x) médio para cada NFE:
NFE;AGEO2;AGEO1var_5;AGEO2real2_AA3;
5;231889263979,5246;231889263979,5246;218434439216,46133;
50;197705877105,88947;197705877105,88947;208081571575,88562;
100;196778359832,24814;196778359832,24814;208081571575,88562;
500;192248723978,7623;156511003657,01056;199190720790,7334;
1000;186455843824,15823;104634429554,04173;180059170499,083;
1500;173173222603,4204;74156649740,97838;151610507336,8638;
2000;156256726249,0997;54159014603,68349;120100049259,80844;
2500;141198232870,46686;36693965044,87515;99155294749,71428;
3000;122238588915,11794;27002118929,028263;71459680952,52122;
3500;104582840932,625;20462831641,9764;49109482880,3466;
4000;92049762695,49931;18229339619,701756;28350293730,13778;
4500;78942505213,30664;16625248974,488873;18409226551,70599;
5000;68551330763,16104;15655331480,980322;10763448658,511835;
6000;52165800816,93267;15147093678,771667;2440204283,624457;
7000;40188246857,1121;14477936437,845009;1071472420,1808375;
8000;31508386223,286316;14370893983,263887;252083956,90496188;
9000;25035718196,891747;14318414106,45243;59819190,249190755;
10000;20217636728,129074;13466135957,281288;21032636,923630115;
12000;14420801378,857746;12389107816,240168;1012332,1275056287;
14000;10736925047,839457;11072491190,932936;150340,14303350527;
16000;8802122710,734861;9962422377,799564;48330,54530069208;
18000;7605983963,440328;9873580133,539703;34291,85453693745;
20000;6859792546,27515;9367386578,546217;34029,48512987935;
25000;5825825008,965447;9120383445,250671;33992,65958040304;
30000;5438221165,152096;8926557567,570148;33989,3616982435;
35000;5287231809,277263;8926557567,570148;33985,23348469312;
40000;5210035648,317075;8838207172,292429;33981,12993656577;
45000;5176186110,471089;8776487553,619377;33977,61563807986;
50000;5159248352,550131;8740793407,094547;33972,36823432281;
55000;5151538254,44415;8740793407,094547;33969,12465102673;
60000;5147751100,283571;8695907008,605934;33965,04096098515;
65000;5145746542,675668;8695907008,605934;33960,83485933641;
70000;5143798536,619206;8695907008,605934;33955,79573103141;
75000;5143334319,063278;8668562366,821568;33950,48175180274;
80000;5143158691,335277;8668562366,821568;33945,59417446832;
85000;5143087537,258632;8668562366,821568;33941,6161543836;
90000;5143076309,430839;8668562366,821568;33938,010672854056;
95000;5118250022,363054;8668562366,821568;33934,602522084395;
100000;5113146587,685136;8422555845,806902;33930,93720001243;











============================================================================
Função: CEC2017_03
============================================================================
parameter;AGEO2;AGEO1var_5;AGEO2real2_AA3;
meanNFE;1,00E+5;1,00E+5;1,00E+5;
meanFX;2,26E+5;1,54E+5;1,91E+6;
melhorFX;1,21E+5;7,65E+4;1,95E+5;
piorFX;3,53E+5;2,04E+5;1,64E+7;
medianFX;2,29E+5;1,57E+5;7,19E+5;
sdFX;6,18E+4;2,56E+4;3,22E+6;
==========================================================
===> f(x) médio para cada NFE:
NFE;AGEO2;AGEO1var_5;AGEO2real2_AA3;
5;485339046706964,4;485339046706964,4;402066576990743,7;
50;414581342099298,1;414581342099298,1;137349648942681,86;
100;133268779858312,6;133268779858312,6;137349648942681,86;
500;64745738209040,92;5292790119749,927;24215159335015,055;
1000;26152917523135,555;1339362019657,702;493318908677,5853;
1500;10517531772812,98;366188417550,78735;870945173,0121427;
2000;790398748685,095;74527307468,19571;621453205,9734606;
2500;513020745345,2359;16795650,10689758;449774100,08491695;
3000;287227906,42474514;14461282,260065027;10103917,160814252;
3500;1849902,714634933;326203,77322492935;2872332,9631413785;
4000;1827534,3224440245;300006,4494964195;2872332,9631413785;
4500;1826831,7284816678;298671,05355436384;2872332,9631413785;
5000;252003,11281899718;264232,15659564146;2872332,9631413785;
6000;250604,92567077308;238699,43992626993;1940229,0236188541;
7000;250071,31944989302;231691,88001018428;1940229,0236188541;
8000;249637,970603057;229601,22060420178;1914371,8379703735;
9000;249262,87998551814;226230,1464805623;1914371,8379703735;
10000;248854,37656091512;226213,65247564745;1914371,8379703735;
12000;248391,80449090505;222430,51723940254;1914371,8379703735;
14000;248099,94660221384;214065,60737735455;1914371,8379703735;
16000;247900,4812980446;211202,71480880957;1914371,8379703735;
18000;247742,1906190409;209192,63073715626;1914371,8379703735;
20000;247586,036231747;204107,48956962334;1914371,8379703735;
25000;247328,9710857299;193035,20083027647;1914371,8379703735;
30000;247201,49637918334;181765,31654728326;1914371,8379703735;
35000;247140,14651683008;177606,46011814155;1914371,8379703735;
40000;247092,74231993066;172234,01697834407;1914371,8379703735;
45000;247071,44723002365;170998,1060232382;1914371,8379703735;
50000;247056,8891011056;170833,48872650706;1914371,8379703735;
55000;247049,53345582235;170752,7782947264;1914371,8379703735;
60000;246917,2891754587;167477,36159434763;1914371,8379703735;
65000;243708,866741182;163821,18159545917;1914371,8379703735;
70000;241786,00978681035;163186,94424576324;1914371,8379703735;
75000;237638,56470418826;160227,6565603369;1914371,8379703735;
80000;234983,72667045202;158002,54114012295;1914371,8379703735;
85000;228921,9196264617;154874,40794414943;1914371,8379703735;
90000;227653,86949466934;154874,40794414943;1914371,8379703735;
95000;226907,28075679;153993,30453696745;1914371,8379703735;
100000;226316,62730462963;153993,30453696745;1914371,8379703735;











============================================================================
Função: CEC2017_04
============================================================================
parameter;AGEO2;AGEO1var_5;AGEO2real2_AA3;
meanNFE;1,00E+5;1,00E+5;1,00E+5;
meanFX;4,68E+2;1,61E+3;7,57E+1;
melhorFX;2,01E+2;4,00E+2;2,07E+0;
piorFX;1,56E+3;3,65E+3;1,33E+2;
medianFX;4,10E+2;1,57E+3;8,45E+1;
sdFX;2,73E+2;8,82E+2;2,81E+1;
==========================================================
===> f(x) médio para cada NFE:
NFE;AGEO2;AGEO1var_5;AGEO2real2_AA3;
5;172903,2247036176;172903,2247036176;181684,68215797897;
50;164216,67568448087;164216,67568448087;154857,67682729178;
100;159238,7388330376;159238,7388330376;154742,20775220616;
500;119376,39877865788;94017,86615184459;144870,7383749772;
1000;113500,08874727908;53982,324865448056;134272,28504737868;
1500;98535,26783781339;30994,825663600623;107338,25614463673;
2000;84040,82545470004;18456,57686496032;86592,22456305918;
2500;64710,44203806392;12325,920210512393;77670,36882683075;
3000;48636,03628101226;7905,4302862881605;57136,67220446459;
3500;40211,98414226642;7080,264579398499;34467,70295331442;
4000;31916,14762097122;6669,192053164543;19615,451164467322;
4500;25202,295880996437;6029,534552239183;12691,195437779743;
5000;20128,34984263407;5827,146326248465;9773,596934876068;
6000;12865,483895097563;4877,768132248677;3459,6360131419556;
7000;8544,914932242738;4642,934753933134;1960,2605413843185;
8000;6025,129044183677;4317,449739791204;604,4581119415164;
9000;4371,395823826029;3169,621548534903;238,24338049288724;
10000;3310,982272863606;3166,7141107165726;186,80846132658655;
12000;1971,8403170155116;2901,6225307581094;158,52224521048527;
14000;1293,149417654115;2716,185205846393;143,9423807119284;
16000;967,6843337905123;2503,526135155075;132,79845425527597;
18000;778,208023887814;2333,429653975276;125,23668352605634;
20000;680,3910848679906;2167,7365323198737;119,99809087194302;
25000;561,1515967465657;2167,7365323198737;112,25452802206723;
30000;512,123606359942;2102,304779540914;107,40181291136825;
35000;492,4145244965568;2010,2730843509082;102,58312016365993;
40000;480,47124528438957;1985,701608296182;97,43298542224358;
45000;474,9435738770827;1985,701608296182;95,12723497665085;
50000;472,2723065626426;1985,701608296182;93,43430707201833;
55000;470,96787574698584;1812,145129777075;91,97388146376042;
60000;470,3024261304916;1772,7967349617059;89,75943190017625;
65000;469,9155075357039;1752,1944899711332;86,15400406956047;
70000;469,7275846936208;1640,56696193336;82,580056503695;
75000;468,41194250840255;1640,56696193336;80,64025068847697;
80000;468,34130557357156;1640,56696193336;79,22508972191854;
85000;468,31075243617164;1640,56696193336;77,98356144813685;
90000;468,2962260546381;1613,8309494714729;77,09922998675752;
95000;468,2820037847626;1613,8309494714729;76,31105638094142;
100000;468,0078833037507;1613,8309494714729;75,71273678977981;











============================================================================
Função: CEC2017_05
============================================================================
parameter;AGEO2;AGEO1var_5;AGEO2real2_AA3;
meanNFE;1,00E+5;1,00E+5;1,00E+5;
meanFX;1,94E+2;2,80E+2;1,73E+2;
melhorFX;1,11E+2;1,10E+2;9,55E+1;
piorFX;2,78E+2;3,63E+2;3,03E+2;
medianFX;2,02E+2;2,93E+2;1,71E+2;
sdFX;4,18E+1;5,70E+1;5,41E+1;
==========================================================
===> f(x) médio para cada NFE:
NFE;AGEO2;AGEO1var_5;AGEO2real2_AA3;
5;1003,957588262317;1003,957588262317;998,6379680468455;
50;939,1532721450623;939,1532721450623;949,1838396417976;
100;905,9506164405332;905,9506164405332;949,1838396417976;
500;892,2275770804151;782,5303085687021;935,4119841194162;
1000;870,7734806801262;649,9554081878808;897,5604910211846;
1500;838,2384278040641;554,482531351617;865,4590228770888;
2000;789,8922523603113;476,3675181562734;799,09341036378;
2500;721,6300044894758;418,0593710594356;782,0616199757156;
3000;671,3257584048553;384,24998349321146;682,5150038240295;
3500;621,9507226723714;361,4491878143463;598,6738810253607;
4000;573,3397081029997;350,6614386970567;497,5342138898231;
4500;530,6113236363079;340,11660399649855;409,9777058005979;
5000;496,4571871148444;333,84125173142377;364,0484196583138;
6000;436,4226745320091;324,92805437692664;266,3909578739547;
7000;386,5340178809545;321,693339122122;229,35018792425237;
8000;351,00348240752766;319,6237547996598;207,7654159633745;
9000;318,64828666130745;317,0358015093528;199,86141799016164;
10000;293,8079903869137;315,1400631876488;194,86613951054565;
12000;263,7488825828852;309,8585315835798;189,5415672213754;
14000;244,97674955822043;308,0046876368027;185,44062361289244;
16000;234,9054557156265;306,03179548256594;183,7301790097102;
18000;227,55434557942192;304,7737304429748;181,2238674192218;
20000;222,29543148404548;301,94415925925546;180,74622120431565;
25000;215,1968681150782;298,10010819012666;180,40592618367808;
30000;211,54154901252852;293,5051751035253;177,7121140031795;
35000;210,43291977918872;291,73266463615624;176,39798271969005;
40000;209,91916958909795;290,6072139520334;175,93701894683412;
45000;209,69845385591069;290,6072139520334;173,6538550401104;
50000;209,58645149054652;290,6072139520334;173,38440669472007;
55000;209,5360091557372;290,6072139520334;173,35140431469668;
60000;209,5152104720106;290,4820486321892;173,3508657802278;
65000;209,50774485565302;286,42795821146683;173,35086577995742;
70000;209,5061704827184;285,34664830121153;173,35086577995708;
75000;209,09683439854177;282,23549139287604;173,3508657799569;
80000;201,0812766081384;282,23549139287604;173,3508657799568;
85000;197,57210171240197;282,23549139287604;173,35086577995662;
90000;197,00511715011234;282,23549139287604;173,35086577995645;
95000;196,2056552449622;282,23549139287604;173,3508657799563;
100000;194,48245236992818;280,398898037182;173,35086577995625;











============================================================================
Função: CEC2017_06
============================================================================
parameter;AGEO2;AGEO1var_5;AGEO2real2_AA3;
meanNFE;1,00E+5;1,00E+5;1,00E+5;
meanFX;1,80E+1;2,24E+1;6,48E-7;
melhorFX;6,47E+0;6,63E+0;5,65E-7;
piorFX;3,71E+1;5,72E+1;9,43E-7;
medianFX;1,76E+1;1,87E+1;6,37E-7;
sdFX;7,43E+0;1,48E+1;6,50E-8;
==========================================================
===> f(x) médio para cada NFE:
NFE;AGEO2;AGEO1var_5;AGEO2real2_AA3;
5;203,971238174073;203,971238174073;198,45108063172856;
50;196,98516926283884;196,98516926283884;189,1224460471611;
100;193,82052040126624;193,82052040126624;189,06669833129536;
500;185,73455249489228;155,55164371994596;181,84311890473316;
1000;179,6010266581374;121,64734121391307;163,0948649930433;
1500;169,04066549524063;92,6702957546226;144,7116240657038;
2000;158,39575518522255;73,13373694004393;127,13328888310846;
2500;147,2442894465667;56,94579752480947;114,52174044268197;
3000;136,04889741361293;46,70017516219325;90,14885862964779;
3500;126,69694934584666;38,4463544811582;71,62160942075099;
4000;117,77349978552662;32,57218315806973;56,62577877424258;
4500;108,25379325117387;29,131893122210506;46,72845854398752;
5000;100,50722271586133;27,067848621032486;36,314402467767074;
6000;87,36376714593992;24,374659515229038;22,374635716583946;
7000;77,29290507886775;23,543978431808366;16,731579989059476;
8000;69,16105040477503;22,93879655883851;11,302278703183413;
9000;62,14311805830109;22,837041594417585;7,78449831837203;
10000;57,005313131865755;22,805668495466854;6,044242734455755;
12000;48,27902620619303;22,805668495466854;3,444081284021452;
14000;41,08104176552644;22,805668495466854;1,7158006392012133;
16000;35,70852477758351;22,70849521825704;0,8834316472235062;
18000;32,26197144920663;22,60630342142289;0,46783038876072924;
20000;29,583592883659907;22,60630342142289;0,2170807021556604;
25000;24,973531044707624;22,430726004608626;0,025754497771674708;
30000;23,278025337174206;22,430726004608626;0,002734403341308023;
35000;22,137055722703114;22,430726004608626;0,0003027712889069166;
40000;21,490135587472643;22,430726004608626;0,0001299051845650252;
45000;21,248564811223684;22,430726004608626;7,865988534913533E-05;
50000;21,09932658799103;22,430726004608626;6,967277741298863E-05;
55000;21,029024053769792;22,430726004608626;6,497937933455079E-05;
60000;20,942983323306674;22,430726004608626;6,31999190088831E-05;
65000;20,89908325812375;22,430726004608626;6,209001569007783E-05;
70000;20,685866440587095;22,430726004608626;6,9567509756090436E-06;
75000;20,104448261490067;22,430726004608626;3,5726085546796823E-06;
80000;19,763099799203182;22,430726004608626;2,527662564078198E-06;
85000;19,424354383026362;22,430726004608626;1,3305914555879483E-06;
90000;18,976769208503008;22,430726004608626;8,043342883509192E-07;
95000;18,545410373286927;22,430726004608626;6,517428210994036E-07;
100000;18,068891082567962;22,430726004608626;6,483847061199612E-07;











============================================================================
Função: CEC2017_07
============================================================================
parameter;AGEO2;AGEO1var_5;AGEO2real2_AA3;
meanNFE;1,00E+5;1,00E+5;1,00E+5;
meanFX;3,40E+2;4,91E+2;1,68E+2;
melhorFX;1,91E+2;2,42E+2;8,76E+1;
piorFX;4,68E+2;9,59E+2;2,42E+2;
medianFX;3,55E+2;4,50E+2;1,71E+2;
sdFX;6,25E+1;1,80E+2;3,10E+1;
==========================================================
===> f(x) médio para cada NFE:
NFE;AGEO2;AGEO1var_5;AGEO2real2_AA3;
5;4302,153351347216;4302,153351347216;4156,542198041515;
50;4143,59698071502;4143,59698071502;3935,9552832392637;
100;4084,5717769896787;4084,5717769896787;3935,5478540565946;
500;3876,489975469254;3179,558440562116;3797,240596811609;
1000;3778,02266763514;2136,8417756168174;3447,77741127578;
1500;3622,982232714797;1529,5619556537843;3023,5685865145297;
2000;3461,7557264426005;1143,7435459625826;2385,934491071971;
2500;3176,6428013614527;924,1543591902267;2156,4551599064453;
3000;2885,156200662031;771,2984933701323;1680,0646301537495;
3500;2610,7417957849507;701,2166470484668;1139,9255442848744;
4000;2367,8871530259125;657,5399799011716;844,6656281592092;
4500;2131,97831306747;634,2149961681594;613,4465407730727;
5000;1909,604802332186;624,5544619601493;483,28650085909123;
6000;1565,1048656119979;574,7733628651508;306,6688444894483;
7000;1287,4691975788144;565,984251078899;264,674895933376;
8000;1085,660912982561;545,2404994893923;232,36538754113852;
9000;930,9447711241088;532,1767704673225;215,71210465312228;
10000;811,6277440950147;523,7495694592777;204,69353809685356;
12000;640,4434548877965;520,772910559406;194,98043831644156;
14000;520,1909082390576;508,9740968955367;189,01415848285632;
16000;459,40515715474214;506,0486689272055;183,33226023784445;
18000;425,63954336227977;501,55027638573114;180,48996134085152;
20000;403,51329983753965;501,55027638573114;178,79328509481834;
25000;376,8385712073566;501,55027638573114;174,58373091049842;
30000;368,26615486550577;501,55027638573114;173,31792008271566;
35000;364,52656342062556;501,55027638573114;172,8054511446377;
40000;362,9963914245122;501,55027638573114;172,2207167254463;
45000;361,9206609965334;501,55027638573114;170,84776911808098;
50000;361,6210831064627;501,55027638573114;170,72640770699837;
55000;361,49608154807294;493,2362391888799;170,66832413193544;
60000;361,45232472747045;493,2362391888799;170,2774001277281;
65000;360,3387791902948;493,2362391888799;169,55928946157255;
70000;356,68336933385746;491,392227445549;169,38579104602073;
75000;352,16760543895947;491,392227445549;169,24422537788502;
80000;350,3515200823161;491,392227445549;168,464785524864;
85000;348,2944804580874;491,392227445549;167,80445063802838;
90000;344,6436074384635;491,392227445549;167,80399117282346;
95000;342,1063382235191;491,392227445549;167,67165422224102;
100000;340,3486331309717;491,392227445549;167,5656441445313;











============================================================================
Função: CEC2017_08
============================================================================
parameter;AGEO2;AGEO1var_5;AGEO2real2_AA3;
meanNFE;1,00E+5;1,00E+5;1,00E+5;
meanFX;2,02E+2;2,61E+2;1,73E+2;
melhorFX;1,17E+2;1,08E+2;1,06E+2;
piorFX;3,21E+2;3,51E+2;2,93E+2;
medianFX;1,98E+2;2,67E+2;1,66E+2;
sdFX;4,87E+1;7,24E+1;4,69E+1;
==========================================================
===> f(x) médio para cada NFE:
NFE;AGEO2;AGEO1var_5;AGEO2real2_AA3;
5;901,3836814960748;901,3836814960748;896,0209443529967;
50;873,2807396233185;873,2807396233185;845,2560184317705;
100;852,8557124742689;852,8557124742689;844,1875637318548;
500;789,9699112716773;725,3609693102333;818,1820116775741;
1000;768,3661791999981;596,9912658419756;780,2574932807424;
1500;720,4243566003253;484,33556407880513;699,950731553785;
2000;668,2164982650934;427,04287570193407;632,0191228268508;
2500;614,361754518647;382,0570923023433;595,9193892563237;
3000;567,3997334992465;355,28642783219607;538,3797181103699;
3500;522,9711625853296;331,57943469088025;439,9317240306375;
4000;489,95157160017897;320,78170635815695;401,24619674938305;
4500;455,5804643512555;314,9843743038738;352,4993409122523;
5000;430,14519314015246;311,0969400926441;319,5727742951844;
6000;380,60084024166207;306,17627880190895;257,0457279681916;
7000;345,7606619847902;302,63876368223595;228,81307469000336;
8000;321,19479893497925;300,98731585276005;208,29931734427194;
9000;300,75088008379777;300,92077930061265;197,54790239606075;
10000;282,7638719767661;299,55851481302767;194,01712371701393;
12000;257,3820769948301;295,4400745688009;187,55809861215428;
14000;240,72261323456618;293,40823557732114;184,65336060346604;
16000;232,29795984222756;292,21281516575885;183,33948624902436;
18000;227,12607724126823;291,585747917657;181,28366289431042;
20000;223,46285883992132;290,31670167118494;180,04347621504888;
25000;218,09088788420485;283,5667149149604;178,37834196761548;
30000;216,24766519516672;281,9652546762796;177,51850356018815;
35000;215,47464369558162;281,90409526721703;176,8316123157324;
40000;215,11057629690788;273,2135866442889;176,49236217386897;
45000;214,94910981822943;271,3511971242998;174,14345279755733;
50000;214,86754341138138;269,11678325366444;173,71229444270338;
55000;214,83127945941703;269,11678325366444;173,7102506256699;
60000;214,81654385880472;268,1390492989262;173,71024982905968;
65000;214,61571045560805;268,1390492989262;173,71024982641583;
70000;214,57378079950317;266,33819753627887;173,710249826415;
75000;214,00908944500205;264,60490590160066;173,71024982641467;
80000;211,9871069380214;263,37519958635824;173,01043219053327;
85000;209,56088918010613;263,37519958635824;172,71529944453943;
90000;207,8118929901148;261,8045420018598;172,71529617688233;
95000;203,00067265015053;260,94168193724084;172,71529615819003;
100000;201,5388404338173;260,94168193724084;172,64902942870245;











============================================================================
Função: CEC2017_09
============================================================================
parameter;AGEO2;AGEO1var_5;AGEO2real2_AA3;
meanNFE;1,00E+5;1,00E+5;1,00E+5;
meanFX;1,00E+4;1,05E+4;7,90E+3;
melhorFX;3,11E+3;4,30E+3;1,04E+3;
piorFX;1,67E+4;1,50E+4;2,29E+4;
medianFX;9,98E+3;1,09E+4;7,79E+3;
sdFX;3,42E+3;2,36E+3;4,98E+3;
==========================================================
===> f(x) médio para cada NFE:
NFE;AGEO2;AGEO1var_5;AGEO2real2_AA3;
5;72554,89209285876;72554,89209285876;76090,66672296105;
50;59543,47108855678;59543,47108855678;63617,851359873624;
100;56963,82721504151;56963,82721504151;62396,7111153613;
500;52652,36511321648;49081,7400506621;55527,57826576945;
1000;48495,238726904376;42144,012390168966;53703,83110775215;
1500;44311,08206162209;35792,00077891742;52253,06277235942;
2000;39333,62722947272;32771,396251649516;49088,133366306436;
2500;34240,840894497596;29144,699303715544;45234,854988277024;
3000;28421,966495779903;25973,31710917273;39682,46356744987;
3500;24668,127126771888;25185,744286174984;34855,72352371568;
4000;22008,769289557797;24586,931740689564;31048,57603932413;
4500;19896,21410793643;23122,40425653994;27473,76738944384;
5000;18385,815065983665;21900,176127314466;25665,859275021197;
6000;16153,121952758473;20884,905764419367;20486,834919478988;
7000;14788,090375686992;20091,63474618723;18509,217494153065;
8000;13843,772334048297;19116,039698684857;15671,745777081944;
9000;13251,03072883289;18408,752623043296;14635,332942556992;
10000;12815,785733899638;18194,333911592777;14060,553308958904;
12000;12330,045756633523;16308,271988360815;12839,76261138179;
14000;11996,10837697476;15976,042620042728;12117,94658605716;
16000;11841,55343312222;15429,481782796833;11786,75845306477;
18000;11731,416441773414;15165,601391753877;11586,268149618683;
20000;11667,657739510336;14821,945509324782;11442,179586713472;
25000;11573,54008736589;14067,412011789207;11129,81121973468;
30000;11530,823931824216;13741,25655439693;10696,671289532458;
35000;11515,366209627415;13344,578391185829;9893,681660528924;
40000;11509,357419479853;13281,837997009134;9206,536617620774;
45000;11500,18562241307;12429,463093240838;9126,905798066064;
50000;11466,294837454607;12037,101727339128;9076,715988064008;
55000;11176,944864924415;11913,702071472353;8831,681025352727;
60000;10914,917009777511;11599,775846347684;8623,381057361334;
65000;10576,145425436587;11312,363705355365;8136,583794397925;
70000;10459,538103975172;11240,36456872611;8056,712697368955;
75000;10332,733190114273;10905,99798820301;8002,191042254923;
80000;10264,762856120067;10905,99798820301;7967,461310157289;
85000;10249,133596322661;10746,989868345201;7946,981056394562;
90000;10199,555703693854;10642,023533369334;7906,541762084716;
95000;10168,345274107833;10642,023533369334;7903,3195442459;
100000;10018,805997590389;10484,39117180752;7895,441757740789;











============================================================================
Função: CEC2017_10
============================================================================
parameter;AGEO2;AGEO1var_5;AGEO2real2_AA3;
meanNFE;1,00E+5;1,00E+5;1,00E+5;
meanFX;4,18E+3;6,94E+3;3,36E+3;
melhorFX;2,87E+3;3,42E+3;1,88E+3;
piorFX;5,29E+3;8,19E+3;4,84E+3;
medianFX;4,25E+3;7,11E+3;3,37E+3;
sdFX;5,68E+2;9,00E+2;7,22E+2;
==========================================================
===> f(x) médio para cada NFE:
NFE;AGEO2;AGEO1var_5;AGEO2real2_AA3;
5;11733,794093158716;11733,794093158716;12022,947022555752;
50;11433,264972527015;11433,264972527015;11289,09000834141;
100;11167,883325434357;11167,883325434357;11288,540611301334;
500;10756,52329700133;10405,622161675776;10996,298215089078;
1000;10480,018144371463;9557,1919378149;10599,272423598106;
1500;9984,540719217941;8883,160522174374;9874,375330084711;
2000;9413,063786633835;8498,112606645192;8861,911247261742;
2500;8762,634511631672;8281,707259430894;8374,80752199614;
3000;8213,499917562624;8097,91465616899;7701,403666148138;
3500;7685,017796383385;8001,12708927545;7083,560626912652;
4000;7287,609817098989;7966,976977094127;6321,936879115678;
4500;6940,455506995792;7957,47459242995;5843,344178058494;
5000;6612,770208015709;7902,19537225865;5515,385463261327;
6000;6123,577711850015;7834,593068851284;4955,143978937664;
7000;5774,778710502795;7803,232118757537;4264,192933649605;
8000;5508,7978121443;7693,472734886956;3974,048142591238;
9000;5283,082551085142;7679,094649629017;3894,1055021972747;
10000;5110,191451330725;7653,707965504832;3777,8319746956267;
12000;4861,348542164264;7602,682354733783;3643,1512555186277;
14000;4687,732008425495;7539,945847514429;3611,550940723171;
16000;4590,770163510381;7479,0580719847585;3588,20356991717;
18000;4524,336799960951;7469,4763332900975;3558,639228564736;
20000;4479,920992808165;7463,158458944684;3538,735938175889;
25000;4421,696726192272;7313,70514722427;3492,496929625016;
30000;4397,368422387365;7226,401637425499;3463,5308209441782;
35000;4388,327835649444;7193,174790450461;3460,378235654726;
40000;4383,8343234022805;7174,304984261611;3445,3848585648298;
45000;4382,119115121778;7126,471071970611;3411,765118740492;
50000;4381,327931754615;7124,718635071535;3403,4034100993576;
55000;4380,902063767904;7124,718635071535;3393,120224288354;
60000;4379,160058505108;7082,735661238234;3383,932811860941;
65000;4368,4319908702255;7044,396426473928;3371,3763767753862;
70000;4346,117830082331;7010,344964130251;3371,036317527794;
75000;4312,53009084498;7010,344964130251;3361,7328588404957;
80000;4256,752895302239;6966,2720044733405;3361,6555119141067;
85000;4230,998889156228;6966,2720044733405;3361,4126763389636;
90000;4209,880111398302;6953,905949885535;3361,3251976321126;
95000;4194,29034816268;6941,383742801091;3361,0426623471194;
100000;4182,489510885022;6941,383742801091;3361,0035394188226;











============================================================================
Função: CEC2017_11
============================================================================
parameter;AGEO2;AGEO1var_5;AGEO2real2_AA3;
meanNFE;1,00E+5;1,00E+5;1,00E+5;
meanFX;1,07E+4;7,13E+3;4,18E+3;
melhorFX;2,13E+3;1,58E+3;4,34E+1;
piorFX;2,34E+4;1,61E+4;5,50E+4;
medianFX;9,95E+3;7,29E+3;5,98E+2;
sdFX;6,30E+3;2,80E+3;1,03E+4;
==========================================================
===> f(x) médio para cada NFE:
NFE;AGEO2;AGEO1var_5;AGEO2real2_AA3;
5;33095773290,598454;33095773290,598454;54866427111,96557;
50;33095769721,485275;33095769721,485275;19449885454,413452;
100;33095767900,62789;33095767900,62789;16305558982,050406;
500;1954249468,073097;1377118570,702967;14524330423,20033;
1000;1836999840,274531;135853250,57365763;7052678620,575438;
1500;1129848307,4625657;13584062,645763936;1305044376,9261434;
2000;295324300,31503797;7894663,862017463;660587273,0494231;
2500;226743423,84053499;53944,885026970886;48846139,813787594;
3000;26048752,659012746;45122,93834237452;734068,6524358593;
3500;27030,971551860643;24513,10130301141;570627,4335738827;
4000;21027,64845631846;23037,906545298356;84256,02734877555;
4500;18185,743839930565;21939,82026660809;77277,28893838818;
5000;16148,360648344034;19755,88705422335;69788,85081185075;
6000;14565,181834023264;17248,373645950833;58429,779532109744;
7000;13672,867095760634;15564,369200863877;54017,07782429966;
8000;13171,298556704514;14629,827770211858;51345,75201324895;
9000;12798,45611005417;14030,350260716297;49877,64550450981;
10000;12539,478667791205;13184,941998355262;48658,81831805137;
12000;12248,116882161643;12666,475765831648;45966,01245789712;
14000;12074,8082418456;12224,70057011477;43002,001374066895;
16000;11983,473623353466;11872,821940170486;40431,25204375911;
18000;11932,849297326968;11346,55423250784;38098,18704557076;
20000;11900,733962247477;11144,44197047179;34737,48712747317;
25000;11854,44297320576;10918,728994203742;30116,605509572473;
30000;11834,126544417542;10297,980275081047;26497,38411091588;
35000;11825,31617971509;9867,080922130703;23517,858285101604;
40000;11820,934014326032;9422,4765817809;20479,062901096124;
45000;11819,205765534965;9165,68124822158;17694,49523741501;
50000;11818,325851223066;8717,519508872261;15286,98926859372;
55000;11817,343831735157;8671,515940021984;13687,575887770206;
60000;11817,112157007481;8457,138204911864;12542,48369960202;
65000;11817,014641661923;8220,652207603425;11583,142898527436;
70000;11816,977488521714;8087,637521644309;10483,022902839675;
75000;11816,962916769722;7850,2843503193635;8349,400736971393;
80000;11805,422821741193;7589,430397857503;7392,829859851821;
85000;11803,738425285439;7589,430397857503;6439,546246827781;
90000;10701,093138670649;7435,33907853316;5455,351937268507;
95000;10686,442892194491;7311,323683720086;4576,303885713229;
100000;10666,734129515486;7132,668436750325;4209,160310109033;











============================================================================
Função: CEC2017_12
============================================================================
parameter;AGEO2;AGEO1var_5;AGEO2real2_AA3;
meanNFE;1,00E+5;1,00E+5;1,00E+5;
meanFX;4,70E+8;1,80E+9;3,02E+7;
melhorFX;4,05E+7;3,50E+8;7,87E+5;
piorFX;2,70E+9;3,12E+9;1,29E+8;
medianFX;3,74E+8;1,89E+9;2,36E+7;
sdFX;5,45E+8;8,41E+8;2,71E+7;
==========================================================
===> f(x) médio para cada NFE:
NFE;AGEO2;AGEO1var_5;AGEO2real2_AA3;
5;66920659436,45283;66920659436,45283;69006603719,9118;
50;65299044934,38114;65299044934,38114;60931315488,3;
100;64582539586,999374;64582539586,999374;60931315488,3;
500;55333748150,780014;46889244345,39992;57597697989,12861;
1000;52893016660,39822;29608311589,50121;46311904364,85551;
1500;49039819769,799545;15134442498,322014;36568755219,707466;
2000;42148206203,2858;8683086870,193079;26432894047,360836;
2500;34339730372,961117;6465167608,58043;21428843110,34795;
3000;26975421367,799213;5349791723,80918;15179986470,257689;
3500;19718270369,384995;4669779409,446784;9283127672,26274;
4000;15198524043,211063;4355492573,362592;3368774366,1373577;
4500;11477980471,687107;4250816681,903177;1880488224,16501;
5000;8899579421,705746;4162669883,3189535;1145942375,0073211;
6000;5724862747,221226;3925226215,478891;475368935,16099256;
7000;3718503231,7777853;3784855399,260164;288624419,68445456;
8000;2612070922,0137897;3677087995,042615;204029115,45205048;
9000;1900710695,834726;3509072529,695457;158478724,27852884;
10000;1477326353,463239;3253990450,4611864;135225047,532373;
12000;1010414330,9041165;3226735357,532188;98471303,86660454;
14000;768970239,7736456;2900064283,1211834;85704506,3092521;
16000;666388165,3786519;2831517580,9346027;70756390,93517973;
18000;604837256,2637616;2684560176,1539826;61235302,91886153;
20000;576426008,3864963;2586289878,4060698;55406583,80781738;
25000;546601534,3750385;2528386343,5638013;49356164,298199974;
30000;537510768,068877;2437514949,363975;48662432,78743783;
35000;534334159,99348754;2322752349,7925687;46567805,32291959;
40000;533067165,81518286;2322752349,7925687;42503794,37604726;
45000;532488987,33930844;2292409811,5018826;41088796,57710798;
50000;532283400,0575803;2209324605,9155493;38617368,06272928;
55000;532181363,6388938;2159705043,3249683;38492947,44457208;
60000;532155222,11342037;2075037143,2368808;38472902,322513394;
65000;532148876,50272524;2042520998,5426648;38466983,618431695;
70000;532148000,40969884;2042520998,5426648;36661451,820018865;
75000;532060677,87166417;1912654197,7864487;34122451,29732973;
80000;531896598,021447;1905039241,3699536;32390288,123450007;
85000;531867472,06866974;1832442813,6170835;31413067,695261646;
90000;531844096,357442;1821424836,5597806;31203043,119383845;
95000;481925751,31357545;1803777084,6409094;30726679,93235377;
100000;470212807,6774085;1803777084,6409094;30198677,34003458;











============================================================================
Função: CEC2017_13
============================================================================
parameter;AGEO2;AGEO1var_5;AGEO2real2_AA3;
meanNFE;1,00E+5;1,00E+5;1,00E+5;
meanFX;1,27E+9;1,22E+9;7,39E+4;
melhorFX;2,64E+7;1,39E+7;3,68E+2;
piorFX;5,99E+9;3,50E+9;6,52E+5;
medianFX;7,08E+8;1,08E+9;2,14E+4;
sdFX;1,43E+9;8,08E+8;1,41E+5;
==========================================================
===> f(x) médio para cada NFE:
NFE;AGEO2;AGEO1var_5;AGEO2real2_AA3;
5;91620429535,79343;91620429535,79343;120293362573,10838;
50;91620397489,83783;91620397489,83783;91347487604,99248;
100;91620396201,19215;91620396201,19215;91162017498,73581;
500;56952006167,9499;52574573567,184364;79995625614,87572;
1000;56068104153,62642;36296809897,5271;69232641602,83199;
1500;49994245289,92801;21440528600,629456;54431469293,09362;
2000;42963454533,52224;13178943873,042204;44345960303,05409;
2500;33867598771,937363;9417816753,910715;37153643889,67654;
3000;25548095602,81657;8571802203,970567;23900073540,158882;
3500;17316947092,2618;8013681931,490447;18317317379,02124;
4000;12896854674,24;7636704354,608899;11230700868,024035;
4500;9046338001,348845;7275556654,880673;6793562987,140456;
5000;6019426077,6878;7240843474,625527;4890146564,631781;
6000;3900878341,0058465;5505954154,734124;950810349,2340952;
7000;2707480723,0511265;4856965077,780994;267026212,07385588;
8000;1870159876,4732137;4429261104,23954;48847202,879712805;
9000;1626485768,0123076;4221803052,9129477;14333083,9273535;
10000;1495381314,2258964;3862098311,712555;5151725,796318391;
12000;1376787952,5668032;3443585543,868555;275384,12072516425;
14000;1329764084,112143;3240688519,5550284;85327,23920858471;
16000;1312597430,5637395;3081429429,9879365;74736,15984623643;
18000;1305936475,2717128;2749372437,252483;74025,08853822175;
20000;1303210324,115579;2720548129,509502;73976,50161505686;
25000;1301569445,3486454;2471650590,9176197;73969,34622377176;
30000;1301341019,3036542;2001550790,1189528;73966,18602442762;
35000;1301321744,7706811;1803787099,052643;73961,17979474858;
40000;1301319905,6517015;1679215988,450761;73957,82857941603;
45000;1301319622,5427163;1500873506,8645897;73954,55186004177;
50000;1301319566,1291373;1424249657,0278609;73952,32343866357;
55000;1301319552,4540865;1410126057,82618;73950,24215201249;
60000;1301319547,9598472;1391358486,3706458;73948,13883916166;
65000;1301319546,2332456;1391358486,3706458;73945,90069267814;
70000;1301319545,684487;1357811206,1060443;73942,44824059101;
75000;1301319093,9921083;1357811206,1060443;73938,90015789501;
80000;1301318648,588401;1311261110,4168267;73936,97892955015;
85000;1301318635,6670616;1311261110,4168267;73935,32438158289;
90000;1301318077,053697;1311261110,4168267;73933,51644113848;
95000;1266100203,856003;1215048395,703871;73931,63442873041;
100000;1265350350,0765595;1215048395,703871;73929,85116582386;











============================================================================
Função: CEC2017_14
============================================================================
parameter;AGEO2;AGEO1var_5;AGEO2real2_AA3;
meanNFE;1,00E+5;1,00E+5;1,00E+5;
meanFX;1,55E+7;2,10E+6;4,25E+6;
melhorFX;3,67E+5;3,86E+5;2,41E+5;
piorFX;6,16E+7;7,95E+6;2,30E+7;
medianFX;1,18E+7;1,63E+6;1,99E+6;
sdFX;1,57E+7;1,68E+6;5,94E+6;
==========================================================
===> f(x) médio para cada NFE:
NFE;AGEO2;AGEO1var_5;AGEO2real2_AA3;
5;5104953467,085171;5104953467,085171;4670291649,918339;
50;5104953424,268;5104953424,268;2182449306,1407404;
100;3504902225,7952695;3504902225,7952695;2177440153,8219223;
500;1199076676,5475845;1182881713,4122477;1317376607,2538354;
1000;1172339982,6529264;470166295,6381971;781202210,7870156;
1500;1014868270,6193017;152152879,77313086;299497303,39482474;
2000;723184493,3318151;73890817,88867855;236749993,21857616;
2500;519945421,9451311;60467896,33412398;218522572,76382062;
3000;201570409,2831057;48841120,5592049;170944691,96124476;
3500;64551143,213613346;43650156,478466876;148258915,98689038;
4000;26074088,67610969;39943442,94270762;122131646,58032537;
4500;21014800,05659041;38023734,185012154;101697859,18605724;
5000;18638349,994962752;36128950,27188441;85842210,82249792;
6000;17077091,743259925;31645661,49524365;59753917,714635216;
7000;16346497,994210638;26252383,7397757;45574084,391596705;
8000;15980819,109499745;18899285,047196764;40527783,61273086;
9000;15796232,716846896;16295631,481823165;31662141,821525984;
10000;15690814,161924602;14344099,95415343;28170688,02164277;
12000;15530143,556894043;12930685,86911642;22297541,730023686;
14000;15490572,865849163;11713140,685919978;15157928,203151649;
16000;15479202,109380955;8341014,5467041135;11977057,386636931;
18000;15474790,725681348;7444121,295052707;10246526,229433933;
20000;15473103,78341241;5499078,352909857;8935297,872626437;
25000;15472522,344508834;5395666,002377554;7014635,437472438;
30000;15472519,539026406;4318845,3719364535;6588374,657384281;
35000;15472518,935133228;4287036,841276708;6326788,9987536045;
40000;15472518,76611462;3945077,1820443296;5844933,205635392;
45000;15472518,719370143;3590621,8692633435;5716409,770672545;
50000;15472518,708685677;3391553,3906745967;5608601,171751785;
55000;15472518,707758987;3389005,2738664392;5424286,720672323;
60000;15472518,707743458;3060634,4057261157;5176898,926726636;
65000;15472518,707743458;2646672,0869830474;5007785,581882042;
70000;15472518,707743458;2499777,599147475;4899378,958262106;
75000;15472518,707743458;2456554,9040420386;4763796,561519411;
80000;15472518,707743458;2381163,338209299;4645875,862212876;
85000;15472518,707743458;2235724,8184891986;4532158,310355958;
90000;15472518,707743458;2235724,8184891986;4411493,013537092;
95000;15472518,707743458;2167887,0167438057;4347059,915694776;
100000;15472518,707743458;2100556,3502671495;4259812,645020775;











============================================================================
Função: CEC2017_15
============================================================================
parameter;AGEO2;AGEO1var_5;AGEO2real2_AA3;
meanNFE;1,00E+5;1,00E+5;1,00E+5;
meanFX;6,90E+8;2,32E+8;4,57E+4;
melhorFX;1,06E+5;1,90E+6;2,04E+2;
piorFX;3,64E+9;6,30E+8;2,92E+5;
medianFX;3,13E+8;2,34E+8;1,49E+4;
sdFX;1,00E+9;1,54E+8;7,46E+4;
==========================================================
===> f(x) médio para cada NFE:
NFE;AGEO2;AGEO1var_5;AGEO2real2_AA3;
5;29415587425,28419;29415587425,28419;50782212273,16452;
50;29409346243,685253;29409346243,685253;41288980931,20297;
100;29409346243,685253;29409346243,685253;41195940624,51549;
500;18616503635,439575;15093437677,023201;34260540213,56041;
1000;17876482364,041447;9934189719,611408;28246910919,948807;
1500;14174701894,075645;6950623207,0979595;20444728601,16488;
2000;11118321138,930147;5134501359,436755;15693220403,912516;
2500;7478208558,559855;4042901195,0083995;13721326416,323599;
3000;5548756178,639196;3156517582,7040296;10355977077,238579;
3500;4033936404,1544776;2533726685,386454;7711568395,636247;
4000;2669830735,797342;2144554356,793794;5104765407,949161;
4500;1921088755,0141032;1979737040,5679052;1950791610,5732353;
5000;1436836716,4485736;1840577407,560533;1325986350,6162918;
6000;1016704818,3468094;1299329735,5828886;662870700,253365;
7000;869716899,0486541;1262874475,8250425;286560072,0853101;
8000;783397924,2253367;1125725680,2515402;79119134,04566257;
9000;741366332,6075283;1012916303,8877242;7464126,4100619545;
10000;717190174,0074722;894495199,5620412;1428826,467593636;
12000;698013788,8577313;856832096,9917334;93333,32718475861;
14000;692131776,7812865;710875238,5527251;49752,65400602229;
16000;690404712,4736022;680568825,349693;45920,087532825084;
18000;689848631,2482139;614036579,1128442;45726,51618559231;
20000;689638517,71881;596479415,8702431;45721,45363447882;
25000;689542829,3120552;554534417,8304068;45716,631118046265;
30000;689541252,38218;432343465,4048638;45712,78353211856;
35000;689541138,9112936;382436813,60975295;45709,60286346535;
40000;689541102,466013;369588957,75593716;45706,05201870633;
45000;689541092,4573518;360737143,74296194;45702,521947754016;
50000;689541089,2976902;357036640,5415718;45699,22809300692;
55000;689541088,2306759;339864701,9520191;45695,91035147292;
60000;689541087,7844332;325634549,5964543;45693,25252559063;
65000;689541087,6205009;302663128,8788817;45690,26370241277;
70000;689541087,5652823;299877926,1143229;45687,53794881641;
75000;689541087,543983;268156446,45153305;45686,36589889482;
80000;689541086,4916191;264473443,14188284;45685,28409333802;
85000;689541086,2411346;257714246,5264063;45684,14751148362;
90000;689519960,4218354;239861116,63766983;45683,11787907109;
95000;689505717,9738071;233584944,00106996;45682,09167915601;
100000;689505624,6339068;231700196,7947539;45681,11013924263;











============================================================================
Função: CEC2017_16
============================================================================
parameter;AGEO2;AGEO1var_5;AGEO2real2_AA3;
meanNFE;1,00E+5;1,00E+5;1,00E+5;
meanFX;1,67E+3;2,27E+3;1,61E+3;
melhorFX;1,00E+3;1,05E+3;7,53E+2;
piorFX;2,31E+3;2,91E+3;3,14E+3;
medianFX;1,66E+3;2,33E+3;1,66E+3;
sdFX;3,31E+2;4,29E+2;4,93E+2;
==========================================================
===> f(x) médio para cada NFE:
NFE;AGEO2;AGEO1var_5;AGEO2real2_AA3;
5;57736,14727821502;57736,14727821502;56586,91061943039;
50;57606,20426149384;57606,20426149384;35903,583291649804;
100;35962,13094152068;35962,13094152068;35837,26736679915;
500;26314,357006961047;21217,112122299273;31208,95885743924;
1000;24877,500413502272;13715,32704749062;26860,648131184123;
1500;21766,819308911756;10536,50635229875;21768,976332131737;
2000;14423,261110813124;7427,023903382488;16491,883432520102;
2500;9353,189706453313;6324,1902206337245;14311,725972146083;
3000;7086,8676404259795;5381,8554816039095;10236,66201560201;
3500;5480,960080460445;4687,334493709937;7917,988774874987;
4000;4377,283584034749;4410,967606302353;6719,544812327285;
4500;3757,5422191223615;4055,4589939761217;5335,228787846589;
5000;3264,591911116243;3841,4572884219842;4753,381538570189;
6000;2787,1145238741688;3365,01083724865;3708,64274800675;
7000;2486,067156031544;3071,026606410315;2151,3768651591004;
8000;2274,9624892834313;3017,749867864847;1981,1057164091756;
9000;2141,1453968396313;2944,2948456854915;1882,322972856768;
10000;2050,3210486994885;2825,6517716684534;1825,4226099523453;
12000;1896,5667704096452;2740,0140109615236;1768,0949692677611;
14000;1826,7286811995348;2722,7449786176294;1710,5385021016664;
16000;1787,6889271149587;2688,532953566327;1693,4808454473923;
18000;1758,533452668224;2642,7343929682233;1672,3085494901266;
20000;1744,8500785305528;2635,5367660018915;1662,2521801271769;
25000;1727,512473983668;2580,420372089739;1657,6558444254256;
30000;1719,7224618401926;2532,307666691043;1652,9716185546083;
35000;1717,068451399731;2479,1683231927987;1648,4135386355479;
40000;1715,5478846012165;2456,681362775043;1646,1191206835836;
45000;1715,0124381089129;2426,612442181286;1643,5925834976895;
50000;1714,7543125837178;2384,500985386288;1631,2847697744246;
55000;1714,6682808485882;2363,0837968120113;1617,0013761574958;
60000;1714,0716299352036;2324,647317316935;1614,3194522935214;
65000;1713,4740010298913;2306,0027362874725;1614,0531914442256;
70000;1712,4499961371453;2306,0027362874725;1613,8865417437887;
75000;1710,2413876107573;2306,0027362874725;1613,8708079630721;
80000;1697,0713727957789;2306,0027362874725;1613,8580638094847;
85000;1684,8830005397715;2292,8006360452046;1613,8452907456258;
90000;1675,046589379022;2282,5774216218483;1613,82858788815;
95000;1670,912674249347;2267,6751758925793;1613,7799493217074;
100000;1670,2828011811391;2267,6751758925793;1613,759375360051;











============================================================================
Função: CEC2017_17
============================================================================
parameter;AGEO2;AGEO1var_5;AGEO2real2_AA3;
meanNFE;1,00E+5;1,00E+5;1,00E+5;
meanFX;1,06E+3;1,14E+3;8,67E+2;
melhorFX;4,93E+2;7,16E+2;3,10E+2;
piorFX;2,94E+3;1,52E+3;1,36E+3;
medianFX;9,02E+2;1,18E+3;9,36E+2;
sdFX;5,57E+2;2,21E+2;2,85E+2;
==========================================================
===> f(x) médio para cada NFE:
NFE;AGEO2;AGEO1var_5;AGEO2real2_AA3;
5;29784050,288088568;29784050,288088568;39667821,30034704;
50;29783500,615590274;29783500,615590274;12356237,824608883;
100;17632836,563233193;17632836,563233193;12346753,238378385;
500;3755299,202801967;2157741,076849371;7874868,182146737;
1000;3678530,6264708466;342213,6694056889;4267460,31654564;
1500;1649831,4500040864;143511,66677308068;2803093,139605843;
2000;853782,9401589636;38196,25450887078;1438595,7873021925;
2500;524221,013855083;35496,10925865082;741744,0415224581;
3000;174414,4741906179;23705,028454081526;310553,3355429733;
3500;96389,06136780775;19199,468299515123;111951,3459475911;
4000;22400,20195521658;16476,360333984638;56013,056719902874;
4500;12831,44406696325;15745,606860313059;8676,73792166008;
5000;7872,574090080976;14448,852484838144;2836,7705537748657;
6000;3414,28774785692;5303,7094860720235;1106,8624345087649;
7000;2201,341533788679;3833,8012715519612;1014,8431716198412;
8000;1690,628346919132;3778,923308071772;952,312961892658;
9000;1489,94129215212;3711,420130239604;938,7592441078708;
10000;1395,9704865181272;3252,6116556003526;915,9142297148562;
12000;1309,3874439069702;2711,1035354220453;912,3026162827624;
14000;1264,2450521771837;2683,5894469360715;911,959257003076;
16000;1239,7766860695;2012,9441010423252;911,9034540696247;
18000;1226,2986960426185;1884,8527209031668;911,8254188917132;
20000;1219,0370097506793;1844,7690191419038;911,6670829004514;
25000;1207,6708684077332;1742,3284772593427;909,2071123994987;
30000;1205,0605239899;1453,8006141395526;907,701576464399;
35000;1203,8980219322073;1409,1499284900963;907,0630796797319;
40000;1203,2935962472027;1363,1640903385828;871,0776357520151;
45000;1202,6710850191735;1278,6812396539733;871,0179277038128;
50000;1202,6145429935757;1265,9442096105017;870,8215579403598;
55000;1196,7778571652846;1255,7113676745187;870,7834038418888;
60000;1195,0866603789634;1245,9464194075913;870,7601389286522;
65000;1180,2705371229338;1242,7267044368084;870,7530930562776;
70000;1107,4393802181232;1209,8660915169128;870,7474489097333;
75000;1100,8544130257987;1209,8660915169128;870,7070170607033;
80000;1100,1440176637943;1185,6363686332538;870,6940259191972;
85000;1096,9871807602294;1166,9964293796697;870,6903532077141;
90000;1082,717141596095;1151,2047085044892;867,2487013563234;
95000;1068,3976731837442;1139,7036808457744;867,2171561105795;
100000;1058,65206579411;1138,0687665404141;867,178945401733;











============================================================================
Função: CEC2017_18
============================================================================
parameter;AGEO2;AGEO1var_5;AGEO2real2_AA3;
meanNFE;1,00E+5;1,00E+5;1,00E+5;
meanFX;1,55E+7;1,24E+7;7,46E+6;
melhorFX;6,83E+5;1,46E+6;1,05E+5;
piorFX;8,15E+7;3,68E+7;3,50E+7;
medianFX;9,46E+6;1,07E+7;4,23E+6;
sdFX;2,06E+7;8,14E+6;8,51E+6;
==========================================================
===> f(x) médio para cada NFE:
NFE;AGEO2;AGEO1var_5;AGEO2real2_AA3;
5;23373888201,474808;23373888201,474808;28453155447,812737;
50;22098342095,978725;22098342095,978725;16239642511,32721;
100;18334060964,18964;18334060964,18964;16156733046,877302;
500;8972208661,430775;6770481134,349116;13375938031,241426;
1000;7964729907,348757;2865904417,051433;6243929086,057511;
1500;5727329644,655274;1612911963,4798172;4003460693,788504;
2000;3794585938,2626386;1149785080,0720346;2743634311,5820217;
2500;1425222147,6271741;976912739,1138356;2381562918,92492;
3000;630608739,4094689;705658857,0746104;316709785,54829085;
3500;211146062,3742492;617704434,5551686;270993348,4938367;
4000;80091167,59548539;299054593,75522846;168177131,4657273;
4500;39464397,03718673;178845923,3840956;150950169,24065304;
5000;27388843,068987243;136923706,50819352;137672523,3395104;
6000;21786683,694582917;127673001,44869147;107130600,67307483;
7000;19587781,14888161;103411246,25101092;75632023,28018506;
8000;18783662,42438265;95167942,71745834;52527457,51490525;
9000;18380361,196499493;93939368,99619573;45044094,10169388;
10000;18115668,259863626;92595729,54361664;38356927,69893304;
12000;17793632,83970645;67155210,98144184;29913080,82422813;
14000;17739374,81034019;59261055,09169258;23619689,37735395;
16000;17715155,881407365;51150755,871472515;17787492,44011347;
18000;17667293,811690018;46395389,72612349;12450821,076001048;
20000;17665228,31613755;44526368,613669194;10800507,935768435;
25000;17664489,13704725;36454810,587229386;10043627,019194623;
30000;17664470,21457535;30969327,382760134;9799950,591388686;
35000;17664465,54073878;27893937,558037095;9641404,354528071;
40000;17664465,029304113;23695492,4923635;9480253,409796296;
45000;17664464,9055241;21857290,984138645;9360117,42724344;
50000;17664464,688488726;21176872,079059087;9152403,438840367;
55000;16052322,77971561;20597266,72355334;8822331,105928715;
60000;16051735,558903921;19864379,00555716;8365237,588209071;
65000;15713661,46918427;18641067,857362483;8201772,753379223;
70000;15652573,388969006;16794881,73165194;8076309,456328397;
75000;15629732,71136563;16126588,185209306;7973066,552902586;
80000;15628895,089436723;16126588,185209306;7864881,264896735;
85000;15620679,135163037;15319761,580271909;7763559,491483187;
90000;15582775,486488929;13710506,017686116;7651535,15481114;
95000;15525504,647403115;12460221,03737439;7575602,910121796;
100000;15525475,597979836;12356167,765645599;7467053,698052562;











============================================================================
Função: CEC2017_19
============================================================================
parameter;AGEO2;AGEO1var_5;AGEO2real2_AA3;
meanNFE;1,00E+5;1,00E+5;1,00E+5;
meanFX;7,06E+8;2,89E+8;3,04E+4;
melhorFX;8,33E+4;2,48E+6;1,07E+2;
piorFX;2,66E+9;6,89E+8;2,66E+5;
medianFX;3,65E+8;2,69E+8;1,31E+4;
sdFX;7,68E+8;1,70E+8;6,20E+4;
==========================================================
===> f(x) médio para cada NFE:
NFE;AGEO2;AGEO1var_5;AGEO2real2_AA3;
5;49489000794,28028;49489000794,28028;44251343980,22852;
50;49401530211,9179;49401530211,9179;31957772797,38447;
100;42277344657,70833;42277344657,70833;31630078930,599754;
500;25975075322,155357;24347231462,03943;28189119786,167336;
1000;24773090462,9243;13543444342,286871;22842951729,513306;
1500;22707706096,708206;9471528369,727297;17489183855,65326;
2000;19833759510,282146;6372803686,018775;14899551686,89614;
2500;11504321386,848427;4665903706,928458;11634224337,584383;
3000;7430047112,346529;3838300514,8322062;7673325825,739278;
3500;5023972856,444927;3503510975,4508014;5649117079,836753;
4000;4012177129,0308695;2994861628,683072;4058245997,6598644;
4500;2570703691,351037;2857390653,8337;2320220960,3631387;
5000;2090635010,6661844;2776482310,300177;1825245396,9819276;
6000;1240217242,3035927;2440555843,3274927;466982148,269896;
7000;1040895853,6233861;2263001718,4597387;100463452,79100414;
8000;914355486,0414813;2171800329,854071;14613018,48415686;
9000;859736508,646917;2022375092,8844228;5066549,721377583;
10000;831393818,1455902;1777213063,4243932;1119534,0193014296;
12000;806346753,4135699;1346309846,366486;55891,51252102151;
14000;773113171,5898838;1211300919,0737855;30469,38370644832;
16000;767548774,384671;946784574,0274585;30372,02966003987;
18000;766458451,8228499;854379548,594948;30368,781776334705;
20000;766084956,8088658;834281176,4677557;30368,07897331422;
25000;765904150,755509;634007338,0532323;30367,194602944837;
30000;765890636,8396981;594856269,9172865;30365,582093446374;
35000;765890344,3421136;581760585,6391851;30364,737842146733;
40000;765890333,1999515;555252958,6476636;30364,104807361437;
45000;765890331,0167187;490440596,7836086;30363,39189719811;
50000;765890330,6204417;474646041,15274924;30362,773921648164;
55000;765890330,1975578;409547388,40214217;30362,177157058777;
60000;765890328,6465192;400508970,2890778;30360,896838446464;
65000;765890327,8638293;380686531,97561115;30360,294970271145;
70000;757211499,2620264;378651947,03163266;30359,622506799395;
75000;757211349,1760368;325195757,7773338;30358,682429115048;
80000;708909278,9045236;323396535,0227352;30358,110895875332;
85000;706318085,9167764;307045773,7498042;30357,547423272485;
90000;706306290,4790622;304177548,00597;30357,03228102777;
95000;706306277,4896233;293280384,5681303;30356,291806140052;
100000;706291195,7381432;288947090,1028055;30355,667079552917;











============================================================================
Função: CEC2017_20
============================================================================
parameter;AGEO2;AGEO1var_5;AGEO2real2_AA3;
meanNFE;1,00E+5;1,00E+5;1,00E+5;
meanFX;9,96E+2;9,74E+2;7,84E+2;
melhorFX;2,82E+2;5,36E+2;2,21E+2;
piorFX;1,57E+3;1,26E+3;1,38E+3;
medianFX;1,03E+3;9,87E+2;7,45E+2;
sdFX;3,42E+2;1,41E+2;2,78E+2;
==========================================================
===> f(x) médio para cada NFE:
NFE;AGEO2;AGEO1var_5;AGEO2real2_AA3;
5;2896,2155150909466;2896,2155150909466;2927,944404226348;
50;2888,1835799407463;2888,1835799407463;2454,7066572972103;
100;2878,714082192392;2878,714082192392;2321,9581889085466;
500;2043,6717757788576;2045,6457678849229;2235,964425647015;
1000;1994,2679198280264;1838,3370609687545;2204,902812746547;
1500;1868,396244433673;1755,3865166895819;2076,12307530745;
2000;1757,7154037421835;1658,5393374429282;1994,3792829649826;
2500;1590,127263276723;1602,7062652939674;1941,145364992769;
3000;1459,4973633552115;1548,4811798303951;1812,4039541016225;
3500;1363,3405323796883;1523,4528056599597;1579,406932012367;
4000;1299,030577667219;1506,1078519110038;1491,2690615906208;
4500;1249,3045425831417;1483,7467407630863;1316,4673694888163;
5000;1202,9273315387481;1446,1218272565904;1201,7422193998527;
6000;1145,9507992508286;1419,4012224333774;1052,568581760555;
7000;1106,4098567478918;1373,2136818972765;1018,9576627805927;
8000;1068,3008808326508;1354,34290929737;979,5745000551314;
9000;1046,317772821322;1309,8194455538503;944,0525645036919;
10000;1033,601235438717;1302,338060834814;914,3746319166456;
12000;1016,6791636616151;1276,9468909951531;877,9053816652165;
14000;1007,8119248938126;1261,20550469279;844,9441782370031;
16000;1002,9357087750636;1242,4858933465393;840,379789469462;
18000;999,8697885818162;1235,7071518152266;838,0280335191547;
20000;998,2839083538379;1224,3191389333851;835,9281211340648;
25000;996,7126842989269;1188,8283521748415;833,007099563847;
30000;996,1863440254707;1152,489301549939;826,4242488698854;
35000;995,9575453438189;1111,1159628506095;823,8272728688648;
40000;995,8826463462415;1088,1900708701764;822,4962313659354;
45000;995,8727601085831;1088,008938430893;821,7383063466201;
50000;995,8718736391438;1073,1492537110012;821,1888414242187;
55000;995,871858670071;1060,6308770708663;820,2279508281747;
60000;995,871858670071;1051,2819238754375;819,1645548171068;
65000;995,871858670071;1039,855171272635;786,4295744600389;
70000;995,871858670071;1017,2209773814915;786,2029890530009;
75000;995,871858670071;1002,8545491273508;786,0207473616878;
80000;995,871858670071;1000,0445332803072;784,7260673015566;
85000;995,871858670071;985,852832780751;784,4757416119518;
90000;995,871858670071;985,852832780751;784,4703142127862;
95000;995,871858670071;981,7204440000158;784,4654410920216;
100000;995,871858670071;974,0823895155957;784,2054238758805;











============================================================================
Função: CEC2017_21
============================================================================
parameter;AGEO2;AGEO1var_5;AGEO2real2_AA3;
meanNFE;1,00E+5;1,00E+5;1,00E+5;
meanFX;3,95E+2;4,91E+2;3,67E+2;
melhorFX;3,17E+2;4,45E+2;2,78E+2;
piorFX;5,02E+2;5,42E+2;4,22E+2;
medianFX;3,81E+2;4,92E+2;3,76E+2;
sdFX;4,58E+1;2,41E+1;3,68E+1;
==========================================================
===> f(x) médio para cada NFE:
NFE;AGEO2;AGEO1var_5;AGEO2real2_AA3;
5;1298,2040719002653;1298,2040719002653;1535,470140075698;
50;1215,5031460807645;1215,5031460807645;1394,5876102455888;
100;1195,1070563792498;1195,1070563792498;1394,3815651817256;
500;1087,483125874844;983,0868103211517;1348,2447739412926;
1000;1046,5191918111423;834,9580151539783;1284,1326003997763;
1500;974,6662378925915;731,9493898473414;1226,9880247911722;
2000;903,8348141659538;661,5084570262445;1147,4309787672184;
2500;838,4588865583438;619,4191022098549;1115,4055373510998;
3000;781,883167358022;589,4629277843011;1023,7054494725892;
3500;735,5777819791049;567,598985643973;969,3044457013182;
4000;693,3481108407371;559,9223022533649;811,5972211164304;
4500;656,2401318839591;551,5602267950969;730,6063829563924;
5000;622,0774180889383;548,6220407076097;701,5376499102643;
6000;570,3075974704533;539,8617925523228;586,991598011426;
7000;531,479903388137;532,7950662738631;471,23098937503494;
8000;503,2399609207819;531,0891917455072;400,38613743153;
9000;483,978507760721;529,5525983107157;390,78699073416726;
10000;469,5654935277196;529,2860795427499;385,4297277577532;
12000;447,61638071880714;527,5607389139009;380,8564712130584;
14000;432,8732894778793;524,1467820596696;379,62991273652375;
16000;426,0705363718977;517,559840654067;375,7211021165185;
18000;421,7540952024811;512,7005365269594;374,12861127987736;
20000;418,9093319253392;511,3152811983906;374,08308322125987;
25000;414,36464370171393;510,645786490628;371,5502876065266;
30000;412,61675830042765;510,645786490628;371,51778476562544;
35000;411,1826777607893;509,00613227828813;370,8997518346085;
40000;410,8151282288797;508,30508819984703;370,81146731482875;
45000;410,6520972406179;504,79473647026765;368,1129572463704;
50000;410,5633358792512;503,390856621809;367,82233945793246;
55000;410,5231846308316;499,71373535856605;367,17950755377456;
60000;410,5042774366392;499,71373535856605;367,1602399806743;
65000;410,49584211625773;499,4340064444456;367,1599727080093;
70000;409,6687831069765;499,4340064444456;367,1598430561351;
75000;407,75922591164255;497,94760547422834;367,1597830369603;
80000;403,4576778586182;494,4790505064711;367,15975880918984;
85000;401,38763163824393;491,6369068146689;367,15974087638534;
90000;400,87397298437884;490,99122113506746;367,1597309293871;
95000;397,0174354851047;490,78240231742774;367,15972754760975;
100000;395,5987959569469;490,78240231742774;367,1597252786868;











============================================================================
Função: CEC2017_22
============================================================================
parameter;AGEO2;AGEO1var_5;AGEO2real2_AA3;
meanNFE;1,00E+5;1,00E+5;1,00E+5;
meanFX;4,06E+3;3,35E+3;4,35E+3;
melhorFX;3,85E+2;2,66E+2;1,06E+2;
piorFX;6,71E+3;7,95E+3;6,71E+3;
medianFX;4,28E+3;2,90E+3;4,33E+3;
sdFX;1,56E+3;2,69E+3;1,07E+3;
==========================================================
===> f(x) médio para cada NFE:
NFE;AGEO2;AGEO1var_5;AGEO2real2_AA3;
5;12112,21374074471;12112,21374074471;12044,517950678546;
50;11678,901928233547;11678,901928233547;11288,218078510143;
100;11484,488533462096;11484,488533462096;11257,4258236046;
500;10908,041533862286;10625,115031460433;10890,5113772569;
1000;10612,748691461678;9877,696560703987;10676,021788920885;
1500;10113,995955235241;9276,941620984211;10210,594257765179;
2000;9497,746822160145;8878,77031136337;9912,99207538751;
2500;8939,097694810034;8497,696576052991;9477,598361271743;
3000;8455,402552234656;8256,102344079789;8876,516685074075;
3500;7982,873059939276;8040,930083734176;8352,990990527156;
4000;7542,315099434875;7891,201325287195;7651,331641390617;
4500;7069,052488281994;7770,623427080461;7140,452542136846;
5000;6718,945371042241;7679,595241475593;6720,281232606359;
6000;6141,854411951605;7584,919107475826;5795,563537908288;
7000;5727,705914959287;7483,614020078473;5386,281802300325;
8000;5413,623101446374;7268,12326468578;5115,56889917861;
9000;5188,368670147849;7163,863216657023;5036,756150688185;
10000;5021,23224479093;7030,428392392309;4959,19558529906;
12000;4775,439200805385;6759,650845565119;4822,215820139832;
14000;4591,2379948293365;6256,824295306486;4644,578297932022;
16000;4487,399085089975;6036,932356451424;4593,642652566042;
18000;4425,686774804443;5900,498215206478;4571,6276713764155;
20000;4384,118864146775;5855,5599137947565;4545,255630360463;
25000;4329,270536052714;5825,590249775149;4503,128190697986;
30000;4305,141469943468;5663,5841857261685;4492,3719202650245;
35000;4295,546805154937;5202,626934305144;4469,692376899652;
40000;4289,7896221250685;5055,101915397547;4462,638993730053;
45000;4287,93153389306;4563,226430300592;4446,881871565734;
50000;4287,0883874329775;4466,390603266511;4427,6120007119125;
55000;4282,4982558153015;4463,757227971254;4422,63982618834;
60000;4245,704799510796;4189,477089113477;4379,683124758269;
65000;4219,475293504135;4085,581346447305;4369,211534655203;
70000;4204,91101589291;4085,581346447305;4367,322285664643;
75000;4181,964759678046;3844,279025439049;4365,611073463208;
80000;4166,9668007182;3787,5693803601393;4352,33899836244;
85000;4148,346626010882;3670,5565840675904;4349,3981786598315;
90000;4101,134071805385;3559,4765285001263;4349,395867611779;
95000;4074,9331226355944;3559,4765285001263;4348,636487685788;
100000;4056,395414425949;3353,5870646767075;4347,436460272135;











============================================================================
Função: CEC2017_23
============================================================================
parameter;AGEO2;AGEO1var_5;AGEO2real2_AA3;
meanNFE;1,00E+5;1,00E+5;1,00E+5;
meanFX;5,74E+2;6,56E+2;4,96E+2;
melhorFX;4,76E+2;3,97E+2;3,90E+2;
piorFX;7,30E+2;7,80E+2;5,87E+2;
medianFX;5,83E+2;6,60E+2;4,91E+2;
sdFX;6,98E+1;7,75E+1;4,67E+1;
==========================================================
===> f(x) médio para cada NFE:
NFE;AGEO2;AGEO1var_5;AGEO2real2_AA3;
5;3640,586717825973;3640,586717825973;3899,532748297365;
50;3439,4300288781255;3439,4300288781255;3370,275422723987;
100;3295,2848257667188;3295,2848257667188;3351,1088664070103;
500;3076,296880213937;2275,923066437271;3193,1692338821717;
1000;2885,2115368029777;1637,2317439012106;2953,679588233806;
1500;2576,362763889215;1266,5681358974584;2648,0154709096055;
2000;2240,3199848662493;1066,3675147041733;2419,1831019938413;
2500;1994,9765560012227;900,4506305773689;2333,5239967719513;
3000;1736,5849796853702;835,5523844642863;1909,9534154180797;
3500;1521,4964513392597;770,2431669857643;1185,1688531445977;
4000;1349,9581644435925;743,7349066203209;975,6330886210911;
4500;1226,3702315124563;720,4854696592752;839,3584271884959;
5000;1136,041697351803;710,6959962956688;786,849434908378;
6000;982,666296330131;702,0138380350156;618,7789455698312;
7000;885,2987716809058;695,9811948577969;571,6062482890894;
8000;818,3257752022045;695,0601988522177;539,6535505597479;
9000;769,7257876633784;685,8839733989389;524,7772065785073;
10000;733,906458641962;676,5202624756495;516,4455860327661;
12000;685,1943102161848;673,212646580165;509,68528452550095;
14000;653,9140181217123;673,212646580165;508,1356907068556;
16000;633,8537602557827;671,6200371490831;506,89862265193045;
18000;623,6143453114427;668,9358149290136;506,28593436257023;
20000;616,3640006379726;668,9358149290136;506,1425673668215;
25000;607,3306636260783;667,9587755928867;503,85363280220173;
30000;603,6685076596839;665,7455991760829;501,5165001057427;
35000;602,2466724389994;664,7447391861746;500,1401652506295;
40000;601,6113473119793;664,7091543077711;499,58409333155333;
45000;601,3237411781159;664,694445179077;499,5797250970356;
50000;601,1671240271079;663,9289106999306;499,44081772216225;
55000;601,0987226123001;663,4911806529482;499,2102117557546;
60000;599,3215387297766;663,4347446117025;498,05073228814325;
65000;598,8406097435188;662,0735876200094;496,9474927253099;
70000;595,8173217672346;659,2264324704446;496,803746679502;
75000;591,3987908608393;659,2264324704446;496,8032510766615;
80000;586,3732972491151;659,2264324704446;496,803121573042;
85000;583,1440317229445;657,7719945166002;496,80280716905344;
90000;580,7454641999949;657,7719945166002;495,5908493352132;
95000;575,2800606869392;657,7719945166002;495,5073808443718;
100000;574,1678349715664;656,4234888088365;495,5046164105925;











============================================================================
Função: CEC2017_24
============================================================================
parameter;AGEO2;AGEO1var_5;AGEO2real2_AA3;
meanNFE;1,00E+5;1,00E+5;1,00E+5;
meanFX;8,16E+2;7,90E+2;6,44E+2;
melhorFX;6,36E+2;7,22E+2;5,20E+2;
piorFX;1,16E+3;8,65E+2;9,36E+2;
medianFX;7,92E+2;7,98E+2;6,16E+2;
sdFX;1,19E+2;3,75E+1;9,83E+1;
==========================================================
===> f(x) médio para cada NFE:
NFE;AGEO2;AGEO1var_5;AGEO2real2_AA3;
5;3876,7386694971933;3876,7386694971933;4227,298737792285;
50;3732,3942393807256;3732,3942393807256;3861,623789448529;
100;3608,979705484462;3608,979705484462;3861,623789448529;
500;3452,2037106288567;2785,152225603524;3636,9194060706927;
1000;3334,796942994113;1809,5524105916581;3290,057256610591;
1500;3071,2258933738867;1321,8730675442687;2832,1265890327168;
2000;2838,3320820560048;1061,1408279544582;2519,4694463981914;
2500;2562,975448224832;979,889585661679;2347,1540087040144;
3000;2298,080122913911;930,1688215954435;1941,3516731692034;
3500;2006,4889075406534;904,8342893115713;1541,6964279439608;
4000;1795,0590784133612;863,2920399718455;1339,004273568392;
4500;1586,6454108578175;852,034777035975;1001,0846637574285;
5000;1427,5402040163324;839,2731615921919;974,2426958954445;
6000;1230,9760342061252;839,2731615921919;848,9460849310801;
7000;1110,1183246783598;835,8932553500874;801,6433346512953;
8000;1030,357809602781;834,3316175476559;749,6053275652768;
9000;988,3185674388836;834,3316175476559;720,4483521003496;
10000;956,6212587913936;831,6290732558999;712,8487282675502;
12000;927,2026614032246;830,7578179079325;699,0263890766943;
14000;905,3388333826382;829,0941825490114;686,5653016873296;
16000;894,5638218956027;824,8583125687652;681,7196060936354;
18000;887,5370220848242;824,4950506592759;680,626532826917;
20000;882,8567641005537;819,8100637663285;680,6244959251824;
25000;876,7546303954358;814,6370235937345;673,5015249275865;
30000;874,2512039570066;811,9711356784671;667,7268550451543;
35000;873,0915943334459;809,8321204052011;662,256928736986;
40000;872,5211080989213;809,5976961760539;662,2467587927982;
45000;872,1739470568725;807,8566641177684;662,1617953946785;
50000;872,020119920954;805,9186453658166;661,1487689803417;
55000;871,9518801318111;801,3096396534639;659,546977268146;
60000;871,8805300668282;800,9414072263878;659,5462622655856;
65000;871,8630186226894;797,680057037589;653,9607963648458;
70000;871,8573453044348;795,4712981307008;651,6082733091046;
75000;866,1715467363023;794,6763104529406;651,3461955468057;
80000;850,607171473754;791,6370170640188;651,3461938630575;
85000;838,7423960879975;790,9761948644195;649,6399241003465;
90000;831,5794726655763;790,9761948644195;644,5641856317278;
95000;821,547771980393;790,1139113893149;644,4092217672544;
100000;816,1970334063886;789,6309490712047;644,4092208770472;











============================================================================
Função: CEC2017_25
============================================================================
parameter;AGEO2;AGEO1var_5;AGEO2real2_AA3;
meanNFE;1,00E+5;1,00E+5;1,00E+5;
meanFX;8,27E+2;1,35E+3;3,97E+2;
melhorFX;5,24E+2;6,20E+2;3,84E+2;
piorFX;1,60E+3;2,64E+3;4,29E+2;
medianFX;7,48E+2;1,25E+3;3,89E+2;
sdFX;2,77E+2;5,17E+2;1,41E+1;
==========================================================
===> f(x) médio para cada NFE:
NFE;AGEO2;AGEO1var_5;AGEO2real2_AA3;
5;60538,608517396446;60538,608517396446;65623,10506480988;
50;55758,82673744027;55758,82673744027;52147,903897308905;
100;43896,94154624766;43896,94154624766;51883,226362284004;
500;37162,65209165247;25696,090885745463;44184,901582103186;
1000;34264,94876366233;14426,566630696778;36029,55760052779;
1500;30525,032276422546;7954,41507286388;32093,660876479666;
2000;25766,484215482185;5154,727042618572;25347,367912108664;
2500;20650,23028989151;3869,3303285029597;22765,202108228135;
3000;15390,830838555476;3209,215257124083;15897,163518675497;
3500;12286,588851030112;2755,0067779734354;10194,806642332602;
4000;9686,194201440621;2564,1170121012315;4472,490576858053;
4500;7805,776184113841;2423,783454477177;3066,2167477884213;
5000;6378,781359834088;2286,067715364478;2192,1088770079714;
6000;4571,640086321722;2133,47934548906;831,9711765489408;
7000;3531,7470800058177;2049,089841018134;657,8530024794925;
8000;2808,5304026109466;2032,9215239444964;563,6477960724372;
9000;2324,98439762699;2032,7585398884007;518,5065450455469;
10000;1924,6116169991108;2031,4319898654276;498,930891208662;
12000;1498,862639845905;1923,804938075627;467,289087955559;
14000;1221,4480111179735;1840,643019398701;447,70953008170443;
16000;1086,7896405773718;1722,4383858819924;434,46585539426343;
18000;1005,4617048758896;1674,3328808692565;426,00212346637244;
20000;947,2053387033083;1653,8991607496762;419,18403051051706;
25000;883,2335106366986;1600,326957904531;408,1522153824375;
30000;857,2943469642943;1541,1312687591912;403,54405384862304;
35000;845,2520096268668;1541,1312687591912;400,63466393786507;
40000;838,927471957264;1520,7465340609183;398,77975756577484;
45000;833,495558964091;1445,461403267672;397,95518433800225;
50000;831,8333725331825;1435,690128320901;397,49424048824125;
55000;830,8638378209286;1419,4857948220806;397,3276547020323;
60000;830,3785561384744;1419,4857948220806;397,2814611001037;
65000;830,0612406536433;1419,4857948220806;397,2748968340966;
70000;829,90058792166;1419,4857948220806;397,26923617167597;
75000;829,7960684842617;1368,219490553083;397,26347282256023;
80000;829,7467754824146;1368,219490553083;397,26010434537847;
85000;829,7240942590832;1361,7187446865294;397,2600534312302;
90000;829,6928180042104;1346,301367996025;397,2600529153991;
95000;828,4325079075376;1346,301367996025;397,2600522595505;
100000;826,7230562011865;1345,2042737213244;397,26004883262283;











============================================================================
Função: CEC2017_26
============================================================================
parameter;AGEO2;AGEO1var_5;AGEO2real2_AA3;
meanNFE;1,00E+5;1,00E+5;1,00E+5;
meanFX;3,40E+3;4,08E+3;2,87E+3;
melhorFX;1,03E+3;2,77E+3;3,00E+2;
piorFX;4,92E+3;5,74E+3;3,82E+3;
medianFX;3,72E+3;4,01E+3;3,08E+3;
sdFX;9,66E+2;8,15E+2;8,09E+2;
==========================================================
===> f(x) médio para cada NFE:
NFE;AGEO2;AGEO1var_5;AGEO2real2_AA3;
5;33392,94101896688;33392,94101896688;37121,15906787867;
50;28788,36495782337;28788,36495782337;29861,613393694457;
100;27619,43606176089;27619,43606176089;29861,613393694457;
500;25133,45303540289;17768,380205507456;28394,415260421338;
1000;23368,994418670878;12404,005954689364;25104,092726674466;
1500;21484,07919371027;8964,291467314975;23201,155187919907;
2000;19147,096665192475;7302,5689854668735;19959,990856403678;
2500;16783,01755962103;6367,080932687097;17939,46539671479;
3000;14684,038261760525;5696,6652599517165;12994,185142628734;
3500;12707,663475539059;5270,105638389783;8836,342025312484;
4000;11249,932454795273;5021,4295694557795;7064,685542677897;
4500;10004,191129634459;4849,048264977746;5846,482891063153;
5000;9031,341491868234;4745,584354027738;5268,149442981903;
6000;7639,173460377648;4562,4579372547405;4149,406473702316;
7000;6592,061779544036;4513,509230569864;3591,037788087521;
8000;5823,138057510845;4473,823834503063;3281,758750730954;
9000;5279,305632174177;4468,4658599776585;3140,5584235634465;
10000;4906,172949534382;4413,288763676412;3060,5279274126583;
12000;4416,811518948512;4386,019857343869;3008,930047867522;
14000;4094,9744874128214;4340,347189365801;2983,4011675715155;
16000;3921,6772583547368;4316,786157147708;2959,4581240752873;
18000;3815,3590703954983;4310,636557010096;2951,2554880751345;
20000;3737,2246950052427;4219,733999993115;2938,882242153008;
25000;3638,6903593537186;4186,000629634031;2930,068395445502;
30000;3601,0215130363745;4176,240567848859;2929,9788197925645;
35000;3586,9520074450766;4162,9211936161755;2929,9783768619145;
40000;3580,437478435314;4149,04250090062;2925,921002911969;
45000;3577,5780616685925;4144,06350745617;2912,2124852678107;
50000;3575,816465458633;4144,06350745617;2907,9612456110626;
55000;3574,0470031248647;4144,06350745617;2907,9609036226416;
60000;3573,690887190975;4134,765220086534;2907,2349618741196;
65000;3573,507971114616;4134,765220086534;2907,200927973971;
70000;3573,3535157080323;4134,765220086534;2902,6394796301033;
75000;3558,0746973189566;4100,4235766348465;2880,230672036356;
80000;3520,4634515555563;4100,4235766348465;2874,8267527089333;
85000;3494,0040319230166;4100,4235766348465;2874,8255810318487;
90000;3480,195995290124;4084,8185172328986;2874,8255808195095;
95000;3460,036143639409;4076,4901420396523;2874,825580818909;
100000;3404,087484570177;4076,4901420396523;2874,825580818903;











============================================================================
Função: CEC2017_27
============================================================================
parameter;AGEO2;AGEO1var_5;AGEO2real2_AA3;
meanNFE;1,00E+5;1,00E+5;1,00E+5;
meanFX;6,09E+2;6,57E+2;5,46E+2;
melhorFX;5,59E+2;5,55E+2;5,17E+2;
piorFX;6,97E+2;7,84E+2;5,80E+2;
medianFX;5,99E+2;6,57E+2;5,42E+2;
sdFX;3,83E+1;5,56E+1;1,80E+1;
==========================================================
===> f(x) médio para cada NFE:
NFE;AGEO2;AGEO1var_5;AGEO2real2_AA3;
5;7545,975181702447;7545,975181702447;7329,6714638634;
50;6738,939335243569;6738,939335243569;6510,809184198196;
100;6189,4802854317995;6189,4802854317995;6508,037310708344;
500;5372,262619682513;4254,794673885573;6004,3157098621905;
1000;5090,128531418468;2625,486903074779;5713,053022288459;
1500;4712,49034482848;1806,0289438131636;5032,775897326612;
2000;4123,705844110299;1242,860727831159;4147,25638284211;
2500;3486,82159173612;978,4761384069056;3555,346608720979;
3000;3040,717786539071;902,4026398205717;2547,900735858592;
3500;2711,948188685939;850,3494826597652;1847,5487682692499;
4000;2440,91571932816;806,81629066297;1564,979631694947;
4500;2109,3093698331927;784,5300275555795;1315,0818682098472;
5000;1888,4520142412625;753,1111617029809;1141,6273306151256;
6000;1474,0653513939658;728,2657307079749;866,0537036461465;
7000;1253,9577882824883;721,1516085079373;599,8148850062272;
8000;1076,5061500557745;711,8723722466705;579,2498871746775;
9000;959,8169613190036;711,8723722466705;571,9414755869376;
10000;866,6574921994894;706,0585325410447;566,2266477178061;
12000;762,1881203579911;705,3874745697746;560,3885471712074;
14000;706,9752240437087;705,1310548222568;557,1261602229266;
16000;676,4903682748674;695,8382716405816;555,6340129493549;
18000;657,4742873668315;695,8382716405816;554,5694842372064;
20000;646,8224587031592;693,886793528416;554,214509990705;
25000;630,0977425300455;682,1093505111592;552,7800207854897;
30000;623,2439941724019;674,2169433906745;552,1909794371711;
35000;620,3645298658602;670,6957195650032;551,554462597252;
40000;619,0550046026821;670,6888101004105;550,9636086239472;
45000;618,61940852678;669,7308402808544;550,7878484808112;
50000;618,4492700161697;666,7614438528238;550,429132240426;
55000;618,129697767737;666,7614438528238;550,1195387095994;
60000;618,0964726951781;666,7614438528238;549,8047375292513;
65000;617,0403394844988;666,0092857802903;549,5702426453106;
70000;616,8765015261657;666,0092857802903;549,4639817089359;
75000;616,5229163475866;662,2510610882936;549,4249190571886;
80000;616,3455956309156;660,8231176882956;549,3754594138605;
85000;615,9851412755177;660,134223575722;546,8932972143809;
90000;614,9769654050195;659,834464350784;546,5007173285297;
95000;613,0580749912077;657,1779180385555;546,2520681358695;
100000;609,4541492964945;656,6736706811312;546,0798535865862;











============================================================================
Função: CEC2017_28
============================================================================
parameter;AGEO2;AGEO1var_5;AGEO2real2_AA3;
meanNFE;1,00E+5;1,00E+5;1,00E+5;
meanFX;8,80E+2;1,61E+3;3,98E+2;
melhorFX;5,47E+2;6,64E+2;3,00E+2;
piorFX;1,25E+3;2,84E+3;4,62E+2;
medianFX;9,28E+2;1,54E+3;4,02E+2;
sdFX;1,90E+2;6,59E+2;4,94E+1;
==========================================================
===> f(x) médio para cada NFE:
NFE;AGEO2;AGEO1var_5;AGEO2real2_AA3;
5;27336,3570794267;27336,3570794267;27971,646803516658;
50;23442,37023390357;23442,37023390357;23896,487951961924;
100;22410,136093795045;22410,136093795045;23896,487951961924;
500;18952,12184486629;13912,87057960045;22029,156418822244;
1000;18040,790581427384;9753,799851309594;19297,21180178312;
1500;16380,416034500236;6143,012399477437;16365,31551957306;
2000;14596,221246688157;4455,230298180617;13636,77740530461;
2500;12053,654299675627;3639,9506221141114;12270,798217007414;
3000;10372,750059858767;3073,722960894916;8661,587209836849;
3500;8702,628149503724;2749,9890578442382;6925,019197158782;
4000;7258,4836897186915;2520,845607278409;4357,311906783562;
4500;6038,08337709774;2393,1227343221253;3224,552381287069;
5000;5169,730130568237;2306,819364826328;2871,117651274167;
6000;4051,6582235429905;2188,9732674039988;2027,9945440780216;
7000;3267,6389279983623;2122,7484358095944;1606,9595010911166;
8000;2709,334599480156;1989,1844406935538;1136,6670190985678;
9000;2336,971629076497;1857,6758371773794;867,3854422160927;
10000;2050,3127642789987;1795,9652272190992;731,5965108526865;
12000;1663,0982550889646;1781,9604911866688;593,5472572677146;
14000;1438,526391766636;1777,7281144419474;529,3349739321425;
16000;1298,2322196176751;1777,344424369234;502,95694911555927;
18000;1186,7679200355801;1767,988528171028;489,89518016332437;
20000;1120,469844404681;1758,4193861148342;480,0636106096612;
25000;1029,973798197393;1698,7345458186448;462,6207818053587;
30000;960,5339525670695;1661,2080854960718;451,06049682006284;
35000;926,461305395492;1631,8789739289723;443,4789731742738;
40000;902,0135636297208;1631,8789739289723;437,06645820151704;
45000;894,6880074375441;1631,8789739289723;431,5419861809861;
50000;889,7306289672439;1631,8789739289723;427,0403627399755;
55000;887,5990975991456;1631,8789739289723;423,08544822296346;
60000;886,5230223818882;1631,8789739289723;419,58645568882895;
65000;885,8235139279235;1631,8789739289723;416,0555061630097;
70000;885,4726659424831;1631,8789739289723;413,68176878102145;
75000;885,2475174955642;1631,8789739289723;412,0194334148304;
80000;885,1268691716556;1631,8789739289723;409,72440606335874;
85000;885,0594468592463;1631,8789739289723;407,2565604912067;
90000;885,0243878676921;1605,797665940544;404,4457343813916;
95000;884,4061682108294;1605,347698711332;401,2615860890877;
100000;879,7970075522582;1605,347698711332;397,7279291057618;











============================================================================
Função: CEC2017_29
============================================================================
parameter;AGEO2;AGEO1var_5;AGEO2real2_AA3;
meanNFE;1,00E+5;1,00E+5;1,00E+5;
meanFX;1,34E+3;2,54E+3;1,12E+3;
melhorFX;9,45E+2;1,96E+3;5,60E+2;
piorFX;1,89E+3;3,36E+3;1,54E+3;
medianFX;1,32E+3;2,65E+3;1,14E+3;
sdFX;2,21E+2;3,87E+2;2,81E+2;
==========================================================
===> f(x) médio para cada NFE:
NFE;AGEO2;AGEO1var_5;AGEO2real2_AA3;
5;512894361,6312961;512894361,6312961;305151437,2752005;
50;490355612,12848175;490355612,12848175;47474325,26679372;
100;118329113,64844649;118329113,64844649;47415301,45764649;
500;8035455,231178313;7266326,74280689;19611728,825278938;
1000;6689208,452701191;2654242,4083432606;11964776,716019684;
1500;5287608,719067529;505368,90620567085;7093092,936385089;
2000;2011656,7268994527;258961,68639847182;491803,05595505465;
2500;1406562,5127903256;186603,35428867702;341511,8099767071;
3000;492519,14514538675;154271,62451941063;100179,60082852686;
3500;357706,8528515108;25206,354526397266;72149,00403801983;
4000;105177,42041288874;13014,906031880044;51063,35714981872;
4500;36735,62359597007;11627,06518913473;28186,987181316865;
5000;6226,957500516925;10375,779942985437;19666,9429962338;
6000;3085,703181337132;6005,849038712597;6552,788647645787;
7000;2548,282716353393;4843,024409251579;3534,5186968290777;
8000;2201,3235310731916;4333,407986241249;2298,6903386608196;
9000;1978,4053348009845;4063,4730603718335;1495,5681868126858;
10000;1838,450684817884;3661,1074847401246;1396,0702941695693;
12000;1656,2492335976692;3505,9026054646624;1304,6167014102655;
14000;1536,3126768181824;3416,8943262450753;1252,0377514427719;
16000;1483,964205010944;3383,255934185703;1226,9276663358714;
18000;1451,4947856934486;3328,6870453432343;1215,0084195823276;
20000;1433,855505240505;3257,2852435136624;1203,788494246107;
25000;1411,3528584244434;3167,591978038108;1174,571994691355;
30000;1399,7644504719167;3063,9893175907328;1159,2341076583432;
35000;1396,34040846031;2990,9166271842037;1153,8551709511032;
40000;1394,4621316860882;2986,9783131542117;1145,567318467704;
45000;1394,021266842523;2968,8927681671644;1141,8244177903694;
50000;1393,8474467940698;2875,2898509762013;1132,3221913141563;
55000;1393,7677172105748;2845,072292364523;1126,3031259217712;
60000;1386,149579674186;2825,846813462635;1125,5168813199482;
65000;1384,996118465502;2753,662092137174;1125,1124304605062;
70000;1380,513748412238;2735,1783482827927;1121,7250414103598;
75000;1372,924602107093;2726,236763130834;1120,0370870645247;
80000;1365,7501275160946;2646,05930276412;1118,8119355129857;
85000;1362,974503449908;2633,4950594822676;1117,7820994601582;
90000;1359,8737907838372;2587,148387730817;1117,3604124222209;
95000;1346,4947272117854;2569,6245394175307;1117,2733941162535;
100000;1340,2491917833102;2535,1835439618562;1116,3538099528093;











============================================================================
Função: CEC2017_30
============================================================================
parameter;AGEO2;AGEO1var_5;AGEO2real2_AA3;
meanNFE;1,00E+5;1,00E+5;1,00E+5;
meanFX;9,71E+7;1,86E+8;2,66E+4;
melhorFX;4,31E+5;7,42E+6;3,35E+3;
piorFX;6,14E+8;5,64E+8;9,05E+4;
medianFX;5,46E+7;1,71E+8;1,85E+4;
sdFX;1,33E+8;1,38E+8;2,39E+4;
==========================================================
===> f(x) médio para cada NFE:
NFE;AGEO2;AGEO1var_5;AGEO2real2_AA3;
5;26542872260,911213;26542872260,911213;25961938894,255833;
50;19711045109,251648;19711045109,251648;22143277863,92913;
100;17509749129,78719;17509749129,78719;22143277863,92913;
500;14208936786,495344;11775722700,994818;19519623993,70429;
1000;13635822871,489128;6783514724,36984;14798137922,4806;
1500;10856617750,663752;3653594445,444702;10941024201,557638;
2000;7994852952,549872;2478571586,290044;6802245446,930146;
2500;5095968879,665891;1913143469,4601963;4808497663,988844;
3000;3074610830,626001;1560990621,061882;2570637065,941063;
3500;2131484384,0131483;1180628348,1764767;1236384943,5710301;
4000;1555296655,8492787;1071034570,9490739;695042553,4134586;
4500;1064597197,4696244;1026135999,4424657;538419452,5551726;
5000;855508865,7400088;999883443,3559527;441877857,1574156;
6000;541467294,7985057;927380823,1302842;96827466,96864815;
7000;391274021,1264519;882700386,4163665;57901747,468445346;
8000;307960951,49878776;837659795,6012142;23917704,114539284;
9000;250639712,43180308;725249672,1312997;16871438,243621703;
10000;214577498,8593153;721840696,757498;9770658,117484543;
12000;167746851,61509794;639057082,1950226;8112063,911553773;
14000;141334656,009453;543021627,9787595;680646,6394693993;
16000;129248803,59104142;473986091,05674374;62338,55748032186;
18000;122425473,86044532;452739104,3991318;51126,11666531056;
20000;116489989,12169114;440845686,3857886;44386,444705946604;
25000;109701000,7471131;424189159,0692085;39128,059145872954;
30000;106835396,09748457;381112318,2734072;35965,08900129616;
35000;105141920,89850387;335348863,4759462;33475,2430293151;
40000;104580995,70776245;310008041,71719867;31783,549770158414;
45000;104306730,87682796;300942417,3652562;30379,194150979827;
50000;104109655,48803583;276233281,2220344;29729,702031371693;
55000;104046979,205859;263635514,30109745;29314,774023676462;
60000;104012224,91453189;239523982,695096;29047,891849589196;
65000;103993480,09428339;233891790,20580894;28789,143727652256;
70000;103984074,55137461;231147654,8239443;28497,86294814521;
75000;103977691,80755864;223681156,2315103;27884,741422521955;
80000;103975305,49545434;214042689,67399162;27553,940262523454;
85000;103974143,18260975;206826974,75213212;27363,887274135024;
90000;103973856,33894823;206826974,75213212;27175,795222382723;
95000;103946605,65880208;191558334,71397436;27055,98090681701;
100000;97387229,55677918;186000127,75925982;26603,155587894278;



Execution Time: 9761.764 s
