




============================================================================
O que irá executar a seguir: executar_algoritmos
============================================================================













============================================================================
Função: CEC2017_01
============================================================================
parameter;AGEO2;AGEO2var_5;AGEO2real2_AA3;
meanNFE;1,00E+5;1,00E+5;1,00E+5;
meanFX;7,77E+8;2,09E+8;2,17E+4;
melhorFX;6,04E+6;6,39E+6;4,54E+0;
piorFX;2,46E+9;1,56E+9;2,74E+5;
medianFX;3,94E+8;6,94E+7;7,49E+3;
sdFX;7,87E+8;3,46E+8;4,69E+4;










============================================================================
Função: CEC2017_03
============================================================================
parameter;AGEO2;AGEO2var_5;AGEO2real2_AA3;
meanNFE;1,00E+5;1,00E+5;1,00E+5;
meanFX;2,77E+4;1,83E+4;2,21E+5;
melhorFX;8,24E+3;6,20E+3;1,62E+4;
piorFX;7,51E+4;3,13E+4;1,72E+6;
medianFX;2,54E+4;1,80E+4;1,30E+5;
sdFX;1,40E+4;5,93E+3;2,80E+5;










============================================================================
Função: CEC2017_04
============================================================================
parameter;AGEO2;AGEO2var_5;AGEO2real2_AA3;
meanNFE;1,00E+5;1,00E+5;1,00E+5;
meanFX;4,71E+1;9,98E+0;2,97E+0;
melhorFX;9,63E-1;5,37E-1;1,29E-4;
piorFX;1,62E+2;3,57E+1;7,10E+1;
medianFX;4,23E+1;8,54E+0;1,66E+0;
sdFX;3,72E+1;5,84E+0;9,93E+0;










============================================================================
Função: CEC2017_05
============================================================================
parameter;AGEO2;AGEO2var_5;AGEO2real2_AA3;
meanNFE;1,00E+5;1,00E+5;1,00E+5;
meanFX;1,97E+1;1,31E+1;1,76E+1;
melhorFX;6,34E+0;7,19E+0;4,97E+0;
piorFX;3,24E+1;1,90E+1;3,68E+1;
medianFX;1,94E+1;1,36E+1;1,69E+1;
sdFX;6,95E+0;3,15E+0;6,35E+0;










============================================================================
Função: CEC2017_06
============================================================================
parameter;AGEO2;AGEO2var_5;AGEO2real2_AA3;
meanNFE;1,00E+5;1,00E+5;1,00E+5;
meanFX;5,11E+0;1,30E+0;2,01E-5;
melhorFX;5,75E-1;2,65E-2;3,83E-7;
piorFX;1,54E+1;4,40E+0;9,83E-4;
medianFX;5,09E+0;1,07E+0;4,80E-7;
sdFX;3,54E+0;8,87E-1;1,39E-4;










============================================================================
Função: CEC2017_07
============================================================================
parameter;AGEO2;AGEO2var_5;AGEO2real2_AA3;
meanNFE;1,00E+5;1,00E+5;1,00E+5;
meanFX;5,61E+1;3,77E+1;3,08E+1;
melhorFX;1,28E+1;1,57E+1;1,50E+1;
piorFX;9,15E+1;6,50E+1;4,51E+1;
medianFX;5,82E+1;3,86E+1;3,05E+1;
sdFX;1,64E+1;9,07E+0;6,92E+0;










============================================================================
Função: CEC2017_08
============================================================================
parameter;AGEO2;AGEO2var_5;AGEO2real2_AA3;
meanNFE;1,00E+5;1,00E+5;1,00E+5;
meanFX;2,84E+1;1,71E+1;2,19E+1;
melhorFX;5,57E+0;7,40E+0;7,96E+0;
piorFX;4,78E+1;2,71E+1;5,47E+1;
medianFX;2,83E+1;1,78E+1;1,99E+1;
sdFX;9,19E+0;4,10E+0;8,93E+0;










============================================================================
Função: CEC2017_09
============================================================================
parameter;AGEO2;AGEO2var_5;AGEO2real2_AA3;
meanNFE;1,00E+5;1,00E+5;1,00E+5;
meanFX;2,03E+2;1,55E+1;1,11E+2;
melhorFX;8,39E-1;5,15E-1;8,95E-2;
piorFX;9,14E+2;5,85E+1;1,49E+3;
medianFX;1,24E+2;1,05E+1;1,28E+1;
sdFX;1,99E+2;1,62E+1;2,79E+2;










============================================================================
Função: CEC2017_10
============================================================================
parameter;AGEO2;AGEO2var_5;AGEO2real2_AA3;
meanNFE;1,00E+5;1,00E+5;1,00E+5;
meanFX;7,38E+2;4,95E+2;5,85E+2;
melhorFX;2,87E+2;1,50E+2;1,30E+2;
piorFX;1,19E+3;9,76E+2;1,35E+3;
medianFX;7,61E+2;4,95E+2;5,11E+2;
sdFX;2,33E+2;1,57E+2;2,63E+2;










============================================================================
Função: CEC2017_11
============================================================================
parameter;AGEO2;AGEO2var_5;AGEO2real2_AA3;
meanNFE;1,00E+5;1,00E+5;1,00E+5;
meanFX;3,78E+3;2,17E+2;1,41E+1;
melhorFX;1,50E+1;1,11E+1;2,05E+0;
piorFX;2,28E+4;4,42E+3;4,11E+1;
medianFX;3,14E+3;7,20E+1;1,37E+1;
sdFX;5,24E+3;6,26E+2;7,95E+0;










============================================================================
Função: CEC2017_12
============================================================================
parameter;AGEO2;AGEO2var_5;AGEO2real2_AA3;
meanNFE;1,00E+5;1,00E+5;1,00E+5;
meanFX;3,59E+7;8,48E+5;1,87E+5;
melhorFX;3,30E+4;5,79E+3;2,34E+3;
piorFX;3,71E+8;5,15E+6;1,21E+6;
medianFX;2,79E+6;5,83E+5;8,67E+4;
sdFX;8,93E+7;1,01E+6;2,50E+5;










============================================================================
Função: CEC2017_13
============================================================================
parameter;AGEO2;AGEO2var_5;AGEO2real2_AA3;
meanNFE;1,00E+5;1,00E+5;1,00E+5;
meanFX;2,99E+7;1,58E+5;3,91E+4;
melhorFX;7,37E+1;5,57E+1;2,04E+1;
piorFX;5,87E+8;7,56E+6;2,49E+5;
medianFX;6,98E+4;4,33E+3;1,15E+4;
sdFX;9,30E+7;1,07E+6;6,12E+4;










============================================================================
Função: CEC2017_14
============================================================================
parameter;AGEO2;AGEO2var_5;AGEO2real2_AA3;
meanNFE;1,00E+5;1,00E+5;1,00E+5;
meanFX;2,78E+7;2,47E+2;5,00E+4;
melhorFX;6,52E+1;1,48E+1;7,74E+1;
piorFX;3,39E+8;1,57E+3;4,18E+5;
medianFX;7,55E+3;9,80E+1;1,63E+4;
sdFX;9,28E+7;3,50E+2;8,45E+4;










============================================================================
Função: CEC2017_15
============================================================================
parameter;AGEO2;AGEO2var_5;AGEO2real2_AA3;
meanNFE;1,00E+5;1,00E+5;1,00E+5;
meanFX;1,40E+6;3,37E+2;6,15E+4;
melhorFX;7,11E+0;6,98E+0;6,18E+0;
piorFX;3,36E+7;1,42E+3;4,99E+5;
medianFX;1,41E+3;1,75E+2;2,38E+4;
sdFX;6,64E+6;3,41E+2;9,57E+4;










============================================================================
Função: CEC2017_16
============================================================================
parameter;AGEO2;AGEO2var_5;AGEO2real2_AA3;
meanNFE;1,00E+5;1,00E+5;1,00E+5;
meanFX;2,80E+2;7,90E+1;3,15E+2;
melhorFX;1,25E+1;1,41E+0;4,28E-1;
piorFX;8,92E+2;2,79E+2;6,52E+2;
medianFX;2,69E+2;5,06E+1;3,37E+2;
sdFX;1,86E+2;7,58E+1;1,79E+2;










============================================================================
Função: CEC2017_17
============================================================================
parameter;AGEO2;AGEO2var_5;AGEO2real2_AA3;
meanNFE;1,00E+5;1,00E+5;1,00E+5;
meanFX;2,36E+2;2,85E+1;6,90E+1;
melhorFX;1,89E+1;6,27E+0;1,31E+0;
piorFX;5,66E+2;5,76E+1;2,64E+2;
medianFX;2,52E+2;2,72E+1;3,95E+1;
sdFX;1,52E+2;1,36E+1;7,25E+1;










============================================================================
Função: CEC2017_18
============================================================================
parameter;AGEO2;AGEO2var_5;AGEO2real2_AA3;
meanNFE;1,00E+5;1,00E+5;1,00E+5;
meanFX;2,38E+6;3,51E+3;7,65E+4;
melhorFX;1,06E+2;3,29E+2;1,68E+2;
piorFX;5,90E+7;1,29E+4;8,08E+5;
medianFX;9,29E+3;2,71E+3;3,58E+4;
sdFX;1,17E+7;2,47E+3;1,51E+5;










============================================================================
Função: CEC2017_19
============================================================================
parameter;AGEO2;AGEO2var_5;AGEO2real2_AA3;
meanNFE;1,00E+5;1,00E+5;1,00E+5;
meanFX;5,00E+6;1,87E+2;5,86E+4;
melhorFX;3,95E+0;3,77E+0;2,98E+1;
piorFX;2,49E+8;2,43E+3;5,96E+5;
medianFX;2,81E+3;5,02E+1;1,30E+4;
sdFX;3,52E+7;4,20E+2;1,26E+5;










============================================================================
Função: CEC2017_20
============================================================================
parameter;AGEO2;AGEO2var_5;AGEO2real2_AA3;
meanNFE;1,00E+5;1,00E+5;1,00E+5;
meanFX;2,50E+2;2,67E+1;7,00E+0;
melhorFX;5,90E+1;2,94E+0;8,09E-5;
piorFX;6,22E+2;6,80E+1;3,65E+1;
medianFX;2,15E+2;2,41E+1;3,98E+0;
sdFX;1,32E+2;1,49E+1;8,40E+0;










============================================================================
Função: CEC2017_21
============================================================================
parameter;AGEO2;AGEO2var_5;AGEO2real2_AA3;
meanNFE;1,00E+5;1,00E+5;1,00E+5;
meanFX;2,13E+2;2,12E+2;2,09E+2;
melhorFX;1,13E+2;1,40E+2;1,00E+2;
piorFX;2,53E+2;2,23E+2;2,56E+2;
medianFX;2,24E+2;2,16E+2;2,23E+2;
sdFX;3,37E+1;1,34E+1;4,44E+1;










============================================================================
Função: CEC2017_22
============================================================================
parameter;AGEO2;AGEO2var_5;AGEO2real2_AA3;
meanNFE;1,00E+5;1,00E+5;1,00E+5;
meanFX;5,61E+2;1,22E+2;6,40E+2;
melhorFX;6,12E+1;4,48E+1;1,00E+2;
piorFX;1,51E+3;1,97E+2;1,91E+3;
medianFX;3,03E+2;1,23E+2;6,64E+2;
sdFX;4,53E+2;2,27E+1;5,91E+2;










============================================================================
Função: CEC2017_23
============================================================================
parameter;AGEO2;AGEO2var_5;AGEO2real2_AA3;
meanNFE;1,00E+5;1,00E+5;1,00E+5;
meanFX;3,32E+2;3,12E+2;3,35E+2;
melhorFX;3,13E+2;8,57E+1;3,10E+2;
piorFX;4,74E+2;3,24E+2;4,00E+2;
medianFX;3,25E+2;3,18E+2;3,35E+2;
sdFX;3,15E+1;3,29E+1;1,58E+1;










============================================================================
Função: CEC2017_24
============================================================================
parameter;AGEO2;AGEO2var_5;AGEO2real2_AA3;
meanNFE;1,00E+5;1,00E+5;1,00E+5;
meanFX;3,16E+2;3,40E+2;3,20E+2;
melhorFX;1,56E+2;2,13E+2;1,00E+2;
piorFX;3,81E+2;3,57E+2;3,71E+2;
medianFX;3,55E+2;3,48E+2;3,46E+2;
sdFX;7,22E+1;2,92E+1;7,26E+1;










============================================================================
Função: CEC2017_25
============================================================================
parameter;AGEO2;AGEO2var_5;AGEO2real2_AA3;
meanNFE;1,00E+5;1,00E+5;1,00E+5;
meanFX;4,89E+2;4,28E+2;3,99E+2;
melhorFX;4,06E+2;2,87E+2;2,00E+2;
piorFX;6,37E+2;4,62E+2;4,50E+2;
medianFX;4,83E+2;4,28E+2;4,00E+2;
sdFX;5,33E+1;2,60E+1;5,89E+1;










============================================================================
Função: CEC2017_26
============================================================================
parameter;AGEO2;AGEO2var_5;AGEO2real2_AA3;
meanNFE;1,00E+5;1,00E+5;1,00E+5;
meanFX;8,25E+2;4,14E+2;1,08E+3;
melhorFX;2,18E+2;8,65E+1;2,00E+2;
piorFX;1,70E+3;7,61E+2;1,72E+3;
medianFX;6,86E+2;4,18E+2;1,39E+3;
sdFX;4,40E+2;9,68E+1;5,44E+2;










============================================================================
Função: CEC2017_27
============================================================================
parameter;AGEO2;AGEO2var_5;AGEO2real2_AA3;
meanNFE;1,00E+5;1,00E+5;1,00E+5;
meanFX;4,19E+2;3,98E+2;4,23E+2;
melhorFX;3,93E+2;3,89E+2;3,92E+2;
piorFX;4,98E+2;4,04E+2;4,70E+2;
medianFX;4,07E+2;3,98E+2;4,21E+2;
sdFX;2,72E+1;2,95E+0;2,29E+1;










============================================================================
Função: CEC2017_28
============================================================================
parameter;AGEO2;AGEO2var_5;AGEO2real2_AA3;
meanNFE;1,00E+5;1,00E+5;1,00E+5;
meanFX;5,94E+2;4,67E+2;5,19E+2;
melhorFX;3,50E+2;3,19E+2;3,00E+2;
piorFX;9,41E+2;6,13E+2;6,45E+2;
medianFX;6,13E+2;4,47E+2;5,83E+2;
sdFX;1,38E+2;7,86E+1;1,27E+2;










============================================================================
Função: CEC2017_29
============================================================================
parameter;AGEO2;AGEO2var_5;AGEO2real2_AA3;
meanNFE;1,00E+5;1,00E+5;1,00E+5;
meanFX;3,35E+2;3,14E+2;3,87E+2;
melhorFX;2,48E+2;2,00E+2;2,47E+2;
piorFX;5,38E+2;4,20E+2;7,98E+2;
medianFX;3,25E+2;3,17E+2;3,61E+2;
sdFX;5,44E+1;5,05E+1;1,02E+2;










============================================================================
Função: CEC2017_30
============================================================================
parameter;AGEO2;AGEO2var_5;AGEO2real2_AA3;
meanNFE;1,00E+5;1,00E+5;1,00E+5;
meanFX;8,06E+5;7,26E+5;9,23E+4;
melhorFX;8,80E+3;1,50E+4;1,60E+3;
piorFX;2,55E+6;2,28E+6;4,65E+5;
medianFX;6,66E+5;6,43E+5;7,09E+4;
sdFX;6,74E+5;5,37E+5;9,73E+4;




Execution Time: 3398.555 s + 1/3
