===> Médias para cada NFOB:
NFOB;GEO;GEOvar;AGEO1;AGEO2;AGEO1var;AGEO2var
250;-18,38;-25;-11,54;-10,88;-19,14;-18,76
500;-23,18;-25;-20,36;-20,72;-23,42;-24,48
750;-24,92;-25;-24,6;-24,04;-24,64;-25
1000;-24,94;-25;-24,92;-24,84;-24,76;-25
1250;-24,94;-25;-24,92;-24,96;-24,9;-25
1500;-24,94;-25;-24,92;-24,96;-24,9;-25
1750;-24,94;-25;-24,92;-24,96;-24,9;-25
2000;-24,94;-25;-24,92;-24,96;-24,9;-25
2250;-24,94;-25;-24,92;-24,96;-24,9;-25
2500;-24,94;-25;-24,92;-24,98;-24,9;-25
2750;-24,94;-25;-24,92;-24,98;-24,9;-25
3000;-24,94;-25;-24,92;-24,98;-24,9;-25
3250;-24,94;-25;-24,92;-24,98;-24,9;-25
3500;-24,94;-25;-24,92;-24,98;-24,92;-25
3750;-24,94;-25;-24,92;-24,98;-24,92;-25
4000;-24,94;-25;-24,96;-24,98;-24,92;-25
4250;-24,94;-25;-24,96;-24,98;-24,92;-25
4500;-24,94;-25;-24,96;-24,98;-24,92;-25
4750;-24,94;-25;-24,96;-25;-24,92;-25
5000;-24,94;-25;-24,96;-25;-24,92;-25
5250;-24,94;-25;-24,96;-25;-24,92;-25
5500;-24,94;-25;-24,96;-25;-24,92;-25
5750;-24,94;-25;-24,96;-25;-24,92;-25
6000;-24,96;-25;-24,96;-25;-24,92;-25
6250;-24,96;-25;-24,96;-25;-24,92;-25
6500;-24,96;-25;-24,96;-25;-24,92;-25
6750;-24,96;-25;-24,96;-25;-24,94;-25
7000;-24,96;-25;-24,96;-25;-24,94;-25
7250;-24,96;-25;-24,98;-25;-24,94;-25
7500;-24,96;-25;-24,98;-25;-24,94;-25
7750;-24,96;-25;-24,98;-25;-24,94;-25
8000;-24,96;-25;-24,98;-25;-24,94;-25
8250;-24,96;-25;-24,98;-25;-24,94;-25
8500;-24,96;-25;-24,98;-25;-24,94;-25
8750;-24,96;-25;-24,98;-25;-24,94;-25
9000;-24,96;-25;-24,98;-25;-24,94;-25
9250;-24,96;-25;-24,98;-25;-24,94;-25
9500;-24,96;-25;-24,98;-25;-24,94;-25
9750;-24,96;-25;-24,98;-25;-24,94;-25
10000;-24,96;-25;-24,98;-25;-24,94;-25
10250;-24,96;-25;-24,98;-25;-24,94;-25
10500;-24,96;-25;-24,98;-25;-24,94;-25
10750;-24,96;-25;-24,98;-25;-24,94;-25
11000;-24,96;-25;-24,98;-25;-24,94;-25
11250;-24,96;-25;-24,98;-25;-24,94;-25
11500;-24,96;-25;-24,98;-25;-24,94;-25
11750;-24,96;-25;-24,98;-25;-24,94;-25
12000;-24,96;-25;-24,98;-25;-24,94;-25
12250;-24,96;-25;-24,98;-25;-24,94;-25
12500;-24,96;-25;-24,98;-25;-24,94;-25
12750;-24,96;-25;-24,98;-25;-24,94;-25
13000;-24,96;-25;-24,98;-25;-24,94;-25
13250;-24,96;-25;-24,98;-25;-24,94;-25
13500;-24,96;-25;-24,98;-25;-24,94;-25
13750;-24,96;-25;-24,98;-25;-24,94;-25
14000;-24,96;-25;-24,98;-25;-24,94;-25
14250;-24,96;-25;-25;-25;-24,94;-25
14500;-24,96;-25;-25;-25;-24,94;-25
14750;-24,96;-25;-25;-25;-24,94;-25
15000;-24,96;-25;-25;-25;-24,94;-25
15250;-24,96;-25;-25;-25;-24,94;-25
15500;-24,96;-25;-25;-25;-24,94;-25
15750;-24,96;-25;-25;-25;-24,94;-25
16000;-24,96;-25;-25;-25;-24,94;-25
16250;-24,96;-25;-25;-25;-24,94;-25
16500;-24,96;-25;-25;-25;-24,94;-25
16750;-24,96;-25;-25;-25;-24,94;-25
17000;-24,96;-25;-25;-25;-24,94;-25
17250;-24,96;-25;-25;-25;-24,94;-25
17500;-24,96;-25;-25;-25;-24,94;-25
17750;-24,96;-25;-25;-25;-24,94;-25
18000;-24,96;-25;-25;-25;-24,94;-25
18250;-24,96;-25;-25;-25;-24,94;-25
18500;-24,96;-25;-25;-25;-24,94;-25
18750;-24,96;-25;-25;-25;-24,94;-25
19000;-24,96;-25;-25;-25;-24,94;-25
19250;-24,96;-25;-25;-25;-24,94;-25
19500;-24,96;-25;-25;-25;-24,94;-25
19750;-24,96;-25;-25;-25;-24,94;-25
20000;-24,96;-25;-25;-25;-24,94;-25
20250;-24,96;-25;-25;-25;-24,94;-25
20500;-24,96;-25;-25;-25;-24,94;-25
20750;-24,96;-25;-25;-25;-24,96;-25
21000;-24,96;-25;-25;-25;-24,96;-25
21250;-24,96;-25;-25;-25;-24,96;-25
21500;-24,96;-25;-25;-25;-24,96;-25
21750;-24,96;-25;-25;-25;-24,96;-25
22000;-24,96;-25;-25;-25;-24,96;-25
22250;-24,96;-25;-25;-25;-24,96;-25
22500;-24,96;-25;-25;-25;-24,96;-25
22750;-24,96;-25;-25;-25;-24,96;-25
23000;-24,96;-25;-25;-25;-24,96;-25
23250;-24,96;-25;-25;-25;-24,96;-25
23500;-24,96;-25;-25;-25;-24,96;-25
23750;-24,98;-25;-25;-25;-24,96;-25
24000;-24,98;-25;-25;-25;-24,96;-25
24250;-24,98;-25;-25;-25;-24,96;-25
24500;-24,98;-25;-25;-25;-24,96;-25
24750;-24,98;-25;-25;-25;-24,96;-25
25000;-24,98;-25;-25;-25;-24,96;-25
25250;-24,98;-25;-25;-25;-24,96;-25
25500;-24,98;-25;-25;-25;-24,96;-25
25750;-24,98;-25;-25;-25;-24,96;-25
26000;-24,98;-25;-25;-25;-24,96;-25
26250;-24,98;-25;-25;-25;-24,96;-25
26500;-24,98;-25;-25;-25;-24,96;-25
26750;-24,98;-25;-25;-25;-24,96;-25
27000;-24,98;-25;-25;-25;-24,96;-25
27250;-24,98;-25;-25;-25;-24,96;-25
27500;-24,98;-25;-25;-25;-24,96;-25
27750;-24,98;-25;-25;-25;-24,96;-25
28000;-24,98;-25;-25;-25;-24,96;-25
28250;-24,98;-25;-25;-25;-24,96;-25
28500;-24,98;-25;-25;-25;-24,96;-25
28750;-24,98;-25;-25;-25;-24,96;-25
29000;-24,98;-25;-25;-25;-24,96;-25
29250;-24,98;-25;-25;-25;-24,96;-25
29500;-24,98;-25;-25;-25;-24,96;-25
29750;-24,98;-25;-25;-25;-24,96;-25
30000;-24,98;-25;-25;-25;-24,96;-25
30250;-24,98;-25;-25;-25;-24,96;-25
30500;-24,98;-25;-25;-25;-24,96;-25
30750;-24,98;-25;-25;-25;-24,96;-25
31000;-24,98;-25;-25;-25;-24,96;-25
31250;-24,98;-25;-25;-25;-24,96;-25
31500;-24,98;-25;-25;-25;-24,96;-25
31750;-24,98;-25;-25;-25;-24,96;-25
32000;-24,98;-25;-25;-25;-24,96;-25
32250;-24,98;-25;-25;-25;-24,96;-25
32500;-24,98;-25;-25;-25;-24,96;-25
32750;-24,98;-25;-25;-25;-24,96;-25
33000;-24,98;-25;-25;-25;-24,96;-25
33250;-24,98;-25;-25;-25;-24,96;-25
33500;-24,98;-25;-25;-25;-24,96;-25
33750;-24,98;-25;-25;-25;-24,98;-25
34000;-24,98;-25;-25;-25;-24,98;-25
34250;-24,98;-25;-25;-25;-24,98;-25
34500;-24,98;-25;-25;-25;-24,98;-25
34750;-24,98;-25;-25;-25;-24,98;-25
35000;-24,98;-25;-25;-25;-24,98;-25
35250;-24,98;-25;-25;-25;-24,98;-25
35500;-24,98;-25;-25;-25;-24,98;-25
35750;-24,98;-25;-25;-25;-24,98;-25
36000;-24,98;-25;-25;-25;-24,98;-25
36250;-24,98;-25;-25;-25;-24,98;-25
36500;-24,98;-25;-25;-25;-24,98;-25
36750;-24,98;-25;-25;-25;-24,98;-25
37000;-24,98;-25;-25;-25;-24,98;-25
37250;-24,98;-25;-25;-25;-24,98;-25
37500;-24,98;-25;-25;-25;-24,98;-25
37750;-24,98;-25;-25;-25;-24,98;-25
38000;-24,98;-25;-25;-25;-24,98;-25
38250;-24,98;-25;-25;-25;-24,98;-25
38500;-24,98;-25;-25;-25;-24,98;-25
38750;-24,98;-25;-25;-25;-24,98;-25
39000;-24,98;-25;-25;-25;-24,98;-25
39250;-24,98;-25;-25;-25;-24,98;-25
39500;-24,98;-25;-25;-25;-24,98;-25
39750;-24,98;-25;-25;-25;-24,98;-25
40000;-24,98;-25;-25;-25;-24,98;-25
40250;-24,98;-25;-25;-25;-24,98;-25
40500;-24,98;-25;-25;-25;-24,98;-25
40750;-24,98;-25;-25;-25;-25;-25
41000;-24,98;-25;-25;-25;-25;-25
41250;-24,98;-25;-25;-25;-25;-25
41500;-24,98;-25;-25;-25;-25;-25
41750;-24,98;-25;-25;-25;-25;-25
42000;-24,98;-25;-25;-25;-25;-25
42250;-24,98;-25;-25;-25;-25;-25
42500;-24,98;-25;-25;-25;-25;-25
42750;-24,98;-25;-25;-25;-25;-25
43000;-24,98;-25;-25;-25;-25;-25
43250;-24,98;-25;-25;-25;-25;-25
43500;-24,98;-25;-25;-25;-25;-25
43750;-24,98;-25;-25;-25;-25;-25
44000;-24,98;-25;-25;-25;-25;-25
44250;-24,98;-25;-25;-25;-25;-25
44500;-24,98;-25;-25;-25;-25;-25
44750;-24,98;-25;-25;-25;-25;-25
45000;-24,98;-25;-25;-25;-25;-25
45250;-24,98;-25;-25;-25;-25;-25
45500;-24,98;-25;-25;-25;-25;-25
45750;-24,98;-25;-25;-25;-25;-25
46000;-24,98;-25;-25;-25;-25;-25
46250;-24,98;-25;-25;-25;-25;-25
46500;-24,98;-25;-25;-25;-25;-25
46750;-24,98;-25;-25;-25;-25;-25
47000;-24,98;-25;-25;-25;-25;-25
47250;-24,98;-25;-25;-25;-25;-25
47500;-24,98;-25;-25;-25;-25;-25
47750;-24,98;-25;-25;-25;-25;-25
48000;-24,98;-25;-25;-25;-25;-25
48250;-24,98;-25;-25;-25;-25;-25
48500;-24,98;-25;-25;-25;-25;-25
48750;-24,98;-25;-25;-25;-25;-25
49000;-24,98;-25;-25;-25;-25;-25
49250;-24,98;-25;-25;-25;-25;-25
49500;-24,98;-25;-25;-25;-25;-25
49750;-24,98;-25;-25;-25;-25;-25
50000;-24,98;-25;-25;-25;-25;-25