NFOB;GEO;GEOvar;AGEO1;AGEO2;AGEO1var;AGEO2var;GEOreal1;AGEO1real1;AGEO2real1;
10000;55,1392570849501;18,618220402104832;34,14201420442464;28,505875442259104;21,21366849214536;16,644134761608434;4,2049919102282726E-12;0,0002037964446756746;5,684341886080802E-15;
20000;27,794909836149213;14,541126968662786;23,630977625047244;17,29164819965439;21,21366849214536;13,80655440326072;0;1,4210854715202005E-15;0;
30000;23,75438552135743;12,125025964353966;23,545702588388444;16,90310048716352;21,21366849214536;11,485041443919727;0;0;0;
40000;20,24302384420675;11,94085771637025;23,545702588388444;16,259438776959254;21,21366849214536;11,059275260689677;0;0;0;
50000;20,079909081534662;11,703793855842282;23,545702588388444;15,086717656800326;21,21366849214536;11,055259042495761;0;0;0;
60000;20,072892242849434;10,674209500479463;23,545702588388444;15,070827980331785;21,21366849214536;10,437295159987135;0;0;0;
70000;18,696251333520518;10,55387551775301;23,545702588388444;15,069636656808052;21,21366849214536;10,243843628281798;0;0;0;
80000;18,696251333520518;10,55387551775301;23,545702588388444;14,258630912465879;21,21366849214536;10,243843628281798;0;0;0;
90000;18,696251333520518;10,083925003640843;23,545702588388444;14,25807538847073;21,21366849214536;10,034417179831326;0;0;0;
100000;18,696251333520518;9,390313885067744;23,545702588388444;14,061531177607671;21,21366849214536;10,034329583576811;0;0;0;
110000;18,369491839110133;9,390313885067744;23,545702588388444;13,858328476480313;21,21366849214536;9,040356138024574;0;0;0;
120000;17,746646013789803;9,390313885067744;23,545702588388444;13,858325963492089;21,21366849214536;9,033871234404927;0;0;0;
130000;16,972786331988374;9,390313885067744;23,545702588388444;13,858325963492089;21,21366849214536;9,033871234404927;0;0;0;
140000;16,68815077163209;9,156798245710535;23,545702588388444;13,858325963492089;21,21366849214536;8,157390787910419;0;0;0;
150000;16,63634352324177;7,934613772022677;23,545702588388444;13,851564600564142;21,21366849214536;6,948984282377457;0;0;0;
160000;16,631280233621414;7,618379039761889;23,545702588388444;13,84839677205323;21,21366849214536;6,948984282377457;0;0;0;
170000;16,631280233621414;7,618379039761889;23,545702588388444;13,841867226326338;21,21366849214536;6,948984282377457;0;0;0;
180000;16,631280233621414;7,618379039761889;20,98215963562543;13,841867226326338;21,21366849214536;6,948984282377457;0;0;0;
190000;16,631280233621414;7,618379039761889;20,935546753980095;13,841867226326338;21,21366849214536;6,827585218964559;0;0;0;
200000;16,631280233621414;7,618379039761889;20,935546753980095;13,841867226326338;21,21366849214536;6,827585218964559;0;0;0;
210000;16,631280233621414;7,18978509182903;20,935546753980095;13,841867226326338;21,21366849214536;6,814470503225233;0;0;0;
220000;16,631280233621414;7,18978509182903;20,935546753980095;13,841867226326338;21,21366849214536;6,814470503225233;0;0;0;
230000;16,631280233621414;7,18978509182903;20,935546753980095;13,841867226326338;21,21366849214536;6,60619322213776;0;0;0;
240000;16,631280233621414;7,18978509182903;20,935546753980095;13,841867226326338;21,21366849214536;6,599541745780283;0;0;0;
250000;16,631280233621414;7,166077214533918;20,935546753980095;13,841867226326338;21,21366849214536;6,595650555118695;0;0;0;
260000;16,631280233621414;7,166077214533918;20,935546753980095;13,841867226326338;21,21366849214536;6,395636901045444;0;0;0;
270000;15,788202260613115;7,166077214533918;20,935546753980095;13,841867226326338;21,21366849214536;6,389027447970848;0;0;0;
280000;15,787493975285372;7,166077214533918;20,935546753980095;13,841867226326338;21,21366849214536;6,389027447970848;0;0;0;
290000;15,602910898394788;7,141081756411106;20,935546753980095;13,841867226326338;21,21366849214536;6,389027447970848;0;0;0;
300000;15,585848027391824;6,633356035089451;20,935546753980095;13,841867226326338;21,21366849214536;6,389027447970848;0;0;0;
310000;15,478464695639804;6,626456986784831;20,935546753980095;13,841867226326338;21,21366849214536;6,389027447970848;0;0;0;
320000;15,478464695639804;6,626456986784831;20,935546753980095;13,841867226326338;21,21366849214536;6,389027447970848;0;0;0;
330000;15,478464695639804;6,626456986784831;20,114294274439892;13,841867226326338;21,21366849214536;6,389027447970848;0;0;0;
340000;15,478464695639804;6,0323597383464875;20,114294274439892;13,602677631288065;21,21366849214536;6,389027447970848;0;0;0;
350000;14,909890088537088;6,020252394939602;20,114294274439892;13,404588479613864;21,21366849214536;6,389027447970848;0;0;0;
360000;14,42888960235636;5,638850913740859;20,114294274439892;13,404588479613864;21,21366849214536;6,389027447970848;0;0;0;
370000;13,1811218052782;5,632877861398998;20,114294274439892;13,404588479613864;21,21366849214536;5,395872065939099;0;0;0;
380000;13,076600676986905;5,632877861398998;20,114294274439892;13,19453854271435;21,21366849214536;5,212737434461262;0;0;0;
390000;13,076600676986905;5,632877861398998;20,114294274439892;13,19453854271435;21,21366849214536;5,212737434461262;0;0;0;
400000;13,076600676986905;5,632877861398998;20,114294274439892;13,19453854271435;21,21366849214536;5,212737434461262;0;0;0;
410000;12,980738147885171;5,632877861398998;20,114294274439892;13,19453854271435;21,21366849214536;5,212737434461262;0;0;0;
420000;12,980275192946953;5,632877861398998;20,114294274439892;13,19453854271435;21,21366849214536;5,212737434461262;0;0;0;
430000;12,380283843356287;5,632877861398998;20,114294274439892;13,19453854271435;21,21366849214536;5,212737434461262;0;0;0;
440000;12,225854216245573;5,632877861398998;20,114294274439892;13,19453854271435;21,21366849214536;5,212737434461262;0;0;0;
450000;11,979241737922262;5,632877861398998;20,114294274439892;13,19453854271435;21,21366849214536;5,212737434461262;0;0;0;
460000;11,955583387488716;5,632877861398998;20,114294274439892;13,19453854271435;21,21366849214536;5,212737434461262;0;0;0;
470000;11,955583387488716;5,441752163577061;20,114294274439892;13,19453854271435;21,21366849214536;5,212737434461262;0;0;0;
480000;11,924208704704785;5,440688660233988;20,114294274439892;13,19453854271435;21,21366849214536;5,212737434461262;0;0;0;
490000;11,924194355643944;5,440688660233988;20,114294274439892;13,19453854271435;21,21366849214536;4,810077980322457;0;0;0;
500000;11,924187268150849;5,440688660233988;20,114294274439892;12,97868699630933;21,21366849214536;4,800160196949427;0;0;0;
510000;11,924187268150849;5,440688660233988;20,114294274439892;12,784574688320706;21,21366849214536;4,800160196949427;0;0;0;
520000;11,924187268150849;5,440688660233988;20,114294274439892;12,781957739748162;21,21366849214536;4,800160196949427;0;0;0;
530000;11,924187268150849;5,440688660233988;20,114294274439892;11,8181858056699;21,21366849214536;4,800160196949427;0;0;0;
540000;11,924187268150849;5,440688660233988;20,114294274439892;11,773955295679079;21,21366849214536;4,800160196949427;0;0;0;
550000;11,924187268150849;5,2280429125330885;20,114294274439892;11,773955295679079;21,21366849214536;4,800160196949427;0;0;0;
560000;11,924187268150849;5,2280429125330885;20,114294274439892;11,773955295679079;21,21366849214536;4,800160196949427;0;0;0;
570000;11,668999849096329;5,2280429125330885;20,114294274439892;11,773955295679079;21,21366849214536;4,800160196949427;0;0;0;
580000;11,470701632777507;5,2280429125330885;20,114294274439892;11,773955295679079;21,21366849214536;4,800160196949427;0;0;0;
590000;11,280812748381715;5,2280429125330885;20,114294274439892;11,773955295679079;21,21366849214536;4,800160196949427;0;0;0;
600000;11,280812748381715;5,2280429125330885;20,114294274439892;11,773955295679079;21,21366849214536;4,800160196949427;0;0;0;
610000;11,265344158817511;5,2280429125330885;20,114294274439892;11,773955295679079;21,21366849214536;4,800160196949427;0;0;0;
620000;11,265344158817511;5,2280429125330885;20,114294274439892;11,773955295679079;21,21366849214536;4,800160196949427;0;0;0;
630000;10,677985503840848;5,2280429125330885;20,114294274439892;11,77062433402504;21,21366849214536;4,800160196949427;0;0;0;
640000;10,491930122505497;5,2280429125330885;20,114294274439892;11,615278119094196;21,21366849214536;4,800160196949427;0;0;0;
650000;10,055491062402435;5,2280429125330885;20,114294274439892;11,615278119094196;21,21366849214536;4,800160196949427;0;0;0;
660000;9,46488582481187;5,2280429125330885;20,08786332733963;11,615278119094196;21,21366849214536;4,800160196949427;0;0;0;
670000;9,456747037846906;5,22675474791251;20,08786332733963;11,615278119094196;21,21366849214536;4,800160196949427;0;0;0;
680000;9,456747037846906;5,038322823665264;20,08786332733963;11,615278119094196;21,21366849214536;4,800160196949427;0;0;0;
690000;9,456747037846906;5,0291436777880545;20,08786332733963;11,615278119094196;21,21366849214536;4,800160196949427;0;0;0;
700000;9,456747037846906;5,0291436777880545;20,08786332733963;11,431346243684587;21,21366849214536;4,800160196949427;0;0;0;
710000;9,456747037846906;5,0291436777880545;20,08786332733963;11,249164241919804;21,21366849214536;4,800160196949427;0;0;0;
720000;9,456747037846906;5,0291436777880545;20,08786332733963;11,249164241919804;21,21366849214536;4,800160196949427;0;0;0;
730000;9,456747037846906;4,842823829207537;20,08786332733963;11,249164241919804;21,21366849214536;4,800160196949427;0;0;0;
740000;9,456747037846906;4,842823829207537;20,08786332733963;11,249164241919804;21,21366849214536;4,800160196949427;0;0;0;
750000;9,456747037846906;4,842823829207537;20,08786332733963;11,249164241919804;21,21366849214536;4,800160196949427;0;0;0;
760000;9,456747037846906;4,842823829207537;20,08786332733963;11,249164241919804;21,21366849214536;4,800160196949427;0;0;0;
770000;9,456747037846906;4,842823829207537;20,08786332733963;11,043582403469092;21,21366849214536;4,800160196949427;0;0;0;
780000;9,456747037846906;4,842823829207537;20,08786332733963;11,042734511843136;21,21366849214536;4,800160196949427;0;0;0;
790000;9,456747037846906;4,842823829207537;20,08786332733963;10,918287677504443;21,21366849214536;4,800160196949427;0;0;0;
800000;9,456747037846906;4,842823829207537;20,08786332733963;10,83952033191851;21,21366849214536;4,800160196949427;0;0;0;
810000;9,456747037846906;4,842823829207537;18,75126230307289;10,642997372120709;21,21366849214536;4,800160196949427;0;0;0;
820000;9,456747037846906;4,842823829207537;18,406023486364166;10,642875064724334;21,21366849214536;4,800160196949427;0;0;0;
830000;9,456747037846906;4,842823829207537;18,406023486364166;10,614219844463637;21,21366849214536;4,800160196949427;0;0;0;
840000;9,456747037846906;4,839319755031535;18,406023486364166;10,417507418887409;21,21366849214536;4,800160196949427;0;0;0;
850000;9,456747037846906;4,839186839772364;18,406023486364166;10,417506913259269;21,21366849214536;4,800160196949427;0;0;0;
860000;9,456747037846906;4,839186839772364;18,406023486364166;10,417506913259269;21,21366849214536;4,800160196949427;0;0;0;
870000;9,456747037846906;4,839186839772364;18,406023486364166;10,417506913259269;21,21366849214536;4,800160196949427;0;0;0;
880000;9,248741240862655;4,839186839772364;18,406023486364166;10,417506913259269;21,21366849214536;4,800160196949427;0;0;0;
890000;9,248741240862655;4,839186839772364;18,406023486364166;10,417506913259269;21,21366849214536;4,800160196949427;0;0;0;
900000;9,248741240862655;4,839186839772364;18,406023486364166;10,417506913259269;21,21366849214536;4,800160196949427;0;0;0;
910000;9,248741240862655;4,839186839772364;18,406023486364166;10,417506913259269;21,21366849214536;4,416729468317963;0;0;0;
920000;9,248741240862655;4,839186839772364;18,406023486364166;10,244478846742746;21,21366849214536;4,410132659566299;0;0;0;
930000;9,248741240862655;4,839186839772364;18,406023486364166;10,244478846742746;21,21366849214536;4,410132659566299;0;0;0;
940000;9,248741240862655;4,839186839772364;18,406023486364166;10,244478846742746;21,21366849214536;4,410132659566299;0;0;0;
950000;9,248741240862655;4,839186839772364;18,406023486364166;10,244478846742746;21,21366849214536;4,410132659566299;0;0;0;
960000;9,248741240862655;4,639556770069333;18,406023486364166;10,244478846742746;21,21366849214536;4,410132659566299;0;0;0;
970000;9,248741240862655;4,244320230517253;18,406023486364166;10,244478846742746;21,21366849214536;4,410132659566299;0;0;0;
980000;9,248741240862655;3,8448694114098303;18,406023486364166;10,244478846742746;21,21366849214536;4,410132659566299;0;0;0;
990000;9,248741240862655;3,8430051468337667;18,406023486364166;10,244478846742746;21,21366849214536;4,410132659566299;0;0;0;
1000000;9,248741240862655;3,8430051468337667;18,406023486364166;10,244478846742746;21,21366849214536;4,212900542241518;0;0;0;