===> Médias para cada NFOB:
NFOB;GEO;GEOvar;AGEO1;AGEO2;AGEO1var;AGEO2var
10000;58,27687950336738;19,633595289097066;32,63059699697211;31,66913960740445;24,622346665679373;18,87406330485486
20000;31,64451779240864;16,271580374321776;22,124606555772473;21,10587199705834;24,330215095557268;15,183834781922574
30000;25,790714302075344;14,346394132055458;21,49571597314688;20,398437946465563;24,187663538845086;13,008927029472137
40000;23,722740869647716;12,558934742690985;21,035898863693024;20,223428807154882;24,187663538845086;11,472137343299744
50000;22,585222717329675;11,627911990499417;20,796253349358224;20,07809346458012;24,187663538845086;10,496501583526838
60000;21,834721455576005;10,871498276683228;20,790592219425243;19,81896650675084;24,187663538845086;9,855423447586459
70000;21,29127465623194;10,519489388347761;20,790253262258144;19,579374778826924;24,187663538845086;9,14724058300695
80000;20,78465858827065;9,25725614085171;20,713880196646155;19,279436692762246;24,187663538845086;8,664385200854642
90000;20,508881668658272;8,84610034814992;20,711235446893983;19,04494321839622;24,187663538845086;8,451167599344231
100000;20,298804709433654;8,127296727643708;20,711235446893983;18,90561826889228;24,187663538845086;8,118754833844296
110000;19,829528053334858;7,905353748409039;20,534141485666296;18,858587023504995;24,187663538845086;7,845022248591167
120000;19,56082716672777;7,65481569802934;20,534141485666296;18,398823388952618;24,187663538845086;7,542628589316433
130000;19,04459968104682;7,524240912002085;20,534141485666296;18,08405085062067;24,187663538845086;7,191822511514671
140000;18,407416257522677;7,27035871079758;20,27846943128982;17,887208975994596;24,187663538845086;6,791601597783655
150000;18,022331840875406;7,098576433856894;20,182637863079048;17,681936105976;23,443758891733665;6,713131835091089
160000;17,777934622782478;7,016897590378413;20,177271065506673;17,2811803682004;23,443758891733665;6,448089376692954
170000;17,31440539491789;6,803816576286261;19,935948965427027;17,10364722393298;23,443758891733665;6,177859319034607
180000;17,05748372880615;6,769572689320683;19,935948965427027;16,973636442754394;23,443758891733665;6,035443915380697
190000;16,87314167756541;6,601053126548171;19,935948965427027;16,81248797487384;23,443758891733665;5,83161135888022
200000;16,58736770986539;6,458968618047083;19,935948965427027;16,69148740645224;23,443758891733665;5,671233126096075
210000;16,395996259447237;6,322482467485229;19,850678200382948;16,669386492952643;23,443758891733665;5,569505231510743
220000;16,119574014141804;6,183510063474065;19,77182422742733;16,57071552160657;23,443758891733665;5,553934424853796
230000;15,982798288513646;5,966560226745791;19,77140805794428;16,433993133620614;23,443758891733665;5,471635046115977
240000;15,885775635596561;5,836529129027252;19,77140805794428;16,27207919157993;23,443758891733665;5,470117749251376
250000;15,599639098668918;5,6742412000455;19,717791131443665;16,13470952431908;23,443758891733665;5,329764170462466
260000;15,278568288512046;5,590942229252907;19,63186045652338;15,971122152356699;23,443758891733665;5,189127563259282
270000;14,971912662808272;5,449039984544311;19,627876215479752;15,88929479459552;23,443758891733665;5,129166697732537
280000;14,775457729587147;5,326885475543271;19,627876215479752;15,810892495149913;23,443758891733665;5,08721469248405
290000;14,53184750398777;5,310609760169415;19,627876215479752;15,632154923924233;23,443758891733665;4,92696004992983
300000;14,387310089843734;5,293842206589944;19,627876215479752;15,53314904927962;23,443758891733665;4,884861466890296
310000;14,270827097594015;5,187359013915411;19,627876215479752;15,431668374561516;23,443758891733665;4,824687293230128
320000;14,067381865893692;5,1378206408204585;19,627876215479752;15,351668703438843;23,443758891733665;4,7651252126819506
330000;13,906140588906306;5,02257401734106;19,627876215479752;15,230173905666058;23,443758891733665;4,7651252126819506
340000;13,645338170827271;4,9734520855169935;19,627876215479752;15,15121637730115;23,443758891733665;4,7651252126819506
350000;13,544908198734035;4,902046374662006;19,627876215479752;14,950581654858608;23,443758891733665;4,7308960257260075
360000;13,46458387613394;4,888453890059666;19,627876215479752;14,870704123034846;23,443758891733665;4,687165146101684
370000;13,457565474019768;4,8809582849267805;19,627876215479752;14,753382025704557;23,443758891733665;4,644175927393182
380000;13,437289610084802;4,858703314400405;19,627876215479752;14,690174106224442;23,443758891733665;4,62674211075847
390000;13,434949763477787;4,8539338240756535;19,627876215479752;14,608498492262335;23,443758891733665;4,625459702265244
400000;13,375856297293415;4,8539338240756535;19,627876215479752;14,368821843218987;23,443758891733665;4,5636294957677865
410000;13,272436723653781;4,825076359326946;19,627876215479752;14,289578729377297;23,443758891733665;4,50597233702867
420000;13,187250776890906;4,802679950348807;19,627876215479752;14,128970132089696;23,443758891733665;4,504633240721712
430000;13,117795975397634;4,786315369400349;19,627876215479752;14,083335970371339;23,443758891733665;4,504633240721712
440000;13,023630954713417;4,721916608829121;19,627876215479752;13,98215616967633;23,443758891733665;4,504040931177165
450000;12,98692282595786;4,707647510610588;19,627876215479752;13,902832315056573;23,443758891733665;4,464361857277324
460000;12,976934270563108;4,687807595108718;19,627876215479752;13,853183021942039;23,443758891733665;4,442727339264712
470000;12,657552468023619;4,687807595108718;19,627876215479752;13,830687948671523;23,443758891733665;4,363700527362536
480000;12,647402611797386;4,687797113774073;19,627876215479752;13,699560324625839;23,443758891733665;4,363700527362536
490000;12,564227288758543;4,687797113774073;19,627876215479752;13,59741768257192;23,443758891733665;4,3433422519521585
500000;12,488096657044247;4,621610611591291;19,627876215479752;13,59741768257192;23,443758891733665;4,343311294713682
510000;12,466384436430207;4,546241203241025;19,627876215479752;13,534110867609272;23,443758891733665;4,343311294713682
520000;12,378343080539171;4,525642782584856;19,627876215479752;13,47146546399045;23,443758891733665;4,302010482278912
530000;12,174048130324788;4,498200303462836;19,627876215479752;13,43115526102544;23,443758891733665;4,282322319013141
540000;11,999800089912581;4,480989550641965;19,627876215479752;13,37344623126358;23,443758891733665;4,263953060860851
550000;11,860788809396492;4,476381123079927;19,627876215479752;13,310728896776848;23,443758891733665;4,241765062626654
560000;11,812901233748837;4,453437897299776;19,627876215479752;13,290768483209765;23,443758891733665;4,220031185009106
570000;11,735903977984105;4,417089884429402;19,627876215479752;13,091952114285057;23,443758891733665;4,220031185009106
580000;11,557772568719445;4,321727821183467;19,496997647240036;13,0110252641913;23,443758891733665;4,200376317920805
590000;11,392638404226066;4,263967728018958;19,306506115940046;12,836577077589938;23,443758891733665;4,18214745294675
600000;11,392330613078094;4,222617319988164;19,305280188092617;12,816786511107477;23,443758891733665;4,162793270816244
610000;11,391001638717887;4,2225773475848625;19,305280188092617;12,8161476135418;23,443758891733665;4,162672704432494
620000;11,39022773154101;4,2225773475848625;19,305280188092617;12,751981286560634;23,443758891733665;4,162672704432494
630000;11,283031993627237;4,2225773475848625;19,305280188092617;12,750850545787396;23,443758891733665;4,1618478202020155
640000;11,262446926159182;4,2225773475848625;19,305280188092617;12,731181307048494;23,443758891733665;4,1618478202020155
650000;11,260574574355571;4,187970765381323;19,304473236136246;12,632095031307284;23,443758891733665;4,1618478202020155
660000;11,244759272391383;4,167829831148829;18,92911221557966;12,596082065024596;23,443758891733665;4,1618478202020155
670000;11,236722068472059;4,155880629557249;18,79661306965917;12,593595770212843;23,443758891733665;4,1618478202020155
680000;11,236722068472059;4,155880629557249;18,79661306965917;12,552968784396741;23,443758891733665;4,160934928844341
690000;11,070634554264457;4,155880629557249;18,79661306965917;12,51106566931274;23,443758891733665;4,160910432126251
700000;11,03240028726372;4,154978770139374;18,79661306965917;12,491368322596388;23,443758891733665;4,140563233371588
710000;10,974308153656724;4,15492210559104;18,79661306965917;12,491368322596388;23,443758891733665;4,140563233371588
720000;10,971356320470907;4,15492210559104;18,79661306965917;12,410218102117412;23,443758891733665;4,140563233371588
730000;10,797002427974123;4,0753579137015485;18,79661306965917;12,370851245444962;23,443758891733665;4,140563233371588
740000;10,773442947295717;3,99236743846148;18,79661306965917;12,252398057030675;23,443758891733665;4,140563233371588
750000;10,758519790379038;3,973246584695752;18,79661306965917;12,213604422681342;23,443758891733665;4,121584930843035
760000;10,72270883704729;3,973246584695752;18,79661306965917;12,053086034577495;23,443758891733665;4,1003892048224335
770000;10,722420369338353;3,9542771807263364;18,532728543286797;12,05305447930085;23,443758891733665;4,0808501391001535
780000;10,662945641676602;3,9542771807263364;18,532728543286797;12,03273395788929;23,443758891733665;4,080739291813067
790000;10,638754268100922;3,9542771807263364;18,532728543286797;11,911849268415319;23,443758891733665;4,080739291813067
800000;10,638323899041275;3,9542771807263364;18,28036586087843;11,792635242457434;23,443758891733665;4,021729738516978
810000;10,615190885397357;3,9542771807263364;18,277633007846966;11,791982262603337;23,443758891733665;4,021729738516978
820000;10,614618900449614;3,9542771807263364;18,277633007846966;11,69168598866394;23,443758891733665;4,001280133981616
830000;10,595049651401853;3,9542771807263364;18,277633007846966;11,690987060079124;23,443758891733665;3,964302215758903
840000;10,555715774581586;3,9542771807263364;18,277633007846966;11,690987060079124;23,443758891733665;3,964302215758903
850000;10,555260556321384;3,9542771807263364;18,277633007846966;11,689644442778592;23,443758891733665;3,964302215758903
860000;10,46397979605734;3,9542771807263364;18,277633007846966;11,689328162978509;23,443758891733665;3,964302215758903
870000;10,46071324462731;3,861980293669128;18,277633007846966;11,628493468881972;23,423991174364396;3,8838578431482755
880000;10,383683002150793;3,861980293669128;18,277633007846966;11,529226308516726;23,423991174364396;3,8838578431482755
890000;10,383011839727285;3,861980293669128;18,277633007846966;11,470829080039028;23,423991174364396;3,8838578431482755
900000;10,380919116163073;3,857608322993174;18,277633007846966;11,409867519657624;23,423991174364396;3,8831961795129497
910000;10,380919116163073;3,7933211258090886;18,277633007846966;11,389196769517458;23,423991174364396;3,8831961795129497
920000;10,31947609533141;3,7933211258090886;18,277633007846966;11,368865021063797;23,423991174364396;3,8831961795129497
930000;10,304441341212328;3,7933211258090886;18,277633007846966;11,348272536782272;23,423991174364396;3,8831961795129497
940000;10,265508138146881;3,7933211258090886;18,277633007846966;11,28711609216675;23,423991174364396;3,8831961795129497
950000;10,232205948499454;3,7933211258090886;18,277633007846966;11,285811127802472;23,423991174364396;3,8831961795129497
960000;10,115289530571241;3,7933211258090886;18,277633007846966;11,245823248277036;23,423991174364396;3,845082983094036
970000;10,088466370306813;3,7933211258090886;18,277633007846966;11,224323404912463;23,423991174364396;3,845082983094036
980000;10,08681510455193;3,7749044095084106;18,277633007846966;11,184971025037148;23,423991174364396;3,845082983094036
990000;10,028880966413373;3,74791421407596;18,277633007846966;11,165289518807386;23,423991174364396;3,845082983094036
1000000;9,942089132932985;3,7475569368219124;18,277633007846966;11,139306544557325;23,423991174364396;3,845082983094036