Schwefel
===> Médias para cada NFOB:
NFOB;GEO;GEOvar;AGEO1;AGEO2;AGEO1var;AGEO2var
10000;1083,9034773444594;689,9705218760349;963,3248667483457;943,6396782985317;952,2184643693164;608,646648052568
20000;943,0867591070428;519,0809779264217;903,101644632081;909,0798899802083;928,0288119624634;407,6343772979524
30000;837,1061261010884;437,96933987136464;880,9321522914869;870,3766586821438;924,7959654317208;318,20409629797126
40000;769,4477910336972;354,52769214540604;797,9134898801319;824,3427461458419;923,6107645921422;269,52827256750186
50000;730,7168763127993;316,999306034428;755,8201722794452;787,512420985973;912,3452432445877;230,88846847516896
60000;694,7193517566697;267,3168717537399;719,7134190065859;746,0925946412068;903,3378363252061;209,9028548503993
70000;669,0694019622126;239,78264297853406;688,0647651591452;725,077320868668;899,3814669130161;191,13864575886234
80000;645,009147235483;219,91458308560453;665,6465004526509;693,6229396377332;885,2845770698209;172,25712322053658
90000;614,2950549150194;208,55415746177823;654,0619770214976;643,2771113036576;871,4345809574;156,09709213125439
100000;594,3624635678564;192,98459270005552;640,4105443213003;635,7263480339725;870,2266848395614;153,07961591899897
110000;584,035453091326;178,62082207537466;624,214149463375;594,738332696956;869,6960499123021;147,95648417804685
120000;570,8553042466989;171,99589644003598;621,9359866973933;575,036845328981;857,9969979045875;140,22302802099549
130000;550,5865509167685;163,76831504028883;615,559111498708;551,9051258484568;851,3819977199918;129,37169259052803
140000;527,2488800276518;160,98336255551172;602,6939158422664;529,415368398595;839,6105583812661;124,02138683634112
150000;510,58474818428186;158,59106990737527;600,9795063828361;516,8379615126191;812,4020962218268;110,53656152033909
160000;495,64145857304516;153,51243479522932;591,3653334080846;486,37780777509624;803,1188627081929;107,76478598466073
170000;483,6542280247289;149,13744704831802;585,860500056688;468,9353122762015;800,597644266485;99,72237642569438
180000;477,0496538386496;145,86647038674698;581,9258147841479;465,4986112384756;789,331714021593;97,36036524756965
190000;469,85991422482005;136,69782772633036;581,9258147841479;456,67132883733035;787,7856729832611;94,52912404222269
200000;455,3005512531184;126,2491895766566;581,9258147841479;435,45819443370436;784,8738314708899;91,42213264816797
210000;444,71315734374593;117,68226151046619;562,8121378598627;432,34735631396404;776,5870405361868;88,55198921326365
220000;429,71697205476585;114,64241338854394;562,8121378598627;424,4352091279312;774,3633615416045;81,66975890049613
230000;417,07656074558395;107,90802638595072;554,050056438283;405,010801194963;768,817927917163;75,56352314132852
240000;396,34685905336914;104,10491487381881;541,2979512047766;399,83354125911023;768,817927917163;75,55708115246672
250000;386,5123475830501;98,94774012209575;541,2977996300189;389,8265994183389;768,817927917163;75,51048870589418
260000;378,7233532468539;97,73538030297932;519,0001799759608;374,6714487578731;758,0650991265215;74,57008042353077
270000;372,12519168249787;95,94240808671086;510,69219050794914;356,3251948772493;758,0650991265215;73,89068033040246
280000;368,9623362264559;92,53445375554321;505,2984426074427;349,6577978167338;754,5315124300116;73,20557365601493
290000;361,588625951404;87,36660884028177;505,2984426074427;343,23393451809153;750,6269329018928;73,20557365601493
300000;357,094083916855;82,57930852764888;490,6517083746553;338,0103097881293;748,8522894642575;73,20317191194566
310000;348,63772155598997;79,27660332725681;490,6517083746553;336,9404627722179;748,8522894642575;72,52382014226735
320000;344,7874342301737;74,79568111102617;490,6517083746553;334,41425219079264;747,5014804611563;67,59888589211668
330000;341,92537819153125;69,34077362615349;483,3358480686204;321,9536514186124;742,5117152389106;64,22439993612512
340000;337,8498698851179;67,29105498071371;480,6484345440415;316,68763713298546;740,4921713556298;64,22439993612512
350000;335,0677945569663;66,5999311304907;459,55106830175396;310,0245092436399;737,0566033064846;61,158892463963724
360000;323,2319365701701;66,42963921290801;459,55106830175396;309,59512189729196;737,0566033064846;61,158892463963724
370000;321,1849088295217;64,67208592396113;452,2781569816629;308,3714888509921;718,6468184891075;56,0823290870905
380000;311,02292997089427;63,63075056126787;452,2781569816629;308,3692428957843;718,6468184891075;54,713573602755844
390000;309,73809945534344;60,55818502725554;452,2781569816629;304,6847792287182;718,3143500310147;54,713573602755844
400000;301,7740552488871;58,59341183605738;452,2781569816629;304,3012936221728;717,5070281806858;53,96134764621348
410000;296,97214927776946;54,961315332221865;452,2781569816629;300,28687618589026;717,5070281806858;53,96134764621348
420000;296,8750213968879;54,27630349581944;450,0509032535915;296,2414612844566;716,8174474954316;53,52984995092123
430000;296,8750213968879;54,27190687690857;450,0509032535915;294,0562954033092;716,8174474954316;53,529777274273854
440000;291,3386570355821;52,86924829520893;450,0509032535915;283,7226503807019;716,8174474954316;53,529777274273854
450000;285,4800975259831;52,86924829520893;450,0509032535915;274,24244511050034;701,4195888795123;53,3615284488637
460000;276,59863474394155;51,84136504192812;435,7299628529183;272,0410849911153;701,4195888795123;52,1057347698088
470000;273,8865149763884;50,96696115050591;435,7299628529183;267,20046763139163;701,4195888795123;50,20185337970724
480000;273,4536817517339;50,86735262531974;435,7299628529183;258,1031567934772;701,4195888795123;47,19136056219113
490000;267,88968972364995;50,86585959275294;432,03995883022816;254,91578526057165;701,4195888795123;46,501327112164034
500000;263,82494253441854;46,907161550942575;431,1444683117177;252,37239410715964;701,4195888795123;45,96345921938847
510000;263,2852576814656;45,754680906574066;431,1444683117177;250,6895232191374;701,4195888795123;45,96345921938847
520000;261,5711473533874;44,98349160271244;431,1444683117177;250,6895232191374;701,4195888795123;44,82149616886849
530000;260,64231337800584;44,98349160271244;424,111281025567;249,0066268519112;701,4195888795123;44,60473507096086
540000;260,0955304215559;44,29445151190345;421,0219066351921;249,0066268519112;701,4195888795123;40,31221494887728
550000;259,7819928002344;44,29445151190345;420,7785444845943;246,4328220275895;701,4195888795123;40,31221494887728
560000;259,7819928002344;43,359217985765326;417,56447541987086;245,74464128182552;701,4195888795123;40,05278521526984
570000;257,2501077401215;42,5691706544956;415,5859723283873;245,04901822014924;701,4195888795123;40,05278521526984
580000;256,3023028120076;42,56850484928841;415,4141522697016;239,63724757315183;701,4195888795123;40,05278521526984
590000;255,39194516249128;42,56850484928841;415,4141522697016;236,6160181239419;699,2540707008651;39,375575838272844
600000;253,87339114861675;42,56850484928841;415,4141522697016;232,6917712733606;699,2540707008651;39,375575838272844
610000;251,52667997289038;42,56850484928841;412,04884021122547;224,95539574561212;692,4702598654715;37,011083063757944
620000;250,82841745740504;41,328164549430795;412,04884021122547;224,27165084901833;692,4702598654715;36,862862177945935
630000;249,94246290342952;41,31669931454199;412,04884021122547;221,25317607744074;692,4702598654715;36,71593188516272
640000;246,64773223106906;40,61713512315497;406,0868317139051;214,48833389461777;692,4702598654715;36,71405857551703
650000;243,03339648930992;40,61713512315497;402,59620772832625;207,00541235511685;692,4702598654715;36,40712788885445
660000;242,59162571162267;40,61713512315497;402,59620772832625;202,47323873670086;678,5098049416903;36,39499309374914
670000;242,59162571162267;40,61686807323674;393,2274759985303;195,81611971638216;678,5098049416903;36,3885746898276
680000;242,59162571162267;40,58288282050079;393,2274759985303;195,27621849779453;678,5098049416903;35,679305361669684
690000;242,0656498148809;39,952509375398265;393,2274759985303;187,97159664716995;678,5098049416903;35,679305361669684
700000;242,0370330915949;39,23066590351352;392,3703282207153;187,96927410566764;678,5098049416903;35,43567210525394
710000;240,34337663098614;39,21019758123;392,3703282207153;187,86935932094877;678,5098049416903;35,43567210525394
720000;240,34337663098614;37,74963563841337;392,3703282207153;185,80672785159135;676,0137036168039;35,43567210525394
730000;240,19425995852345;35,76275989955524;388,4277353411076;184,55961876268134;668,2772204150668;35,43567210525394
740000;235,01937520767072;35,08499267429684;383,5229634307271;182,54012587980796;668,2772204150668;35,43567210525394
750000;231,60293812444834;34,58888637244318;383,5229634307271;180,92052744650448;667,3296280979623;35,43567210525394
760000;231,52552721189363;34,58888637244318;383,5229634307271;180,51883620519766;667,3296280979623;35,43567210525394
770000;230,73550467960217;33,207081554610006;383,5229634307271;178,54569927503334;667,3296280979623;35,43567210525394
780000;228,2171543248791;31,865606229984213;383,5229634307271;177,28965599483905;667,3296280979623;35,43567210525394
790000;226,21089546660113;31,55827324969183;383,5229634307271;177,28965599483905;667,3296280979623;33,38148949619961
800000;224,655241506585;31,55827324969183;383,5229634307271;174,78894550417834;667,3296280979623;33,37848164297224
810000;222,5122290469752;31,55827324969183;383,5229634307271;173,56743774037918;667,3296280979623;33,37848164297224
820000;222,292578841402;31,530017437274708;383,5229634307271;171,45217301959354;661,5567608522218;32,16012372618752
830000;219,14100817163592;31,530017437274708;383,5229634307271;170,91226435756215;661,5567608522218;32,16012372618752
840000;218,60637221314312;31,530017437274708;383,5229634307271;170,37451433971867;652,2571275911972;32,03459707827102
850000;217,33924466177012;29,632635911361213;383,5229634307271;169,68865657094662;652,2571275911972;32,0088165412243
860000;213,90926239082756;29,616720858245372;379,16111437653717;167,73867899599324;652,2571275911972;32,0088165412243
870000;210,19580316624067;29,616720858245372;379,16111437653717;167,05404647271848;646,0267113214801;30,786026111241735
880000;209,46588871112036;29,49853421668704;379,16111437653717;155,4168472875658;646,0267113214801;30,786026111241735
890000;209,46222077326115;28,938638358279842;379,16111437653717;155,41477926050035;646,0267113214801;30,786026111241735
900000;206,64230307148762;28,858925312011706;379,16111437653717;155,41477926050035;645,5542290708;30,786026111241735
910000;205,90208169536774;28,85647291247544;379,16111437653717;153,88642839452646;645,5542290708;30,786026111241735
920000;205,90208169536774;28,85647291247544;373,550978675495;152,88495781928725;645,5542290708;30,786026111241735
930000;205,90097823672332;28,246081095867286;369,654046768103;149,76371386827307;645,5542290708;30,786026111241735
940000;205,90097823672332;26,599317550302068;365,656785939051;149,07781703475658;645,5542290708;30,786026111241735
950000;205,90097823672332;26,55664687711588;365,656785939051;147,708163191463;645,5542290708;30,786026111241735
960000;205,62100169954377;26,55664687711588;365,656785939051;147,1107988267086;645,5542290708;30,784061896061758
970000;205,62100169954377;26,010132369299455;363,4784319046518;145,32655776271469;645,5542290708;30,784061896061758
980000;203,80345018159983;25,326418895175657;363,4784319046518;144,80945878948648;642,2011479622598;30,784061896061758
990000;203,68043237898638;25,326418895175657;363,4784319046518;141,06180175978173;639,5254629002854;30,094133134270233
1000000;203,6804076960872;25,326418895175657;363,4784319046518;140,74640825462464;639,5254629002854;30,094133134270233