




============================================================================
O que irá executar a seguir: executar_algoritmos
============================================================================













============================================================================
Função: griewangk
============================================================================
parameter;AGEO2;AGEO2var;AGEO2real2_AA3;
meanNFE;100100;100110;100000;
meanFX;0,09186115499854507;0,23305870039694943;0,014518390487900261;
melhorFX;0,0019659232418319794;0,0025635255120870504;1,3548051569500785E-12;
piorFX;0,2678583826703219;0,8374048415008646;0,051703422593217474;
medianFX;0,08471916526625389;0,21571463322334083;0,0123209888772714;
sdFX;0,0707914855234465;0,18163070642976475;0,014153291762952592;
==========================================================
===> f(x) médio para cada NFE:
NFE;AGEO2;AGEO2var;AGEO2real2_AA3;
5;283,170816994181;283,170816994181;255,38437593276794;
50;255,31036429905777;255,31036429905777;249,73132393651815;
100;227,01729122859;227,01729122859;249,73132393651815;
500;173,05842267883878;53,63788816606848;173,5530422072373;
1000;63,39467807423678;1,0874969267788752;46,65225610246818;
1500;19,50881686396871;0,38692464174446023;5,114706334871047;
2000;8,488735882096659;0,27397913490462045;1,4305653534483749;
2500;3,730206070639836;0,25071555769443266;0,9069332530414951;
3000;1,8891697422616018;0,24309337703091732;0,42850205940052;
3500;1,4077683374420493;0,24219813303010124;0,1280785583116006;
4000;1,122251587436594;0,20824460007579582;0,0667591377455864;
4500;1,0227026283607568;0,20824460007579582;0,05911823137345518;
5000;0,763258162907307;0,20824460007579582;0,040592750309743186;
6000;0,4684352195822339;0,20824460007579582;0,04059222901975862;
7000;0,3542365028811749;0,20824460007579582;0,03564396789083524;
8000;0,3262539995172484;0,20824460007579582;0,03318013865085395;
9000;0,32606915922865126;0,20824460007579582;0,030760747482158457;
10000;0,29967453854366344;0,20824460007579582;0,030760747482158457;
12000;0,2779995483882082;0,20824460007579582;0,028288902463920962;
14000;0,24715511854548355;0,20824460007579582;0,027063917159844852;
16000;0,22617705521635478;0,20824460007579582;0,02458484297916874;
18000;0,19829877727228934;0,20824460007579582;0,0209242992119259;
20000;0,18897230626523065;0,20824460007579582;0,020924299023087678;
25000;0,17272278675377184;0,20824460007579582;0,020924299016739367;
30000;0,14434598106787688;0,20824460007579582;0,0196973560129326;
35000;0,13654810764805786;0,20824460007579582;0,01846550946332759;
40000;0,1277159734013889;0,20824460007579582;0,01846550946332759;
45000;0,1277159734013889;0,20824460007579582;0,017241020919176564;
50000;0,12636739670098163;0,20824460007579582;0,01723611192018709;
55000;0,12324693649966639;0,20824460007579582;0,01723611192018709;
60000;0,11822816100131223;0,20824460007579582;0,017226293869306464;
65000;0,11302360620634838;0,20824460007579582;0,01600303531280839;
70000;0,11302360620634838;0,20824460007579582;0,01600303531280839;
75000;0,09866726432140821;0,20824460007579582;0,01600303531280839;
80000;0,09619714588735528;0,20824460007579582;0,014779776757684104;
85000;0,09619714588735528;0,20824460007579582;0,014779776757684104;
90000;0,08610506221561987;0,20824460007579582;0,014776092240689875;
95000;0,08530435304526351;0,20824460007579582;0,014776092240689875;
100000;0,07914406696017579;0,20824460007579582;0,012320988877102257;

==========================================================
===> Melhores f(x) para cada execução:
execucao;AGEO2;AGEO2var;AGEO2real2_AA3;
1;0,08588954082427314;0,19655627460166203;3,011035865085887E-12;
2;0,008734251670899917;0,04324246643688401;0,03446735427039471;
3;0,14904146301668275;0,15633374637758302;3,74111852607939E-12;
4;0,1311257590709788;0,8374048415008646;0,00739604034122443;
5;0,0019659232418319794;0,26905585959995215;1,3841150448001827E-12;
6;0,01033133341898973;0,009808351271380356;0,02215614367124996;
7;0,1718510798456252;0,3390168669922038;0,01231607252327882;
8;0,12255984952250842;0,03258504581094113;0,051703422593217474;
9;0,11215073993258073;0,2941595054377705;8,347988966761477E-12;
10;0,021915311557435757;0,2652240614401108;1,0964784635802971E-11;
11;0,008734251670899917;0,006172900456109187;0,0073960403385628926;
12;0,019117787142422293;0,38685540919892325;0,0073960403351824855;
13;0,04610312914268211;0,37855637629009553;2,647770891428536E-12;
14;0,05556805863092751;0,42760408462130617;0,007396040337232512;
15;0,12393402347682436;0,01094317172656245;2,415290190072028E-12;
16;0,04424585121306834;0,08293810707531024;0,007396040337694032;
17;0,17339618739435403;0,6246351670209179;0,04176768394828845;
18;0,0019659232418319794;0,25557748918187084;0,01722629387179553;
19;0,018802333690258632;0,1355932982518676;0,03442068795526654;
20;0,0313257667534268;0,028357451444815607;0,027036998030718462;
21;0,25690098721678467;0,06689131840217721;0,024602682559237365;
22;0,2678583826703219;0,2007745669282508;5,045852624618874E-12;
23;0,14923720372183125;0,3511232516332833;3,2335245592207684E-12;
24;0,2246125838642734;0,02836184952213927;1,3548051569500785E-12;
25;0,05914603464806012;0,5764784374794653;2,685740518870716E-12;
26;0,021915311557435757;0,15996194914899042;1,4691581284864696E-12;
27;0,139033402282414;0,3683443039150328;0,022156143671200113;
28;0,008734251670899917;0,3909906701314353;0,02215124201688612;
29;0,1371907397942509;0,17917494189038807;0,0393186868644364;
30;0,04050581593510261;0,12751257374864156;0,03442068795558162;
31;0,07356896865409768;0,4129574835575899;0,0319570287755675;
32;0,11389647248011603;0,33473224717989025;0,0172262938668174;
33;0,008734251670899917;0,0643023844133015;0,014772407724810921;
34;0,09455100127429616;0,05678141859202124;1,892264123171117E-12;
35;0,0863205836069666;0,14355957049922818;0,0123209888772714;
36;0,12557873340269954;0,21571463322334083;0,009857284615432338;
37;0,14220210205035932;0,002733491722417658;1,8421930647605222E-12;
38;0,06067771157347912;0,02894032498730803;0,022156143672188766;
39;0,05517210657420657;0,30122221021373574;0,014779776758799379;
40;0,06303889502730065;0,37151789470226293;0,041831455808862494;
41;0,0978432905004144;0,32704219254301226;1,6320278461989801E-12;
42;0,18734891294481826;0,4395336883520451;0,01477977675656883;
43;0,06612049077292881;0,1830670508263217;0,029547282012340692;
44;0,015492165727511331;0,23868921573325297;0,027017420110238444;
45;0,0726499967522104;0,09236910059428383;0,017236111920804875;
46;0,036737238534089056;0,3819125657149425;8,891665181920416E-12;
47;0,08471916526625389;0,4305820178066375;2,1437296382487148E-12;
48;0,22829527004757189;0,24528207687321346;0,022151242016587913;
49;0,14648986008539444;0,14919758926363924;0,012320988876933114;
50;0,18972725516176292;0,0025635255120870504;0,017241020917638017;











============================================================================
Função: rastringin
============================================================================
parameter;AGEO2;AGEO2var;AGEO2real2_AA3;
meanNFE;100160;100152;100130;
meanFX;17,52295964300514;24,729628683158786;3,4802383197529705E-13;
melhorFX;5,99962628927392;12,131862747114525;1,1368683772161603E-13;
piorFX;28,254224725953502;40,09718699363916;5,400124791776761E-13;
medianFX;17,123507951802054;24,237046841081785;3,481659405224491E-13;
sdFX;5,261798136816704;6,179304078209683;8,400499547937474E-14;
==========================================================
===> f(x) médio para cada NFE:
NFE;AGEO2;AGEO2var;AGEO2real2_AA3;
5;229,93093735021597;229,93093735021597;222,17527945632486;
50;222,95225936274733;222,95225936274733;210,11623970621196;
100;215,91882247860025;215,91882247860025;210,11623970621196;
500;210,76182439001903;164,64272548455693;203,26628129066495;
1000;191,09665065710428;95,18965545465414;164,40249104752388;
1500;171,82841499302495;47,812751252019694;128,423894051044;
2000;138,0122235603214;29,882299935332576;68,05819610367644;
2500;117,60631950691212;27,66206815593723;37,59946062083919;
3000;97,75205682236017;25,480855989302235;26,074666036158252;
3500;89,32411519675543;24,286247629356694;16,69233205323113;
4000;76,22975970343438;24,233028003332365;11,714141009946392;
4500;68,54972411670119;24,230722803490014;8,567160910185194;
5000;59,867351702424514;24,23041836679275;6,48097625558793;
6000;49,516892106286164;24,229987287923823;4,2892597127930365;
7000;40,574841429006455;24,229984347522276;2,986356762258957;
8000;34,77439518834686;24,229984347522276;2,0334838480297783;
9000;30,09843151943348;24,229984347522276;1,745145622094853;
10000;26,64210442437045;24,229984347522276;0,9868429362127351;
12000;24,861597949700855;24,229984347522276;0,2818269586555111;
14000;22,24725683738729;24,229984347522276;1,5095976038992376E-05;
16000;21,618752300501054;24,229984347522276;5,419948934104468E-10;
18000;21,234086403622566;24,229984347522276;1,573852159708622E-12;
20000;21,151790515004055;24,229984347522276;9,627854069549358E-13;
25000;21,08307189900183;24,229984347522276;6,785683126508957E-13;
30000;21,068343959609543;24,229984347522276;5,826450433232822E-13;
35000;21,06586089869568;24,229984347522276;5,400124791776761E-13;
40000;21,06578963482278;24,229984347522276;4,725109192804666E-13;
45000;19,706867121536774;24,229984347522276;4,263256414560601E-13;
50000;19,21937611637424;24,229984347522276;4,227729277772596E-13;
55000;18,56898213993739;24,229984347522276;4,156675004196586E-13;
60000;18,11804978467567;24,229984347522276;3,943512183468556E-13;
65000;18,11798914143756;24,229984347522276;3,872457909892546E-13;
70000;18,11798914143756;24,229984347522276;3,801403636316536E-13;
75000;18,11798914143756;24,229984347522276;3,730349362740526E-13;
80000;18,069369713081333;24,229984347522276;3,694822225952521E-13;
85000;18,040148098393654;24,229984347522276;3,659295089164516E-13;
90000;17,1301583700909;24,229984347522276;3,446132268436486E-13;
95000;17,08053852930247;24,229984347522276;3,446132268436486E-13;
100000;17,08053852930247;24,229984347522276;3,446132268436486E-13;

==========================================================
===> Melhores f(x) para cada execução:
execucao;AGEO2;AGEO2var;AGEO2real2_AA3;
1;20,230372629731804;27,884596446342556;3,836930773104541E-13;
2;9,039930140849137;19,097137598532328;3,765876499528531E-13;
3;5,99962628927392;15,130786078050768;3,694822225952521E-13;
4;16,021527172840813;17,147524418370885;3,339550858072471E-13;
5;14,211635020184659;17,100100205188532;4,405364961712621E-13;
6;14,055520990919078;24,81163691159791;3,410605131648481E-13;
7;22,042722152016452;39,2561296120389;3,481659405224491E-13;
8;22,93533170492106;20,752154908066643;2,7711166694643907E-13;
9;22,197269645234243;33,10876913797045;2,1316282072803006E-13;
10;20,081557873574376;26,984676241291844;3,197442310920451E-13;
11;9,958536306318742;20,941839846539303;1,1368683772161603E-13;
12;24,26537741955226;32,19125049192306;4,121147867408581E-13;
13;20,21182640600479;33,339649462083116;1,9184653865522705E-13;
14;27,27103133866641;29,13664045832475;3,197442310920451E-13;
15;24,163980338076996;23,221138234645203;1,7763568394002505E-13;
16;24,262620921846782;40,09718699363916;3,481659405224491E-13;
17;21,155615912301535;23,722016253971432;2,8421709430404007E-13;
18;21,090424405624248;28,089924076111526;3,694822225952521E-13;
19;15,96005734134259;24,198195489277417;3,907985046680551E-13;
20;7,902069506025654;21,056665319087664;4,476419235288631E-13;
21;18,09718479756451;23,08900569820331;3,694822225952521E-13;
22;21,09042879457332;27,173821363748402;2,913225216616411E-13;
23;14,990179788019262;29,884806794597424;2,7000623958883807E-13;
24;16,022168411523197;18,00579327042523;3,623767952376511E-13;
25;16,05398987943562;19,961509545381354;4,192202140984591E-13;
26;14,046165420072853;22,908565398622287;5,400124791776761E-13;
27;22,99888463686257;18,04825084978186;3,126388037344441E-13;
28;16,087622915032718;29,108554738329367;3,623767952376511E-13;
29;15,097440238356455;28,998453654166575;4,618527782440651E-13;
30;15,006198500129358;29,01084475057372;3,339550858072471E-13;
31;6,965580218406139;18,082389908807173;3,197442310920451E-13;
32;17,037569106802884;24,237046841081785;2,984279490192421E-13;
33;20,1658826677102;24,222921853962767;4,689582056016661E-13;
34;12,04505390033593;16,00824301489503;4,334310688136611E-13;
35;16,02311205850625;22,998518575127243;4,334310688136611E-13;
36;17,159726615577505;22,89830197378741;4,831690603168681E-13;
37;24,0406045381673;27,055002369184265;3,197442310920451E-13;
38;18,041554628598156;27,03415143668913;2,8421709430404007E-13;
39;13,07366301084582;26,319609636618594;3,907985046680551E-13;
40;21,89556420530962;26,172480054552494;3,268496584496461E-13;
41;17,123507951802054;12,131862747114525;3,055333763768431E-13;
42;25,057805184542254;21,035390734298048;3,339550858072471E-13;
43;13,032242180407252;19,15595338544754;4,760636329592671E-13;
44;23,089724482962765;33,08023879129786;3,410605131648481E-13;
45;13,99184472342732;15,100036152891995;2,5579538487363607E-13;
46;11,964912518119355;25,17733225338968;2,2026824808563106E-13;
47;18,298291258621916;26,959625853559878;4,192202140984591E-13;
48;15,136789414667163;20,13865472430067;3,055333763768431E-13;
49;11,203031862618388;36,1921240340933;4,192202140984591E-13;
50;28,254224725953502;29,02392556995659;3,836930773104541E-13;











============================================================================
Função: rosenbrock
============================================================================
parameter;AGEO2;AGEO2var;AGEO2real2_AA3;
meanNFE;100022;100008;100016;
meanFX;3,589867103234321E-05;0,863026595801763;0,007976568518855405;
melhorFX;1,6529512633522721E-06;6,646211204800484E-05;3,853323954493907E-05;
piorFX;0,00017408343942548778;5,686950461625021;0,05339339572722837;
medianFX;1,8273875128587248E-05;0,7724291791260058;0,002114080272552446;
sdFX;4,286217624991387E-05;1,1436391076045167;0,014043468934863733;
==========================================================
===> f(x) médio para cada NFE:
NFE;AGEO2;AGEO2var;AGEO2real2_AA3;
5;23,129422013093514;23,129422013093514;56,98723541925662;
50;3,4848616446313283;3,738769376252775;14,194735721040058;
100;1,4436280117788904;1,3296024901572485;5,224080117631246;
500;0,7214711562770524;0,7882628614705963;0,6573001201658757;
1000;0,2393498203989392;0,7724291791260058;0,4015960772293469;
1500;0,10939086654746835;0,7724291791260058;0,3166277702802689;
2000;0,014795916704307136;0,7724291791260058;0,15425189925662897;
2500;0,006833441713595712;0,7724291791260058;0,11863288109031048;
3000;0,0030933242268151298;0,7724291791260058;0,11772368953712062;
3500;0,0030933242268151298;0,7724291791260058;0,11673791077300669;
4000;0,0021990632329069995;0,7724291791260058;0,11557770076909807;
4500;0,0021990632329069995;0,7724291791260058;0,11456601705012376;
5000;0,0008238556065971571;0,7724291791260058;0,11316139068961238;
6000;0,0003395991157822745;0,7724291791260058;0,1107420757898943;
7000;0,00023157329971179228;0,7724291791260058;0,1090347776917055;
8000;0,0002021736716102212;0,7724291791260058;0,10394087143580792;
9000;0,0002021736716102212;0,7724291791260058;0,09944535877209734;
10000;0,00016806046992408002;0,7724291791260058;0,09376250372119208;
12000;0,0001531688043498238;0,7724291791260058;0,08162521186599347;
14000;0,0001531688043498238;0,7724291791260058;0,07188472938093458;
16000;0,0001531688043498238;0,7724291791260058;0,06613843748144303;
18000;0,0001531688043498238;0,7724291791260058;0,06040726753768996;
20000;0,00014708313318294132;0,7724291791260058;0,05400045910350827;
25000;7,587149006171974E-05;0,7724291791260058;0,042413580262451386;
30000;6,646211204800484E-05;0,7724291791260058;0,03459599881229011;
35000;6,257403941938749E-05;0,7724291791260058;0,027555881393215208;
40000;5,029030897567044E-05;0,7724291791260058;0,02217853698259259;
45000;4,794709951468241E-05;0,7724291791260058;0,018220874894940925;
50000;4,7888267083683586E-05;0,7724291791260058;0,014620767029276043;
55000;3,818187261041633E-05;0,7724291791260058;0,011723048703791776;
60000;3,613662991095874E-05;0,7724291791260058;0,009671394741810507;
65000;3,3379043764936865E-05;0,7724291791260058;0,007965593026069376;
70000;3,3379043764936865E-05;0,7724291791260058;0,006579737844654739;
75000;3,3379043764936865E-05;0,7724291791260058;0,005317703746477471;
80000;2,7338266922470063E-05;0,7724291791260058;0,004503398084530834;
85000;1,8273875128587248E-05;0,7724291791260058;0,0037131072160058167;
90000;1,8273875128587248E-05;0,7724291791260058;0,0030804278202089296;
95000;1,8273875128587248E-05;0,7724291791260058;0,0025486032148858296;
100000;1,8273875128587248E-05;0,7724291791260058;0,0021129575469773505;

==========================================================
===> Melhores f(x) para cada execução:
execucao;AGEO2;AGEO2var;AGEO2real2_AA3;
1;3,4722062112888553E-06;0,03570170714058787;0,03771441603771003;
2;2,021315536048899E-06;1,0005063782105634;0,0023323257597620824;
3;1,8273875128587248E-05;2,341215622771769;0,01339642193367035;
4;2,378284925332508E-06;9,905929737654132E-05;0,002118364717169701;
5;1,5214416266896902E-05;0,03925698978084015;0,002200774737445225;
6;2,021315536048899E-06;3,5099479451715605;3,853323954493907E-05;
7;1,6529512633522721E-06;0,0014179145805624863;0,0009248593727783913;
8;5,054029490123827E-06;1,0005063782105634;0,05339339572722837;
9;1,6529512633522721E-06;0,201668034398275;0,0002841416996615925;
10;1,6529512633522721E-06;2,978124307841454;0,002114080272552446;
11;2,9847853611251183E-05;0,7882628614705963;0,002543085024434961;
12;0,0001646998910453348;1,0005063782105634;0,0001917272860948643;
13;8,528086807543464E-05;0,0004004250076513216;0,00037553014725928767;
14;1,7719288467843232E-06;2,9317109927784077;0,0032940005162278704;
15;1,8273875128587248E-05;0,12495721338377268;0,0013495098667496333;
16;1,8273875128587248E-05;0,7882628614705963;0,008715849560458525;
17;4,7888267083683586E-05;1,0005063782105634;0,0022420487926423614;
18;1,2732530238028651E-05;1,0005063782105634;0,00190650026137281;
19;0,00010408338800601568;1,0005063782105634;0,0022609425566161656;
20;4,010440364370498E-05;0,0036546783194966233;0,006276502627600801;
21;4,7888267083683586E-05;0,03213891167597633;0,0004467665173800021;
22;4,8005931945681235E-05;0,30497663616528886;0,03632743014082883;
23;1,6529512633522721E-06;0,009882935933838967;0,040721660601256385;
24;2,021315536048899E-06;0,15422432587164517;0,00017689337407484073;
25;2,378284925332508E-06;3,0711566467069713;0,0010075110765595638;
26;1,6529512633522721E-06;5,686950461625021;0,0026185906282246074;
27;0,0001531688043498238;1,3096273490328303;0,0008440407467426212;
28;1,6529512633522721E-06;0,7724291791260058;0,014406874594202654;
29;4,7888267083683586E-05;0,17470241789872992;0,0003344137754383209;
30;3,691023391862255E-05;0,4569375703060507;0,0021032087811005892;
31;3,8377629631470756E-05;0,10395279612712087;0,0008244003879754004;
32;1,6529512633522721E-06;0,07115907816047534;0,0008600752034965358;
33;4,464586500585507E-05;1,000506371958274;0,021740530651914572;
34;9,402268240680229E-05;0,06546241079040829;0,04131713432761706;
35;6,646211204800484E-05;0,7724291791260058;0,002111834821402255;
36;9,402268240680229E-05;2,6068788520488515;0,0016698068871280915;
37;1,7719288467843232E-06;0,0775115566912098;0,0012892157396212733;
38;2,7335218351617432E-05;1,0005063782105634;0,050703370913590964;
39;7,124241620630472E-06;6,646211204800484E-05;0,0018988340550165409;
40;9,68347953482746E-06;0,7724291791260058;0,002385644216368029;
41;6,646211204800484E-05;9,284374989772182E-05;0,0020673957710997085;
42;1,8273875128587248E-05;0,20759783147347022;0,00252316814857921;
43;0,00017408343942548778;0,7882628614705963;0,00217579472788577;
44;4,7888267083683586E-05;0,1548546370560439;0,0008027451270631201;
45;1,8273875128587248E-05;1,176001792497691;0,014909341165551348;
46;9,68347953482746E-06;0,7882628614705963;0,0022084329957919257;
47;1,8273875128587248E-05;0,0001646998910453348;0,002051508658364943;
48;2,9847853611251183E-05;1,0005063782105634;0,001491404023487036;
49;5,490216108160771E-05;0,7724291791260058;0,0017829852121091904;
50;5,257468600565964E-05;0,07150912377257886;0,0013544025359183856;











============================================================================
Função: schwefel
============================================================================
parameter;AGEO2;AGEO2var;AGEO2real2_AA3;
meanNFE;100000;100142;100000;
meanFX;478,0691609676693;929,8540389349853;11,843960737655589;
melhorFX;69,23120538998319;310,88684496803216;0,00012727566263492918;
piorFX;1121,658495593033;1458,0311768457736;118,43846189013902;
medianFX;505,2172489924883;944,1784013632064;0,00012727566627290798;
sdFX;192,33415427012773;269,9847762584369;35,89223552480879;
==========================================================
===> f(x) médio para cada NFE:
NFE;AGEO2;AGEO2var;AGEO2real2_AA3;
5;3961,3652621187553;3961,3652621187553;3987,279292284434;
50;3747,822383890749;3747,822383890749;3828,9626280813727;
100;3693,880800098604;3693,880800098604;3828,9626280813727;
500;3213,021617543319;2231,28727546981;3099,9171915746538;
1000;2545,0858304707326;1116,3827721578555;1894,9924321383141;
1500;1999,0957608434917;955,124585706883;1240,0630723061886;
2000;1505,3586955518913;952,7133962632747;873,7643972232559;
2500;1281,032922362661;938,5704125355819;691,6093514764639;
3000;1076,1193961468675;938,5689943566754;572,5813853030863;
3500;963,1842132449892;938,5689943566754;434,29314223239385;
4000;920,8342865227041;938,5689943566754;366,5864996670373;
4500;898,9096064960493;938,5689943566754;355,3175395684859;
5000;889,868240692316;938,5689943566754;355,31513161204975;
6000;877,6709462630565;938,5689943566754;237,09833786648846;
7000;860,9174542964981;938,5689943566754;236,87682232454335;
8000;847,2740291215828;938,5689943566754;236,87679650456857;
9000;847,0669549033439;938,5689943566754;236,87679650454515;
10000;847,0544948719019;938,5689943566754;236,8767965045431;
12000;838,6425941462587;938,5689943566754;236,87679650454038;
14000;828,2365432563618;938,5689943566754;118,43846189114356;
16000;778,9853895834058;938,5689943566754;118,43846189011742;
18000;740,8052908959914;938,5689943566754;118,43846189010469;
20000;738,4536232568505;938,5689943566754;118,43846189010469;
25000;725,0255000646766;938,5689943566754;118,43846189010355;
30000;673,4957309095605;938,5689943566754;118,43846189010242;
35000;659,7122614644873;938,5689943566754;118,43846189010219;
40000;659,7122614644873;938,5689943566754;0,059205281248523534;
45000;613,120600701433;938,5689943566754;0,00012727569810522255;
50000;596,3831501634022;938,5689943566754;0,00012727567036563414;
55000;596,3831501634022;938,5689943566754;0,00012727566763715004;
60000;568,4919274948027;938,5689943566754;0,00012727566718240269;
65000;542,6037050669679;938,5689943566754;0,00012727566718240269;
70000;542,6037050669679;938,5689943566754;0,00012727566718240269;
75000;535,2771860745961;938,5689943566754;0,00012727566627290798;
80000;523,5864132190923;938,5689943566754;0,00012727566627290798;
85000;494,5859053589604;938,5689943566754;0,00012727566627290798;
90000;494,5859053589604;938,5689943566754;0,00012727566627290798;
95000;494,5859053589604;938,5689943566754;0,00012727566627290798;
100000;486,69743380664954;938,5689943566754;0,00012727566581816063;

==========================================================
===> Melhores f(x) para cada execução:
execucao;AGEO2;AGEO2var;AGEO2real2_AA3;
1;587,1231980320808;1458,0311768457736;0,00012727566536341328;
2;284,104040451894;1236,0778100847433;0,00012727566445391858;
3;686,7848950744096;974,7388538081968;0,00012727566445391858;
4;587,7231838255084;621,207370976007;0,00012727566627290798;
5;505,2172489924883;712,6761678268522;118,43846189010401;
6;386,47168632613375;1263,239072247522;0,00012727566536341328;
7;449,19091118091137;640,3950654296132;0,00012727566445391858;
8;69,23120538998319;522,4018919376472;0,00012727566718240269;
9;363,5649237927346;929,4105257458486;0,00012727566445391858;
10;557,2592683086782;1444,7815987846789;0,00012727566627290798;
11;605,4062535538465;1124,1587249986005;0,0001272756708203815;
12;391,2346087760866;881,7744421040206;0,00012727566627290798;
13;566,7624192506214;1190,505454649714;0,0001272756699108868;
14;340,68083052184465;1127,1112194114985;118,43846189013902;
15;288,0230465010445;1050,9775670286713;0,00012727566445391858;
16;552,3653311044045;944,1784013632064;0,00012727566354442388;
17;537,2742958948038;1028,7290071685316;0,0001272756680918974;
18;649,0318237629021;1436,1819608418868;0,00012727566263492918;
19;637,2161568870943;759,3294937304613;0,00012727566627290798;
20;432,17598392440595;836,625102932066;0,0001272756690013921;
21;462,9664795483923;750,3962716683204;0,0001273029165531625;
22;628,8501804139228;1208,1439924277524;0,00012727566536341328;
23;221,42854162306594;731,4008685412568;118,43846189010219;
24;858,1995999165038;1010,0896619308837;0,00012727566718240269;
25;352,4787146663057;961,0314390241697;0,00012727566536341328;
26;333,35409027484457;310,88684496803216;0,00012727566354442388;
27;540,7201520536905;1270,0713505251151;0,00012727566627290798;
28;433,1356786318188;699,8877769795763;0,0001272756699108868;
29;760,5052707532254;987,0078081011848;0,00012727566536341328;
30;529,7607277950506;456,616196185591;0,00012727566445391858;
31;1121,658495593033;471,5551958088081;0,00012727566627290798;
32;180,15533311415948;924,7452666265449;0,00012727566718240269;
33;544,4872580802453;1050,7178791806978;0,00012727566445391858;
34;655,9559187876989;1096,5812183483777;0,00012727566627290798;
35;268,7992030320256;775,56286932592;0,00012727566718240269;
36;187,88826540739956;932,9595873501444;0,0001272756735488656;
37;455,93083433451557;537,447068010506;118,43846189010674;
38;601,9098924977634;1048,7515068392509;0,00012727566536341328;
39;468,1776186208108;1206,5232857905085;0,00012727566536341328;
40;684,248629107366;577,5719445104633;0,00012727566445391858;
41;421,4303618760341;1209,6609410654382;0,00012727566445391858;
42;633,9225838989746;1270,6449458677134;0,0001272756699108868;
43;627,8462930957458;862,3876417228771;0,00012727566354442388;
44;562,3350801669158;722,9948938725965;0,00012727566536341328;
45;290,1299912041882;885,9522600417258;0,0001272756680918974;
46;211,85460061610365;755,0655256649497;0,00012727566445391858;
47;354,39760941543045;653,3014474240877;0,00012727566536341328;
48;305,5740134284574;1011,2121879070924;0,00012727566445391858;
49;221,64235480931984;859,8146722895735;0,00012727566536341328;
50;506,8729640685815;1071,1884908345755;118,4384618901031;











============================================================================
Função: ackley
============================================================================
parameter;AGEO2;AGEO2var;AGEO2real2_AA3;
meanNFE;100320;100048;100240;
meanFX;0,5134784766882591;1,5586781712763147;4,4952025589850565E-07;
melhorFX;0,0018422427591282542;0,0036754150363513816;3,475848728839992E-07;
piorFX;1,8997585971960795;2,499752705916883;5,842428940638911E-07;
medianFX;0,005841561347299518;1,6462780962651244;4,5172542684213113E-07;
sdFX;0,7543979339495523;0,6003257722673833;4,918788099203937E-08;
==========================================================
===> f(x) médio para cada NFE:
NFE;AGEO2;AGEO2var;AGEO2real2_AA3;
5;21,011247288466095;21,011247288466095;20,95136000049255;
50;20,9753446933505;20,9753446933505;20,89017852537325;
100;20,9753446933505;20,9753446933505;20,89017852537325;
500;20,920486075937056;20,6310530965485;20,790328595790875;
1000;20,875968152749635;19,763409806468438;20,651533999836033;
1500;20,775181453990918;18,162844819379348;20,618366324342794;
2000;20,61559510297146;15,793068649886608;19,652877062829912;
2500;20,515394598478203;13,179685730407375;19,3078607209309;
3000;20,355341091896744;10,16805114197472;18,60364655681129;
3500;20,162012691325984;6,1177490337442695;17,24378396729618;
4000;19,945285061843933;2,9224917026464254;15,46887018901865;
4500;19,670258420689493;2,103170478990629;13,796580963189829;
5000;19,420403296771237;1,9313411920133756;12,394777664831372;
6000;18,78300854421665;1,673152297523151;8,153759499415568;
7000;17,928084601598393;1,6463500649282565;5,153507034654028;
8000;17,124042322603692;1,6463111184058565;3,333932164045871;
9000;16,26709457607558;1,6462837890615099;2,4396033321856905;
10000;15,459898958445194;1,6462837890615099;1,7716283443747773;
12000;13,88048330302178;1,646273939511957;0,9361838534660958;
14000;12,325371335069804;1,646273939511957;0,07193093950803409;
16000;11,00505241447961;1,646273939511957;0,004728657872657749;
18000;9,647972130873885;1,646273939511957;0,0002249847462127974;
20000;8,57924268178925;1,646273939511957;1,4666603592061733E-05;
25000;6,209127702427464;1,646273939511957;6,674150831997849E-07;
30000;4,635860787227637;1,646273939511957;5,646129430658675E-07;
35000;3,651174568406594;1,646273939511957;5,341772641997977E-07;
40000;2,797500924853715;1,646273939511957;5,22294410387758E-07;
45000;2,0953377673806344;1,646273939511957;5,094664565774565E-07;
50000;1,6168410593044396;1,646273939511957;5,087500163369896E-07;
55000;1,1222602249082314;1,646273939511957;4,893409197848086E-07;
60000;0,4701861762123425;1,646273939511957;4,7490979326880733E-07;
65000;0,20386206523339467;1,646273939511957;4,7261709923418493E-07;
70000;0,1205484755278281;1,646273939511957;4,697074125203926E-07;
75000;0,0652378236545843;1,646273939511957;4,640548283418866E-07;
80000;0,03905738500493605;1,646273939511957;4,640548283418866E-07;
85000;0,024070586224716806;1,646273939511957;4,640548283418866E-07;
90000;0,015253278302353124;1,646273939511957;4,553821817410153E-07;
95000;0,009330124803353712;1,646273939511957;4,520244019090569E-07;
100000;0,005841561347299518;1,646273939511957;4,5114519053868207E-07;

==========================================================
===> Melhores f(x) para cada execução:
execucao;AGEO2;AGEO2var;AGEO2real2_AA3;
1;0,004777791989639013;1,5017956615498669;4,932221564502015E-07;
2;0,0077394588384329666;1,778061292074792;4,113801956862062E-07;
3;0,008847791679777117;1,8997925612761968;5,154047251210159E-07;
4;1,6464468850182143;2,1201839941197065;4,7033426042730753E-07;
5;1,5017577606567016;1,7780492298127548;4,746294131052764E-07;
6;1,7780268705248048;2,0133593359558795;4,119661944912423E-07;
7;0,002074951645681722;2,013355587926725;4,0202012385748276E-07;
8;1,340777216130416;2,013354555563449;4,135750586442555E-07;
9;0,0032762085009458985;1,899804618792789;5,228246600097464E-07;
10;0,0018422427591282542;2,499752705916883;4,277075014158527E-07;
11;0,0022845021664927856;1,5030878341936287;4,776054787214434E-07;
12;0,004874859877407545;1,8998051721349363;3,5150284460883086E-07;
13;1,5017752934234316;0,0036754150363513816;4,3504049784814924E-07;
14;0,005593686483287286;0,004036568559182996;3,87250100430947E-07;
15;0,0075507499030926795;0,0036754150363513816;5,100712279215713E-07;
16;1,6463794082001861;1,341133370276733;4,454391415720238E-07;
17;1,5017577606567016;1,5017926473239456;4,686528001229817E-07;
18;0,008902584516700784;2,4108740623440106;4,1738252321010805E-07;
19;0,0054224861411960035;2,013358709222434;4,707620249178035E-07;
20;1,6464554768386108;2,31828971784147;5,237892786169596E-07;
21;0,0018422427591282542;1,340460968862459;4,3758386780723413E-07;
22;0,003414293635369603;0,003919747742624935;4,5172542684213113E-07;
23;1,7780512337227528;1,5017825796312252;4,3147356976191986E-07;
24;1,8997585971960795;1,5017959477454745;4,751596165419869E-07;
25;1,501773274780053;1,5017945722819022;4,770766501849266E-07;
26;0,0058415614465161525;1,6469698756547508;4,136807483234861E-07;
27;0,0018422427591282542;1,341132555481888;4,7447217355056637E-07;
28;0,008625421973537328;1,646324441447483;5,163669989372011E-07;
29;0,0018422427591282542;1,6462780962651244;3,784642608195554E-07;
30;0,0018422427591282542;1,34046743856819;4,0846578741593476E-07;
31;0,0018422427591282542;1,501789906564678;4,753474129870483E-07;
32;0,005841561347299518;1,3404591154668637;3,475848728839992E-07;
33;0,0035471763658421196;1,5017954553014903;3,547110942747622E-07;
34;0,0018422427591282542;1,7780910758983879;3,8442784244807626E-07;
35;0,006531845293817895;1,340471540249748;4,964906317184159E-07;
36;0,003414293635369603;0,0036754150363513816;3,985889698299161E-07;
37;1,6465409441210532;2,2215839419873156;5,093742103667864E-07;
38;0,005841561545732787;1,5017935732118382;4,274897378309106E-07;
39;1,646529629992255;1,7780962824213233;4,7117348955794114E-07;
40;1,6463870670611627;1,6462697827587895;4,182672093122619E-07;
41;0,004036568559182996;1,5017970402631775;4,5249290892002136E-07;
42;0,0032762085009458985;1,5017831412658111;4,941119939871896E-07;
43;0,0035471763658421196;2,1201891781890936;4,5813333215960483E-07;
44;0,004036568559182996;1,5017967722929946;5,842428940638911E-07;
45;0,002074951645681722;1,6462977953642302;4,3639258962002714E-07;
46;0,00487485997662418;1,6464391223690527;4,594568565607915E-07;
47;0,003919747742624935;1,5017785854271146;4,5053090858004907E-07;
48;1,5018243064201933;1,7780903267998305;4,1534876515925134E-07;
49;0,005841561347299518;2,1201881568530645;4,96252813064757E-07;
50;1,340775980672916;2,013357677455364;4,50564954235233E-07;











============================================================================
Função: beale
============================================================================
parameter;AGEO2;AGEO2var;AGEO2real2_AA3;
meanNFE;100022;100008;100016;
meanFX;0,00011989548900015641;0,8466764310161332;0,0038947822196278275;
melhorFX;9,317427970502291E-07;0,00037568813731209377;2,5986725322255124E-12;
piorFX;0,0009994817327738865;6,354130923076994;0,19473909935037742;
medianFX;3,378241508701319E-05;0,6577100649722235;1,1832944228996917E-10;
sdFX;0,00020583018504584751;1,293432442800504;0,027540267508993698;
==========================================================
===> f(x) médio para cada NFE:
NFE;AGEO2;AGEO2var;AGEO2real2_AA3;
5;23,899261063791158;23,899261063791158;39,310377513301795;
50;4,041270630701354;2,9842314217429373;7,069094319705611;
100;2,3036114702345776;1,0923515197768814;3,2942935713655657;
500;0,6584230445960345;0,6584230445960345;0,5894605799096873;
1000;0,6577100649722235;0,6580825555195589;0,09624186915545069;
1500;0,6577100649722235;0,6577260657076534;0,056530890917935436;
2000;0,22251924283711855;0,6577260657076534;0,03446821969951508;
2500;0,12097139628252594;0,6577260657076534;0,024145637679153873;
3000;0,12097139628252594;0,6577260657076534;0,014503102321406454;
3500;0,033890056738040214;0,6577100649722235;0,007078099303819399;
4000;0,033890056738040214;0,6577100649722235;0,004577467917161742;
4500;0,026091180696106733;0,6577100649722235;0,002947621926649601;
5000;0,01941623047015147;0,6577100649722235;0,0015262353483315723;
6000;0,009123189571610082;0,6577100649722235;0,0003267820579039355;
7000;0,009074653264950876;0,6577100649722235;8,376370091714323E-05;
8000;0,008041984120337426;0,6577100649722235;2,1161648061403457E-05;
9000;0,007562630083511865;0,6577100649722235;8,101648458160377E-06;
10000;0,007009314975723977;0,6577100649722235;7,925841761572218E-07;
12000;0,003363099418010168;0,6577100649722235;9,791322814511759E-08;
14000;0,0012149081004062842;0,6577100649722235;1,2888418884413716E-08;
16000;0,0009819764852693749;0,6577100649722235;3,4354978080042675E-09;
18000;0,0007155898854340156;0,6577100649722235;2,996606362445948E-09;
20000;0,0006275172415173391;0,6577100649722235;2,8680579176970634E-09;
25000;0,0004050345517728831;0,6577100649722235;2,6339605963619133E-09;
30000;0,0002074161786113311;0,6577100649722235;9,247970078791856E-10;
35000;0,00016395197222536547;0,6577100649722235;5,599931683933252E-10;
40000;0,00016285415454862865;0,6577100649722235;4,30443588008044E-10;
45000;0,0001617563368718918;0,6577100649722235;3,0002210759365824E-10;
50000;0,0001532075778553618;0,6577100649722235;2,3327536419438034E-10;
55000;0,00013282305239526023;0,6577100649722235;2,014053491192766E-10;
60000;9,242884663855994E-05;0,6577100649722235;1,848330854251954E-10;
65000;9,242884663855994E-05;0,6577100649722235;1,691794827606353E-10;
70000;9,242884663855994E-05;0,6577100649722235;1,488650238057387E-10;
75000;8,829509562881198E-05;0,6577100649722235;1,488650238057387E-10;
80000;3,7896995241337454E-05;0,6577100649722235;1,456027881013232E-10;
85000;3,5762918864329115E-05;0,6577100649722235;1,456027881013232E-10;
90000;3,5762918864329115E-05;0,6577100649722235;1,3152053192703057E-10;
95000;3,4928014180246104E-05;0,6577100649722235;1,1208721414778965E-10;
100000;3,274837333105567E-05;0,6577100649722235;1,1208721414778965E-10;

==========================================================
===> Melhores f(x) para cada execução:
execucao;AGEO2;AGEO2var;AGEO2real2_AA3;
1;7,475136007207091E-06;4,520957373135518;1,4710562132395494E-10;
2;2,1634927710220337E-06;0,05472135619639602;9,247498244881461E-10;
3;0,0002533348344699552;0,6577100649722235;2,5986725322255124E-12;
4;1,8728913897592613E-05;0,1202693473031426;1,9905757818566797E-10;
5;5,902142703587165E-06;0,2622883062050436;6,325212156317425E-10;
6;1,2844014822479987E-05;1,6685507297630289;0,19473909935037742;
7;3,5762918864329115E-05;0,062091268948818334;1,1832944228996917E-10;
8;9,242884663855994E-05;0,7056035077550746;1,7523306964282442E-10;
9;9,317427970502291E-07;0,7792708562549443;1,0584498600561012E-10;
10;1,2844014822479987E-05;0,007065659052096212;3,3206185230333483E-09;
11;0,00037568813731209377;0,014900801482259998;5,5078357001046416E-11;
12;3,5762918864329115E-05;0,8396372833619568;1,9134471658948795E-10;
13;9,317427970502291E-07;1,9719633631583968;1,800228551849735E-10;
14;5,902142703587165E-06;0,12097364806980379;9,219274802023042E-11;
15;0,0001617563368718918;0,07182395402344703;1,5062442628752245E-10;
16;6,928163829161841E-06;0,6584230445960345;6,890799254077967E-11;
17;7,475136007207091E-06;0,03927599213378236;1,0510821159340979E-10;
18;9,242884663855994E-05;0,22244364852383994;8,409119825090377E-10;
19;0,000278208360319001;0,6577100649722235;2,4128063191999843E-11;
20;1,698093320868849E-05;0,043151147322700305;6,029682392313502E-12;
21;7,475136007207091E-06;2,2648602935506257;7,976521935714183E-11;
22;0,00035604303670850186;0,6577420664430833;8,574758942520352E-11;
23;4,0031071618345786E-05;0,7056035077550746;3,734996316001797E-10;
24;0,0009994817327738865;0,7056035077550746;4,460779339765236E-11;
25;9,317427970502291E-07;0,6577100649722235;4,2789289932924615E-11;
26;3,378241508701319E-05;3,8117976097966366;1,9820042812473836E-11;
27;7,475136007207091E-06;0,1404026162581806;9,515723282542489E-11;
28;1,2974838538169858E-05;0,7056035077550746;7,615106352000609E-11;
29;8,416134461906402E-05;0,22244364852383994;2,5083989275406017E-10;
30;3,4093109496163086E-05;0,0018368490895316115;1,624627338323381E-10;
31;0,0001617563368718918;6,354130923076994;3,9437965227906615E-11;
32;0,0001617563368718918;3,9895148080400116;2,441763042133224E-11;
33;0,0006884340176846872;0,000727595337872937;2,4086524995673965E-10;
34;0,0001617563368718918;0,7056035077550746;5,430395511136522E-11;
35;3,5762918864329115E-05;0,05909663581602905;1,3815223134590899E-11;
36;2,354953477044512E-05;0,6584230445960345;7,184966548857473E-11;
37;9,242884663855994E-05;1,9918410480272013;1,5833611033629709E-10;
38;0,00035390855863869655;0,06266638182759252;1,189411089753697E-10;
39;7,928549020245726E-05;0,8018022175769292;1,7445295084003108E-10;
40;2,1634927710220337E-06;0,20283473795714108;2,2293363894867382E-10;
41;0,0007033693164014781;0,015295768431531992;8,267338663066875E-10;
42;2,354953477044512E-05;0,12097364806980379;4,1444232953700194E-12;
43;5,902142703587165E-06;0,020922144862071904;9,798032112725805E-12;
44;3,171433157509815E-05;0,6584230445960345;1,0330091246991229E-10;
45;9,317427970502291E-07;0,7056035077550746;6,824452415800482E-11;
46;9,355554833393201E-07;0,7056035077550746;2,1699257123296985E-10;
47;8,125034911623845E-06;0,009074653264950876;3,868360177576909E-10;
48;9,242884663855994E-05;1,2600505541978242;1,630195253847029E-10;
49;0,0003586125985351154;0,6584230445960345;1,4409995487869143E-10;
50;7,475136007207091E-06;0,00037568813731209377;1,7242183587745278E-11;



Execution Time: 1144.721 s
