




============================================================================
O que irá executar a seguir: executar_algoritmos
============================================================================













============================================================================
Função: griewangk
============================================================================
parameter;AGEO2real1_P_AA;AGEO2real2_AA0;AGEO2real2_AA1;AGEO2real2_AA2;AGEO2real2_AA3;
meanNFE;100001;100011;100011;100011;100000;
meanFX;0,3393756219691019;0,15888026228035582;0,4130769244532925;118,79743936764312;0,01835514473808413;
melhorFX;0,0792201500645674;0,06352869652280602;0,2028720514141097;4,323747676078106;1,0376144388146713E-12;
piorFX;0,5345896225832949;0,22393326631879062;0,5686868101646798;359,6465773912369;0,05901603623034801;
medianFX;0,35881777691462335;0,16029785681429964;0,43564339940216257;111,74646765829493;0,01722629386368424;
sdFX;0,10047326705977816;0,03852987752986626;0,08099194204574603;76,0097781392889;0,015521995819796441;
==========================================================
===> f(x) médio para cada NFE:
NFE;AGEO2real1_P_AA;AGEO2real2_AA0;AGEO2real2_AA1;AGEO2real2_AA2;AGEO2real2_AA3;
5;292,798211000812;293,1392405265439;292,4703062673473;271,7763316704445;282,65175559811803;
50;273,53672512730964;270,92399746609954;275,4012658988969;260,012559835815;265,5446114288669;
100;236,59875177832714;261,88876966259375;267,0199782727394;260,012559835815;265,5446114288669;
500;10,87463460248696;156,36553887071958;161,44683715332084;256,50985527165204;202,7411849510708;
1000;1,0823038974864723;38,57999009111054;42,81699440262117;239,7601311173535;68,63281807788954;
1500;1,026549113823069;2,4680520154411636;1,6506798961475528;230,45364864963292;7,0154176188439;
2000;0,9691034096668282;0,9357524917809168;0,963486677612156;224,64204821082075;1,1792766583716285;
2500;0,8904481003976727;0,5077941741223038;0,901666665570233;215,24352827391368;0,696411126843671;
3000;0,866428458589558;0,4464499320095011;0,8673271498284855;209,56223996914753;0,2797249905443472;
3500;0,8562864070145626;0,4057142803389765;0,8202434746610199;205,77076476800164;0,10456057983859263;
4000;0,7850880988896474;0,362704929707983;0,7795291788882412;205,1367530307247;0,06771601022215723;
4500;0,7793466061088015;0,3453667530033168;0,7569120628940055;200,0964246353804;0,04049540408841651;
5000;0,7581820709684968;0,33436205884146203;0,7438882140633318;200,0964246353804;0,0381220420442982;
6000;0,7158103463100786;0,3188356483578076;0,7092325505322885;193,63233755614488;0,03812120438124211;
7000;0,6781009627078285;0,30638125073976424;0,6975700309906835;193,63233755614488;0,038121204368465944;
8000;0,6719226408020614;0,29839395206872715;0,6564049719995231;193,63233755614488;0,036875884808213744;
9000;0,648794670335265;0,2917801313262926;0,6457370148564612;193,63233755614488;0,03687588480555393;
10000;0,6372013422967018;0,2884283572478229;0,6369302291559561;193,52452425494323;0,03687588480555393;
12000;0,5886045007124651;0,27564554840887046;0,6136054688622903;187,40144724941;0,035666094776816926;
14000;0,5629133068804515;0,25861426350802846;0,587009310660838;168,7001257615574;0,03566609477608096;
16000;0,555881190124023;0,2446652708492374;0,5693931951459231;168,7001257615574;0,03445274332814047;
18000;0,5256342978478348;0,23776320542912033;0,5614295788691777;168,7001257615574;0,028321565281990646;
20000;0,5228958557248936;0,23487078598859507;0,5455145201695172;164,77722142844993;0,028321565281990646;
25000;0,5134608022785085;0,22233745125665522;0,537645752808491;164,77722142844993;0,024623545311435346;
30000;0,4417967346863175;0,2079206501150644;0,510148782275647;161,2633777152859;0,023362268055466207;
35000;0,4336509908093529;0,20094833138749368;0,4927038835172798;154,71528200769637;0,023362268055466207;
40000;0,404399752805306;0,18714980607934723;0,4867228723214448;154,71528200769637;0,023362268055466207;
45000;0,404399752805306;0,18105667980806173;0,47364260402110014;137,00757472250723;0,02214634033368218;
50000;0,40244277609217016;0,17253460175160384;0,4724232846474623;127,13651467710514;0,02214634033368218;
55000;0,40244277609217016;0,17018937996414335;0,46629960223547096;126,24756952957453;0,02214634033368218;
60000;0,3967121087765455;0,17018937996414335;0,4592899305787732;122,58635884288896;0,022134086040023815;
65000;0,3855077730301045;0,17018937996414335;0,4592899305787732;122,58635884288896;0,022134086040023815;
70000;0,3624864586703125;0,17018937996414335;0,4589154862793478;122,58635884288896;0,022134086040023815;
75000;0,3605103188270223;0,16844159179514095;0,4520366961968148;122,58635884288896;0,020908365720992916;
80000;0,3605103188270223;0,16765020875224063;0,44994900025223244;117,91828998181546;0,020908365720992916;
85000;0,3605103188270223;0,16512943288822696;0,4461765921496778;111,0216818497581;0,018463054963562764;
90000;0,3605103188270223;0,16512943288822696;0,43452055944502893;111,0216818497581;0,017231202892977582;
95000;0,35311875818141103;0,16148460923015184;0,43119400002155256;111,0216818497581;0,017226293865051867;
100000;0,35311875818141103;0,1596573668011711;0,43119400002155256;111,0216818497581;0,017226293863369435;

==========================================================
===> Melhores f(x) para cada execução:
execucao;AGEO2real1_P_AA;AGEO2real2_AA0;AGEO2real2_AA1;AGEO2real2_AA2;AGEO2real2_AA3;
1;0,4262674459177034;0,17319449609312554;0,4896123746416302;54,584015580345756;3,6008973580692327E-12;
2;0,2646401412304852;0,15035032844731488;0,3089046054690364;34,78240401527695;0,04182897319163226;
3;0,3927252846593001;0,22272505485729333;0,42674460064094255;197,72876659373418;0,029547282010261466;
4;0,33061770984845607;0,16252664173854747;0,4858570177443403;59,94163029329221;0,027066364291980505;
5;0,4616629608693136;0,14820361815490724;0,38738555048998236;179,22230165562078;0,014772407724966796;
6;0,42348377579152774;0,21204238156763167;0,3685601803442561;4,323747676078106;0,03444772103868288;
7;0,5345896225832949;0,13553132118001465;0,3585237509065611;105,76674786192486;0,007396040338869758;
8;0,20735709192134222;0,2233513690579314;0,3957752323040754;119,06334167802116;6,959210985257869E-12;
9;0,3802368243471089;0,13889588697770194;0,4044917629957022;314,583557615399;0,01722629386368424;
10;0,30653812034490846;0,10458688114569392;0,4519697924660052;62,45682454027155;2,1053159215966843E-12;
11;0,5022266792136038;0,1391658683805741;0,4658794223920989;126,3857630513923;0,03931868686307083;
12;0,19323041870736712;0,12833275114668774;0,45108838973733434;156,94225971274128;0,01722629386305463;
13;0,35881777691462335;0,10435588410053598;0,5022718185382531;166,55926641867805;0,0369187535925366;
14;0,23434778400378076;0,17354154229055685;0,4626912608922815;359,6465773912369;0,03931137274818275;
15;0,4318262605737667;0,22068575535758872;0,3893345711378554;128,25545026624343;0,014779776756642327;
16;0,43193398694766716;0,18201637511825697;0,4381179339363471;74,77435355678851;0,034457509808199505;
17;0,2819267438066768;0,13717704757326443;0,4591580232416851;111,74646765829493;0,02461002955850944;
18;0,36277005660120376;0,2080585631960985;0,4062049748315655;53,40879492219505;0,02214143864804341;
19;0,17740208548849412;0,11068829759991006;0,26195033511869625;34,14694952287067;1,0516698623064258E-11;
20;0,4590383019956342;0,1183015577580071;0,424580783602447;180,08924312958635;0,058974434231460204;
21;0,34181714597794866;0,22393326631879062;0,45942183791586133;31,585458404072636;0,036913844299916954;
22;0,426155874207222;0,1447004903753233;0,44442497626089594;58,96012098849882;0,01968999800758986;
23;0,2922507373937534;0,17724961198514722;0,2028720514141097;9,68074345191885;2,2289947665399268E-12;
24;0,25651559589141415;0,18967894637717708;0,2337368856496298;215,8616488059356;0,022126733434395973;
25;0,0792201500645674;0,16333757934405002;0,5604587697412315;69,89750893971281;0,007396040336222098;
26;0,4003974217646513;0,1604425767217562;0,4586729493170105;89,23320568599979;0,009857284608864703;
27;0,28288046280688084;0,18009698449786649;0,5050061155440386;67,9592957125335;0,02212673343449434;
28;0,402162419637086;0,12919818709314523;0,3976362818354616;92,82938709664509;0,007396040339615162;
29;0,28479461304042875;0,19343750120607994;0,34107525055604815;147,18618201819456;1,0376144388146713E-12;
30;0,41606593305862816;0,12323845990760385;0,4142528119850193;317,0237761406396;0,012320988880023198;
31;0,19424916809939097;0,06352869652280602;0,41708342980351243;155,81863569001257;0,014779776756077001;
32;0,3622028607394212;0,16029785681429964;0,5686868101646798;82,35767156654158;3,97060162526941E-12;
33;0,28427748170215894;0,1669212864324039;0,49579539239292936;116,77323828560976;0,024610029559987145;
34;0,20240046292778202;0,08257618826986568;0,47716683631743795;101,00718743208083;4,570677170079307E-12;
35;0,40418661929054944;0,12526786558298875;0,4762315479205118;189,53590851855557;0,007396040336047016;
36;0,3348132161185835;0,14861898740749924;0,3370318467513873;49,85939830644562;0,017236111919535668;
37;0,40461288632006254;0,15901687678804255;0,39575595281785025;110,29689604122127;0,014772407727860815;
38;0,3050709682012317;0,1253900533819472;0,3531249151430571;141,28282892134067;0,017226293866419495;
39;0,36398081524654;0,1136397947332608;0,4479282080384597;201,5736377112775;0,03938243524476748;
40;0,22332439956081385;0,18674983872134443;0,4791839616315817;127,88726630281799;0,02214143864555329;
41;0,3228032395516328;0,21663909147751048;0,3793967851206773;12,921097604061881;1,4755974220292956E-12;
42;0,2592206654306549;0,20633161780081566;0,4521035999276244;45,01937127920075;0,007396040336191789;
43;0,3474197394481987;0,16837913107207736;0,458764474334336;77,0110180130645;1,3784529073745944E-12;
44;0,4732574423614252;0,12456722450512314;0,41180724002621627;126,10937600775677;0,05901603623034801;
45;0,4035383223587661;0,1508174324237127;0,2726516843939254;115,11709532186173;0,024573294090578734;
46;0,46748162084553235;0,15151770182502922;0,45306298110718857;121,7829714524559;0,024590437454704683;
47;0,343357702875304;0,12803168433710876;0,43564339940216257;162,99517643822185;0,014779776756769003;
48;0,4354433353326136;0,19492892934608486;0,27409527767114317;91,87950630903478;0,0320060695010832;
49;0,11495046503467943;0,19702451522221587;0,2402579232299895;104,53554434742642;3,4902081225141046E-12;
50;0,3782902614009088;0,1947231157850725;0,47141364481955206;181,4823524490277;6,566048926792689E-09;











============================================================================
Função: rastringin
============================================================================
parameter;AGEO2real1_P_AA;AGEO2real2_AA0;AGEO2real2_AA1;AGEO2real2_AA2;AGEO2real2_AA3;
meanNFE;100002;100014;100014;100014;100130;
meanFX;5,379406878844444;32,18760460170369;0,18240377987214146;185,06461089065786;3,2258640203508547E-13;
melhorFX;2,920210159543622;7,888383123513357;0,06657235895887936;104,39666410174553;1,5631940186722204E-13;
piorFX;8,895408573781225;87,5278658940388;0,3070377385457448;247,4463120896337;4,547473508864641E-13;
medianFX;5,177194418791572;32,47450033413212;0,18185658491408674;193,53776562059002;3,197442310920451E-13;
sdFX;1,4504642357470434;17,149631313413288;0,04535241693531631;33,97724403469571;6,306462477875919E-14;
==========================================================
===> f(x) médio para cada NFE:
NFE;AGEO2real1_P_AA;AGEO2real2_AA0;AGEO2real2_AA1;AGEO2real2_AA2;AGEO2real2_AA3;
5;228,87435474961129;229,65111543075395;228,38883607525125;224,64650571722916;221,23587066664834;
50;215,32308704767524;223,12334340485688;223,28718614738372;210,94624537708523;215,94355927863603;
100;209,33107292093933;216,8377428551088;221,6325904845799;210,94624537708523;215,94355927863603;
500;147,23334192196728;198,3113047026174;196,1004052174021;207,66049099054663;197,44541024863338;
1000;124,18785339203595;164,3183113512364;146,19054873944225;206,96312527006106;164,60026800955478;
1500;113,42657482290468;141,13665754629352;88,80547605636843;206,44438944461155;125,69897460191106;
2000;105,96524511639888;132,03131155079404;63,709986315163974;206,44438944461155;60,94457437146671;
2500;95,83428695593945;127,50318006961474;41,567954506688025;206,44438944461155;33,59691241482989;
3000;86,83699680100919;122,19377799449973;23,184374958902467;206,21076880302923;23,695407530964854;
3500;77,22790385993152;121,49928965070747;17,698998812106332;202,26702972394222;15,918607683926744;
4000;70,2755980907107;114,49933547215696;12,211981118416695;202,26702972394222;11,183902931870776;
4500;56,47030282162242;110,22441157125292;6,732358695944857;202,26702972394222;8,80315459796017;
5000;53,7034650582254;108,34032451389311;5,855126836562004;202,26702972394222;6,970188150582739;
6000;47,35226519864747;104,8618959538107;2,738439281312715;202,26702972394222;4,321880382452875;
7000;36,62410755067957;99,25431609353693;1,8612859561096329;197,7504499073645;2,9519120142704693;
8000;30,041430231321243;97,91058096993436;1,4155266739769239;197,7504499073645;1,9723415279869165;
9000;25,611241960010798;96,4298523779599;0,8615854160023702;196,97120085784934;1,1045159397794144;
10000;17,256513050300384;87,53638761135726;0,5283525647028071;196,97120085784934;0,985602917066366;
12000;13,421575217418848;83,34962425378298;0,3977531468584097;196,84146185116742;0,19463418352334827;
14000;11,236479880442335;79,42609131303536;0,3552499728845113;196,24697208055835;1,468588762776335E-05;
16000;10,365462686614656;70,83562032123002;0,3433823751251346;195,10054171818936;5,6941011905564665E-09;
18000;9,683074665500978;68,85066788604547;0,31789870461764735;194,78494152158527;2,533084852984757E-12;
20000;9,31579485927308;62,95925026595995;0,2942801939961086;193,59080187605332;9,023892744153272E-13;
25000;7,593387235704881;62,465874057476924;0,2729990930069981;193,59080187605332;6,217248937900877E-13;
30000;6,964312618172581;52,68119118230761;0,24946680243085595;193,59080187605332;4,902744876744691E-13;
35000;6,739468256196169;50,19660844558608;0,24121154860239002;193,59080187605332;4,547473508864641E-13;
40000;6,217372996375769;46,26818463673246;0,23063453060734318;193,59080187605332;4,050093593832571E-13;
45000;6,109610754600343;46,24286486966494;0,2217483436459986;193,59080187605332;3,943512183468556E-13;
50000;6,109610754600343;46,23577416524488;0,2099348605314475;193,59080187605332;3,872457909892546E-13;
55000;5,997893661047485;41,82952562245726;0,2048913630008542;193,59080187605332;3,836930773104541E-13;
60000;5,921801698174928;38,376166932697615;0,19538448239211093;193,59080187605332;3,836930773104541E-13;
65000;5,898873050409655;37,397610473713854;0,19372320450888836;193,59080187605332;3,659295089164516E-13;
70000;5,8265622523388;33,98578832408731;0,19372320450888836;193,59080187605332;3,552713678800501E-13;
75000;5,8265622523388;32,96525386359451;0,18753457212222102;193,59080187605332;3,268496584496461E-13;
80000;5,8265622523388;32,96431454640309;0,186531216281157;193,49433762386252;3,268496584496461E-13;
85000;5,8265622523388;32,96431454640309;0,1836498910763673;193,49433762386252;3,232969447708456E-13;
90000;5,594364342769463;31,000700399263437;0,1836498910763673;193,49433762386252;3,232969447708456E-13;
95000;5,4558769161857015;30,99891564061574;0,1824357449748426;193,49433762386252;3,197442310920451E-13;
100000;5,173957615458242;30,998861972634856;0,18103962251898054;193,49433762386252;3,197442310920451E-13;

==========================================================
===> Melhores f(x) para cada execução:
execucao;AGEO2real1_P_AA;AGEO2real2_AA0;AGEO2real2_AA1;AGEO2real2_AA2;AGEO2real2_AA3;
1;6,014252629501634;36,407736261435645;0,18605042497289048;207,68701250553121;3,694822225952521E-13;
2;6,285226682368382;9,859105278937719;0,13838560089349983;129,2339220331737;2,7000623958883807E-13;
3;6,9941982928456525;33,451915705018145;0,11161480914728372;183,98100891642224;3,055333763768431E-13;
4;3,18045560380493;34,451858503505164;0,19816469561708772;126,49233852672431;2,913225216616411E-13;
5;5,9504349878367435;43,3060508118583;0,21915381461918315;139,08584180365483;3,765876499528531E-13;
6;5,928475648201982;57,054039678474155;0,13163988147460515;137,00061339917505;3,836930773104541E-13;
7;7,463340910669501;63,936552626343726;0,19549446257396141;216,3456752470913;3,410605131648481E-13;
8;4,373343482644671;16,735455755403812;0,2136829133034439;144,7968981695547;2,7000623958883807E-13;
9;8,65962627935258;52,13580623076626;0,15405338830179005;206,08634886911778;3,126388037344441E-13;
10;5,631707360997581;9,868478603811049;0,25685127165093036;167,0672384625632;2,3447910280083306E-13;
11;6,0570302040800215;38,39374231542826;0,18185658491408674;195,70023293851818;3,410605131648481E-13;
12;4,198037613709495;43,29435688169279;0,21594379118984364;130,9182918917617;4,121147867408581E-13;
13;7,54428468347345;11,833345809496308;0,1771316628962296;183,71004925910415;3,126388037344441E-13;
14;6,9543878012946365;15,827011378744821;0,18428487711713615;188,74560781250588;2,8421709430404007E-13;
15;4,746895976984895;55,08501661000297;0,25614956462631255;220,48549991975324;3,197442310920451E-13;
16;5,170720812124912;12,810170350933376;0,20339048051747;167,64832415348224;3,126388037344441E-13;
17;3,9791895174333334;38,3906135887478;0,14087850518229317;196,88921247973636;2,2026824808563106E-13;
18;5,879954671942251;20,6706439261782;0,06657235895887936;167,85922441752507;3,268496584496461E-13;
19;4,108318841665998;25,58429950924357;0,10662699453270363;183,98056196420876;2,7000623958883807E-13;
20;6,751948228964835;12,892295847808143;0,22659791973993038;209,08410663940654;2,2737367544323206E-13;
21;4,230508222007025;48,218533648216535;0,19507013762446945;247,4463120896337;3,197442310920451E-13;
22;4,560346004049741;13,798904220075741;0,1492082009422262;191,50183694785977;2,5579538487363607E-13;
23;6,614647044223112;21,655893249208717;0,14870291696017546;148,41832592950755;3,197442310920451E-13;
24;3,7835462135916273;9,871571961609803;0,12495643896430408;196,7937112225985;1,5631940186722204E-13;
25;5,085008846206733;43,27637784691525;0,2341016758794794;193,53776562059002;2,8421709430404007E-13;
26;3,095725858534955;55,14686456737135;0,16504110244974157;208,0535980774052;3,694822225952521E-13;
27;4,6785762166110345;17,709915115633315;0,2461382131443628;193,45090962713505;3,268496584496461E-13;
28;3,491262227171859;52,144994329951615;0,127455324873182;170,36905740856554;3,765876499528531E-13;
29;4,253307630626388;53,11248889076152;0,18805713665501855;233,1310074164323;3,197442310920451E-13;
30;3,511386825582804;32,47450033413212;0,3070377385457448;198,44771057876665;4,050093593832571E-13;
31;5,799639769082326;24,614511004058684;0,26330350520561296;206,5427736123925;2,8421709430404007E-13;
32;5,7731698327353485;35,43083330343053;0,1627992816861621;138,60554803747533;3,410605131648481E-13;
33;5,177194418791572;23,62838964611467;0,12424763475378597;193,64383813151662;4,121147867408581E-13;
34;4,78032861908941;87,5278658940388;0,14896223295220778;217,98657551589588;3,197442310920451E-13;
35;6,8372543771181;33,445843582242745;0,16066003510983506;209,9509001745717;1,9184653865522705E-13;
36;4,863389148000849;25,618109618350054;0,19868025080491236;209,30592367336766;2,8421709430404007E-13;
37;4,141566519274406;33,44234905239294;0,19120007124105598;161,22063721605247;3,552713678800501E-13;
38;6,90984325597946;21,654488402937417;0,19217190680751628;213,76406158935998;3,552713678800501E-13;
39;4,144686079160039;22,629958100445506;0,16573189586912207;174,1437089591731;3,765876499528531E-13;
40;8,19802389285016;43,297087206808314;0,22605781274613435;245,87216073907408;3,907985046680551E-13;
41;5,557021324541346;20,675118187211247;0,1747068333724613;206,3351887369407;4,121147867408581E-13;
42;3,9366611081479803;52,13793491939712;0,17605570571574702;211,1224382884926;3,836930773104541E-13;
43;3,9647719967859203;51,23326782844101;0,18301490503559847;238,1503089321598;3,339550858072471E-13;
44;2,920210159543622;17,711138741049965;0,2439547875674677;150,97546422770694;2,8421709430404007E-13;
45;8,895408573781225;38,37221039605885;0,18022266012387433;148,93685707777263;3,836930773104541E-13;
46;4,952967084108089;29,523223611137595;0,17432348668634745;218,46971803843002;3,126388037344441E-13;
47;5,9258119674727965;15,751742483177757;0,1544604730808956;138,13158310315083;4,050093593832571E-13;
48;5,354732507830057;20,660763923779;0,15689765027938307;170,95789758443067;2,0605739337042905E-13;
49;4,739607517323108;7,888383123513357;0,17799500774047772;210,7700524656779;4,547473508864641E-13;
50;6,921910472103619;24,738471222892585;0,21444996856020992;104,39666410174553;3,268496584496461E-13;











============================================================================
Função: rosenbrock
============================================================================
parameter;AGEO2real1_P_AA;AGEO2real2_AA0;AGEO2real2_AA1;AGEO2real2_AA2;AGEO2real2_AA3;
meanNFE;100002;100006;100006;100006;100016;
meanFX;7,743806009448547E-05;7,062511842962736E-05;2,9873688745123315E-05;0,22124176556971034;0,008833826848180966;
melhorFX;1,919671468443118E-06;1,2497830241370206E-06;1,3697581269361088E-07;0,00017304495169715678;1,1463765116383077E-06;
piorFX;0,0003979920235756923;0,0017811989502518957;0,00022991067587278114;3,272000051833693;0,04544168982588487;
medianFX;5,3129145066641695E-05;2,1145236112491024E-05;2,279224168203066E-05;0,04273089139688696;0,0021049007072099194;
sdFX;7,791037268139885E-05;0,00025002660087481543;3,825967592857111E-05;0,5395012722656414;0,014308722332811856;
==========================================================
===> f(x) médio para cada NFE:
NFE;AGEO2real1_P_AA;AGEO2real2_AA0;AGEO2real2_AA1;AGEO2real2_AA2;AGEO2real2_AA3;
5;140,72638300557549;161,01381954926651;131,88235916662745;47,842452827334434;52,25532919936275;
50;4,6982634693530425;8,571972798793748;25,506029917482767;38,18055857202244;21,83584840416113;
100;1,8113919560724616;5,452366685912328;4,760891942531062;38,18055857202244;5,190289935823964;
500;0,11675254687115785;0,5451423251643418;0,5744844771327011;11,069498738065894;0,47266715332531684;
1000;0,0402980546197656;0,3075629980913487;0,2970169162596319;4,927261204507573;0,3852824858935394;
1500;0,0172064626335807;0,21536676779411174;0,2106777681459569;3,3021348340307286;0,3048669019434731;
2000;0,0035683347044242163;0,1551738422646085;0,1793780928492448;3,214465741750282;0,2670689815799409;
2500;0,003207524800139804;0,12487541999868236;0,10956294973532146;2,9549777127400496;0,2126970768982305;
3000;0,002804560800271868;0,11123746338141254;0,08485041131313442;2,142028607445398;0,2036491427599968;
3500;0,0023469550174005445;0,08363880129163201;0,0688112628608108;2,142028607445398;0,16719635316395143;
4000;0,001926472572132795;0,08130069623601016;0,05952671754185457;1,5009230808455878;0,16214063460691752;
4500;0,0016046467972789702;0,07986753942219621;0,05749632048400784;1,241301439895075;0,154305711459046;
5000;0,0013443873558369576;0,07986753942219621;0,04318454901583817;1,241301439895075;0,12960558000092468;
6000;0,001117696735312651;0,039432717761419774;0,025565665941503314;0,9724077538327508;0,12074316607704777;
7000;0,000947355349773922;0,02160787862447793;0,008636109883404526;0,9398479150163763;0,10649265202354996;
8000;0,0008448563723376398;0,014091775270447197;0,006668230910888905;0,9398479150163763;0,0990069752107812;
9000;0,000811740850237521;0,013309342598504203;0,0045486170799739645;0,9102407635710843;0,09238564053705954;
10000;0,0006479029301339071;0,007814123826440172;0,0041380502161611895;0,9102407635710843;0,08682932107784927;
12000;0,0006292011894222274;0,0018012399172777599;0,0012086740938855307;0,32229093682572985;0,07553552836768877;
14000;0,00039188525116407534;0,0007354165304121866;0,0008056167810946844;0,2605059115574455;0,06799141805661853;
16000;0,0002958098414944971;0,00045963706690515355;0,00033780426539122964;0,23885458964790326;0,06317924951087836;
18000;0,00027872719913912445;0,00036304958783576655;0,0002931253461020309;0,19885846552376063;0,05871333659380229;
20000;0,00026384269903017687;0,00021239311045143154;0,0002665666507798629;0,18894177424374756;0,0546402393210646;
25000;0,00023703071808386383;0,0001804705685700161;0,000203787453587818;0,14774960816207883;0,04256899138137599;
30000;0,00014176174132645063;0,00014989748767737805;0,0001592597547405541;0,10071958755098273;0,03369701378739684;
35000;0,00011676818257005948;0,00012955299163753997;7,864804281732034E-05;0,10071958755098273;0,027897966271143153;
40000;9,414792110945235E-05;9,697904867496944E-05;6,890535188482758E-05;0,08825705665260283;0,02304641868225859;
45000;9,414792110945235E-05;7,734540007479052E-05;5,550959843834365E-05;0,08252872013550884;0,018367236266413317;
50000;9,414792110945235E-05;7,090032409243945E-05;4,3070829573859875E-05;0,08066569152796607;0,015162792139889988;
55000;6,446691567526746E-05;5,2810372695056095E-05;3,820826889686919E-05;0,08066569152796607;0,012229794651440145;
60000;6,446691567526746E-05;4,531855812266897E-05;3,432823081575132E-05;0,06768338254451103;0,010013022900118561;
65000;6,438956991398927E-05;4,310563492040696E-05;3,3252650014882034E-05;0,06252673570731779;0,008038035281770032;
70000;6,018933072615099E-05;3,406432514070363E-05;3,3252650014882034E-05;0,05609989315548049;0,006595882633455276;
75000;5,471793715269987E-05;3,3905467212390664E-05;2,9092469377008945E-05;0,05609989315548049;0,005402133318257528;
80000;5,471793715269987E-05;2,9679082088648167E-05;2,5488026312647377E-05;0,048624299965377496;0,004232551701191704;
85000;5,471793715269987E-05;2,5188245843616643E-05;2,3945155370385898E-05;0,04539538333619751;0,003513912280545927;
90000;5,471793715269987E-05;2,4346172260976114E-05;2,3945155370385898E-05;0,04539538333619751;0,0029147850655450343;
95000;5,471793715269987E-05;2,2100449927101698E-05;2,3945155370385898E-05;0,042722499904759036;0,0024265931268749393;
100000;5,305759118709456E-05;2,1135867526415918E-05;2,1591670505159475E-05;0,042722499904759036;0,002086504535538533;

==========================================================
===> Melhores f(x) para cada execução:
execucao;AGEO2real1_P_AA;AGEO2real2_AA0;AGEO2real2_AA1;AGEO2real2_AA2;AGEO2real2_AA3;
1;1,0702562909671893E-05;5,538974028816881E-06;1,3697581269361088E-07;0,0018451172899583597;6,037520633846492E-05;
2;5,131527630182988E-05;3,404090440408008E-05;2,5877983566553615E-05;0,03266297851480069;0,04213924873054424;
3;0,00012912124197996227;8,247056274144208E-05;4,117034683710729E-05;0,012376081347290672;0,001578896936838584;
4;4,7361583421322845E-05;1,0407553031830844E-05;1,637546849230102E-05;0,02692372665879639;0,004149327520766805;
5;0,00010068978910886224;2,7320827945520915E-05;6,116772385146711E-06;0,03959320634838909;0,007219502035591556;
6;4,079179910002116E-06;0,00014645877870623721;2,859870806418691E-05;0,019936094808505122;0,0027195189558255725;
7;5,011706269730752E-05;6,329064282160808E-06;2,5098069058741137E-05;0,00160929436731986;0,0020681083638671464;
8;2,3066154813287968E-05;2,931565872879027E-05;2,638909292330611E-05;0,00017304495169715678;0,0021650127678855277;
9;3,746598341987435E-05;9,671295352788873E-06;1,560788854868679E-05;0,030768171835926228;0,0019333791082328767;
10;1,8972090867948024E-05;2,0189995759167983E-06;7,147941864087115E-05;0,02918076703533177;1,1463765116383077E-06;
11;0,00010393942629343154;1,8104377019224302E-06;4,225269399216435E-06;0,00048443265193308236;0,004803544033487867;
12;1,7174198513755298E-05;0,00014107749559394376;3,1303673209245493E-06;0,009856825515312024;0,030751343310655162;
13;3,053600250586598E-05;0,0017811989502518957;6,561654587289662E-06;0,04273089139688696;1,7314106372841512E-05;
14;0,00012680232873450844;8,134515813224961E-06;1,0240929877348343E-05;0,006168889533743856;0,0013279924144101475;
15;6,470720761443463E-05;1,1420721831868948E-05;7,6222849855874876E-06;0,04772772809266827;0,0346626827245482;
16;0,0003979920235756923;5,491955906998853E-06;1,159898690894514E-05;3,272000051833693;0,0013317070328416505;
17;4,886417338821311E-05;2,5636680780239856E-05;5,606701240932251E-06;0,05131835892247645;8,310952826391722E-05;
18;0,00018386682487616903;3,0042505448506063E-05;7,041063106556528E-06;0,04271410841263111;0,0015123926776749678;
19;6,407193221354392E-05;7,021461344382231E-06;3,3832225527860836E-05;0,29270735283645377;0,00012050469303344012;
20;4,452859127297813E-05;2,006419654917453E-05;3,5246190956631103E-05;0,19488861547702574;0,001407683173086198;
21;0,00025755156646042166;0,0001299247282651546;7,187788029003063E-06;0,001265461624069096;0,0005850770938655367;
22;5,298603730754742E-05;1,6236806858893838E-05;6,288682470480187E-06;0,5955704348463109;0,0363655715099137;
23;8,760605311004246E-05;7,3432694343276175E-06;6,859208287131937E-06;0,058601101050152316;0,0010079270433556312;
24;0,00010435568078659255;2,552022744870322E-05;5,708369812722501E-06;0,08392933346449137;0,001068474276746065;
25;0,0002448939493385404;7,485686594166305E-05;4,793465747986179E-05;0,19501590343066677;0,003726184009632702;
26;5,634628443406486E-06;2,305566374171237E-05;0,000144189872851187;0,029470187170655852;0,04544168982588487;
27;4,60905571742568E-05;1,7519943701520208E-06;2,279224168203066E-05;0,06645237036448325;0,0021049007072099194;
28;0,00014675983593884925;3,17080569017797E-05;0,00022991067587278114;0,002194169709021917;0,041062375375375694;
29;6,951186528763102E-05;2,1126498940340816E-05;3,362658857997459E-05;0,00040121258786811554;0,034066571514530034;
30;0,00010840081219659227;2,1145236112491024E-05;1,5131325554951783E-05;0,10885439526125115;0,0023109804782758354;
31;2,6337141856125007E-05;1,7442527397817543E-05;6,387583366338485E-05;0,0019262186628712936;0,00014050789950652572;
32;0,00014221040146149256;8,700423115920837E-05;4,497131231061246E-05;0,028109109063085277;0,00047269651040423205;
33;7,576868909822572E-05;3,4087745877327174E-05;3,4204049234018575E-05;0,028336706529119828;0,0013941921141641016;
34;7,336888458654685E-06;9,312547887951357E-06;3,877855356409808E-05;0,7570129821773321;0,02571182592306747;
35;2,4969199264369105E-05;7,931117644433145E-05;1,779317253571028E-05;0,08112810680652631;0,004748650143151678;
36;5,3129145066641695E-05;1,4684576230912163E-06;3,521986188288444E-05;0,01941260074274822;0,001937456585662365;
37;5,630672923875805E-05;8,827530954173438E-06;5,576750055013132E-06;0,05359868526080866;0,041263640153397396;
38;6,129669572292976E-06;0,00014503888845390333;3,293719558842144E-07;0,18286764505682834;0,0023681538357772465;
39;6,4861899136991E-05;0,00010181839795646389;3,117073094976002E-05;0,014185489593601643;0,0011749993969385531;
40;6,565944380303727E-06;2,915983119071306E-05;2,0629072761187467E-06;0,02097213406229503;0,002315167441496342;
41;0,00013266677261367327;5,2409367832219937E-05;2,039109932828829E-05;0,013711076020009007;0,0026020265758518084;
42;8,563805317352408E-06;1,6455049735699616E-05;4,738445320126748E-06;0,08020327624940585;0,001484789307294939;
43;8,443276513856883E-06;1,8704703774724013E-05;4,134821328831714E-05;0,1097228731283282;0,0009552443444432099;
44;0,00015838792970937455;2,062591671593756E-06;3,258529866213011E-05;1,2068412658994019;0,002245506502733012;
45;4,681721451081905E-05;1,4787042936180164E-05;6,731631528543341E-05;0,2470245574063149;0,0016851478384557995;
46;1,919671468443118E-06;3,3770030020701254E-05;1,1075346259903249E-05;0,151616374117587;0,03419755317913431;
47;7,175208211899425E-06;7,123275728156688E-05;1,5889883687237334E-05;0,20270102761685446;0,0004256774427892079;
48;7,684022621753806E-05;5,212352396348675E-05;3,287871144978948E-05;1,4299159830038952;0,002107998761711793;
49;7,507098903017221E-05;1,6848848261118528E-05;6,308453939682551E-05;1,0858609879106076;0,0011616179466650755;
50;0,00021323758313474838;1,2497830241370206E-06;2,880823228961881E-05;0,04952087183808672;0,005505948974836412;











============================================================================
Função: schwefel
============================================================================
parameter;AGEO2real1_P_AA;AGEO2real2_AA0;AGEO2real2_AA1;AGEO2real2_AA2;AGEO2real2_AA3;
meanNFE;100001;100011;100011;100011;100000;
meanFX;799,7221475482849;1359,1009894907684;517,1792387200055;2418,9914853316977;14,212727449226568;
melhorFX;345,77523818013333;796,5947856173144;2,360892090023299;1165,6203271633135;0,00012727566354442388;
piorFX;1343,5345285976887;2448,0713540634447;830,2426775604617;4449,2634426881;236,87679650454083;
medianFX;819,0698514935226;1381,9055519021272;478,2959036793286;2299,5398047661715;0,00012727566536341328;
sdFX;228,8508360470402;377,56824793467706;191,0042996238568;633,2967062126039;45,652013985404686;
==========================================================
===> f(x) médio para cada NFE:
NFE;AGEO2real1_P_AA;AGEO2real2_AA0;AGEO2real2_AA1;AGEO2real2_AA2;AGEO2real2_AA3;
5;3976,1089385649575;3936,443641860352;4014,7597589501484;3926,720241001442;4005,028380684649;
50;3461,8043060448645;3695,855408008696;3640,8166359391753;3575,868063117993;3774,6051447070795;
100;3092,490798429986;3606,7251859361645;3476,1850092554187;3575,868063117993;3774,6051447070795;
500;1921,776304680602;2492,175722527742;2278,1039664848995;3556,356048479112;2849,735080055916;
1000;1845,0596737408205;1929,6107423100887;1755,5465194654657;3508,4695946655434;1886,4600449427303;
1500;1811,785134178637;1916,764239227504;1578,8064232735148;3395,437717191965;1170,97955792831;
2000;1779,3763030118628;1915,2731248268506;1406,2074086436717;3381,60584652977;810,5495790264508;
2500;1779,3763030118628;1915,2075586255291;1323,4337179338875;3348,0916502404443;667,8040171955345;
3000;1765,0622340982336;1914,995546911698;1145,1742602597258;3274,2748821871187;559,0049284130739;
3500;1754,7268462846346;1914,995546911698;1117,7697545505678;3228,6479572777544;474,35291524581885;
4000;1731,5060878163868;1914,995546911698;1044,554584654374;3210,9148988166285;447,6212463557713;
4500;1699,2148690244421;1914,995546911698;1014,1128562342628;3210,9148988166285;357,6000486509465;
5000;1661,9358514120813;1914,995546911698;918,5699674893178;3210,9148988166285;355,31655070494867;
6000;1632,4267256541311;1905,1093466458146;803,8220771016975;3173,189877400596;355,31513111899744;
7000;1622,1232187781038;1905,1093466458146;781,3397898131741;3173,189877400596;296,12906480277184;
8000;1519,529000183212;1879,038991679002;714,2405882793298;3025,782093338739;259,65891835448315;
9000;1446,4658229666004;1843,1963390204041;694,2179480820653;2971,903823859165;236,9572326407956;
10000;1399,9357429704428;1841,0881668482639;688,7976476166839;2868,573430621338;236,8767965045472;
12000;1273,6207576399643;1790,0939830802822;594,0831168074399;2741,6597419472055;236,87679650454334;
14000;1258,3361212586142;1724,8550840605126;593,165365550268;2706,550026056416;236,87679650454106;
16000;1245,0370992074618;1700,1387796829476;593,0059981548548;2706,550026056416;236,87679650454015;
18000;1238,3551307534117;1695,3156624726917;592,9059534362848;2706,550026056416;140,91259599727368;
20000;1204,5444451840228;1685,304476269263;592,836899688376;2706,550026056416;118,43846189011424;
25000;1087,3586954292552;1681,5336624341876;592,836899688376;2706,550026056416;118,43846189010333;
30000;1065,4944174067555;1651,9477624359924;592,836899688376;2675,318009335354;59,864314971569;
35000;1008,3464086595393;1628,6817002158737;592,836899688376;2647,2898309951943;0,00012728463025268866;
40000;981,6326013652409;1628,6817002158737;592,836899688376;2621,628249941455;0,00012727567673209705;
45000;957,2896122128186;1622,3220375293267;592,836899688376;2562,8428292729805;0,00012727567127512884;
50000;920,6214784710969;1583,076266074506;592,836899688376;2523,629782605355;0,00012727566718240269;
55000;910,431105420678;1566,5920873837536;592,836899688376;2464,4030306516343;0,00012727566718240269;
60000;902,7610084696039;1550,4458372483814;592,836899688376;2396,179425150425;0,00012727566718240269;
65000;891,8327324521322;1546,849546514401;592,836899688376;2395,6905570960416;0,00012727566672765533;
70000;860,931670077164;1546,8263710535557;592,836899688376;2395,6905570960416;0,00012727566627290798;
75000;845,0208977294869;1543,3440061608499;592,836899688376;2395,6905570960416;0,00012727566627290798;
80000;832,5405954103423;1493,9525744867976;592,836899688376;2357,6382300796854;0,00012727566627290798;
85000;820,3785488388851;1425,336240213663;592,8245707072281;2349,22177184753;0,00012727566627290798;
90000;813,3234466795973;1425,0601629560986;592,7302931398469;2349,22177184753;0,00012727566581816063;
95000;812,2555000059285;1364,5718684556703;592,6520829263748;2324,115772245669;0,00012727566536341328;
100000;812,2555000059285;1364,5718684556703;476,98511710882417;2288,8559925024347;0,00012727566536341328;

==========================================================
===> Melhores f(x) para cada execução:
execucao;AGEO2real1_P_AA;AGEO2real2_AA0;AGEO2real2_AA1;AGEO2real2_AA2;AGEO2real2_AA3;
1;686,4256111527084;1724,3733528190116;711,3191296564737;3209,5547279686825;0,00012727566627290798;
2;1266,285011220402;1290,2287079306839;592,8740580178128;2111,989163847959;118,43846189010173;
3;584,5699450797897;1263,4871139206393;474,489491534217;4449,2634426881;0,00012727566445391858;
4;832,9493958225711;1204,2045965885009;356,2240784750902;2636,51153062084;0,00012826684906031005;
5;464,67462164957306;875,5617378797602;593,586009828743;2349,7518039698934;0,00012727566718240269;
6;879,4853024657423;1218,1652076499768;592,8070672624249;2116,7713704246125;0,0001272758763661841;
7;592,8378488748253;1480,61389255711;711,3705218663436;3565,4397253063726;0,0001272756717298762;
8;889,6611657178482;1520,1028238627655;474,36526924789223;2545,287698018814;0,00012727566627290798;
9;743,6674929817041;848,8940682134589;118,81291453567019;1165,6203271633135;0,0001272756780963391;
10;1128,8663446546943;2060,0761418612033;829,6345210457603;2557,129569231838;0,00012727566536341328;
11;1202,3203949040708;1546,7519060431832;829,5519853792812;1928,5020263037572;0,00012727566627290798;
12;821,6872461842476;987,1567141989849;474,2696881856282;2195,54317920587;0,00012727566627290798;
13;725,3246719531732;1697,7397786520187;355,6854475078144;1973,411857974605;0,00012727566718240269;
14;944,2719139940564;1480,5560082200504;474,26051902129757;2278,1721802386974;0,0001272756762773497;
15;1103,3666011769287;1796,4433297969072;711,4734117130665;2501,9718671918968;118,43846189010219;
16;476,6187093723265;987,3130784278574;355,72049096255387;2048,787753436991;0,00012727566536341328;
17;625,2809853796484;809,462411956958;355,83269731587006;2710,791372690838;0,00012727566354442388;
18;871,1147710490764;849,6409799070452;118,79388643680659;2196,3391362565835;118,43846189010219;
19;555,7549285660398;987,0876527732112;592,9770658584475;2772,5281112035727;0,00012727566445391858;
20;561,1852384871584;1243,7493421898484;356,1181901452396;3054,34969351917;0,00012727566354442388;
21;1016,2427793665465;1553,8948604137586;592,8420741520313;1561,9178207188697;0,00012727566627290798;
22;595,8637694791739;796,5947856173144;475,67433053831974;2241,475569479875;0,00012727566536341328;
23;681,2838649779696;1270,3927828479948;711,4618506529364;2073,874833027721;0,00012727566536341328;
24;715,4425401727676;1744,1617870912935;593,357068657825;2426,834194111372;0,00012727566445391858;
25;1343,5345285976887;1697,839777726962;592,8667321143271;2923,7869664760565;118,43846189010264;
26;345,77523818013333;1546,900836063928;478,2959036793286;2259,0390118460023;0,00012727566627290798;
27;483,2325594086137;967,9514472006431;474,251653857325;2170,144927807446;0,00012727566536341328;
28;962,1462451493351;1921,8472109505963;710,9386197504678;3344,504061718872;0,00012727566536341328;
29;1132,675559201349;934,933230004305;710,909472633452;1450,9061616117456;0,00012727566536341328;
30;869,5373983582808;1329,7099183499986;829,807974628935;2844,259477294713;0,0001272756680918974;
31;1107,0911108102937;994,6003871553427;356,1024749612143;2348,6917397251664;0,00012727566445391858;
32;837,7158536629267;1606,2362991280338;592,653519017269;2867,3901624417285;0,00012727566536341328;
33;1021,384856148361;908,0956844130692;355,52238583110056;2178,005924729705;0,00012727566536341328;
34;894,0042991864161;1507,5260069320364;355,7065309689524;3212,2750696645744;0,00012727566536341328;
35;596,2061849866632;2448,0713540634447;474,9556856946756;2232,808272452259;0,0001272756708203815;
36;888,3756243593639;1381,9055519021272;592,9395813556025;3198,3990743080344;0,00012727566445391858;
37;715,7068933207211;1539,9230996545803;711,1108921805021;2299,5398047661715;0,00012727566445391858;
38;595,3291921594728;1347,2381850092133;355,84136595598693;1874,8501882338905;0,00012727566536341328;
39;768,967769235133;809,4377090693483;830,2426775604617;3626,212522497962;0,00012727566627290798;
40;584,3789057973019;1164,7866563990528;474,3779106646616;2233,733679951648;0,00012727566536341328;
41;595,6509582434774;1401,6569238495827;829,6819614069495;1420,0029896156025;0,00012727566536341328;
42;832,1317949981135;1711,635972027721;592,9635809907577;1556,8328365011662;0,00012727566445391858;
43;688,8656558891527;987,0074923494954;592,963706129809;1640,0330921043005;0,00012727566536341328;
44;550,949154786138;908,1233769070323;474,5365961308121;3020,020681242274;0,00012727566627290798;
45;1041,389518794992;1290,7863137113754;355,70653991082145;2580,3979605271475;0,00012727566354442388;
46;911,5177177527917;1539,9361062785165;356,1774392262814;1762,731157630889;0,0001272756699108868;
47;1068,0617007362675;1500,4043266651638;2,360892090023299;1717,7508590072512;0,00012727566718240269;
48;805,4411485183343;1915,029384564892;474,40079590902496;2365,5246561894774;0,00012727566536341328;
49;819,0698514935226;1895,7583843634388;592,6506468354805;2876,533872081106;236,87679650454083;
50;561,7865029563536;1461,054778379002;237,49462851850285;2273,3801615594257;0,00012727566445391858;











============================================================================
Função: ackley
============================================================================
parameter;AGEO2real1_P_AA;AGEO2real2_AA0;AGEO2real2_AA1;AGEO2real2_AA2;AGEO2real2_AA3;
meanNFE;100006;100142;100142;100142;100240;
meanFX;0,2352542538635391;0,13293450726283218;0,6693418921218452;20,67396035045423;4,5635172774893817E-07;
melhorFX;0,10270616148769918;0,07262760562657178;0,5138997264266258;19,73807414652645;3,351454189726155E-07;
piorFX;0,5514248739851517;0,1803311105348051;0,8179230434882783;21,334124211109856;5,525187773969265E-07;
medianFX;0,2100866415412952;0,1333711393356829;0,6800500474601385;20,703209202464055;4,5207933041524484E-07;
sdFX;0,09671609761492506;0,02322836781624624;0,07878969081752031;0,3518949861371191;4,7869897990887466E-08;
==========================================================
===> f(x) médio para cada NFE:
NFE;AGEO2real1_P_AA;AGEO2real2_AA0;AGEO2real2_AA1;AGEO2real2_AA2;AGEO2real2_AA3;
5;21,006992221168662;21,026779033430117;21,02640818284801;21,03006720978481;21,04418984359981;
50;20,93265608950187;20,984070659061906;20,966426102491255;20,95360995349271;20,968528550167214;
100;20,891819464595716;20,950534992496863;20,941216714471015;20,943193322729883;20,967447342098257;
500;20,12886479136531;20,772332293198993;20,718306620829665;20,9259783690121;20,896987761077934;
1000;19,53450551140241;20,2126146590411;20,047169233853197;20,9259783690121;20,704617224478046;
1500;19,324832569894134;20,00863379711201;19,85530402746106;20,91234843246107;20,61008523756922;
2000;19,212788397719386;19,624683361806174;19,3211739042332;20,885711361084354;20,363025466469434;
2500;19,16205463032842;19,355168771800106;18,654675531217908;20,880600313327704;19,4784264745565;
3000;19,083245059191114;19,004612001973037;18,07333950025903;20,880600313327704;18,936782757459664;
3500;19,01756181001136;18,433219982806015;16,275866165683528;20,85909916550499;17,99078888930078;
4000;18,874153643642575;18,018968402873718;14,51299006719061;20,82000648969261;16,69415205940811;
4500;18,673191900045637;17,01205957362014;9,972735928823152;20,79518444239492;15,003174837135699;
5000;18,491584990134427;15,849144735831743;5,529277238534036;20,79518444239492;13,925456017276723;
6000;17,79850048401093;11,375631127159261;2,2172706124797266;20,770605530204023;9,054572657804078;
7000;16,496065618657315;6,929347066802577;1,5481794451778033;20,770605530204023;6,177243009120973;
8000;11,335683298844852;3,3681715936273484;1,3065549047745186;20,743088705919;3,659795603600907;
9000;5,4981681449828255;1,2094821770959179;1,1759636233947504;20,743088705919;2,5388126279821606;
10000;3,241008325881271;0,5027983419868498;1,1404004261223033;20,743088705919;2,003210126301468;
12000;2,1863326283883335;0,29898746675817733;1,0972263821552968;20,713307932986694;0,6949643829122358;
14000;1,4763327547934377;0,27332898973236297;1,035011776729446;20,713307932986694;0,05834120948017407;
16000;1,290464107088086;0,22463667948114008;0,9912447828326556;20,713307932986694;0,004404370336272834;
18000;1,0011403010170294;0,22432094459326812;0,9502437853233641;20,713307932986694;0,00023947110133448746;
20000;0,7851739261141972;0,21752262048225823;0,908875427154813;20,713307932986694;2,4131756152456774E-05;
25000;0,6028480986118598;0,20313558937180431;0,8635826191437737;20,70066080870381;7,574526410536464E-07;
30000;0,5012008839588429;0,18092359199714458;0,8261219768604242;20,70066080870381;6,156646072952299E-07;
35000;0,40994246963245473;0,17010134209522754;0,7888171880878296;20,70066080870381;5,536803033834303E-07;
40000;0,36317672895324016;0,1585807216547508;0,776277895042135;20,70066080870381;5,494397576910615E-07;
45000;0,33870392754963063;0,15156382676103775;0,7583162557817271;20,70066080870381;5,402836116275012E-07;
50000;0,30114719811195023;0,14738851164452882;0,7390497326227674;20,70066080870381;5,188130209887731E-07;
55000;0,30114719811195023;0,14738851164452882;0,733144700492188;20,70066080870381;4,978042351666545E-07;
60000;0,27501734227192287;0,14738851164452882;0,7284081221528531;20,70066080870381;4,941719335960215E-07;
65000;0,2667921170739671;0,14547642237392466;0,716760108979086;20,70066080870381;4,859122491041035E-07;
70000;0,24832466936870468;0,14248975147567222;0,6954385910002578;20,70066080870381;4,821589723036368E-07;
75000;0,23968972402571076;0,1370710361359766;0,6923305301888316;20,70066080870381;4,7740936537366E-07;
80000;0,2258917457274343;0,1370710361359766;0,6868097818995746;20,70066080870381;4,739640413475854E-07;
85000;0,22302834919665848;0,13516367122456963;0,6868097818995746;20,70066080870381;4,712085637237351E-07;
90000;0,21697334436081128;0,13516367122456963;0,6845600496584776;20,70066080870381;4,5331433184969683E-07;
95000;0,20866431339028502;0,133929000152321;0,6817512080374755;20,70066080870381;4,5102213874770314E-07;
100000;0,20866431339028502;0,13353580344835692;0,6779428269536041;20,70066080870381;4,5102213874770314E-07;

==========================================================
===> Melhores f(x) para cada execução:
execucao;AGEO2real1_P_AA;AGEO2real2_AA0;AGEO2real2_AA1;AGEO2real2_AA2;AGEO2real2_AA3;
1;0,19409018088440533;0,11045146207147383;0,6103713874423882;20,95969017674768;4,545493332841488E-07;
2;0,30911517932390353;0,08316559557651715;0,632705048647594;20,111206535910796;4,804019901882839E-07;
3;0,4027563388691071;0,09552519973333773;0,5779680677282393;20,259719615539176;4,767952255235741E-07;
4;0,1469230842923217;0,1317194703260256;0,6967092272806568;20,94751197725896;3,869815472512528E-07;
5;0,21518051788262582;0,1206919045057866;0,7222808328336718;20,883167445741435;4,268141502450362E-07;
6;0,15191078374413536;0,1621132057924477;0,6758356064470696;21,024636970826656;3,958810133042334E-07;
7;0,14180924905285153;0,14055453452221656;0,5198182061603696;20,487085602624234;4,4996494708016144E-07;
8;0,20339300600243604;0,15770907740461482;0,7578223119465441;20,858574821199525;5,299362584310074E-07;
9;0,18133139409914634;0,1535941779913017;0,6834523686148124;21,065120178547755;4,477360882049197E-07;
10;0,12682883876582451;0,1599889007285853;0,7898824379737306;21,118736666285358;4,3715925102105757E-07;
11;0,10270616148769918;0,15907433887929656;0,6632329006137923;20,804046024532298;4,421661081721595E-07;
12;0,19554399829609537;0,0951660530901215;0,8179230434882783;20,603441648366896;4,900270766938775E-07;
13;0,30889134797185847;0,1595668309295064;0,7230972428531253;20,6825692146735;4,842527125958895E-07;
14;0,5514248739851517;0,12903833507234808;0,7048840668227179;20,591711453417126;4,3302424757030167E-07;
15;0,19268099214593448;0,14714372119357932;0,756408892389711;20,270597775961797;4,780235052237458E-07;
16;0,29337972908349386;0,15369635151455086;0,5277788028770978;20,859623509810454;4,140248179851369E-07;
17;0,2072354521904387;0,17961546451068955;0,6358666760435518;20,96429815008876;4,777088555840692E-07;
18;0,24836815506442278;0,13415753274361109;0,6258695144713151;20,68295936389053;3,956208409761075E-07;
19;0,34390942855021933;0,14501434002575664;0,5852633849407205;20,59812308453136;4,2441836711759606E-07;
20;0,24342212285923281;0,11730264619682274;0,6879518330970065;20,647577954093038;3,351454189726155E-07;
21;0,17309095609676106;0,1249066312712408;0,7144907641962206;19,73807414652645;5,176235795545381E-07;
22;0,14277623214119117;0,16289878854248485;0,6370599299030708;21,281820893844323;4,118869192382135E-07;
23;0,19526764435502386;0,1333711393356829;0,5904208373089617;20,443940717561826;5,189900065261099E-07;
24;0,4635776652805106;0,13616980970552817;0,6800500474601385;20,87803318091397;4,6941718068183036E-07;
25;0,1819248405951832;0,14953347553077379;0,674237355229188;20,94752973023774;4,3567582608261546E-07;
26;0,13421474873356942;0,12184279517654772;0,5543936509502672;20,723406663509337;5,500980471140338E-07;
27;0,4870068914176109;0,1291866256113572;0,6591757638854752;20,888255276427273;4,1914982418234104E-07;
28;0,2942872081895267;0,12788725367150633;0,7390419213064128;20,698112414943566;5,328942762616862E-07;
29;0,20724198523927484;0,12296246568208247;0,599280078329322;20,485322785024643;4,4090983664091254E-07;
30;0,2100866415412952;0,1276361474737442;0,5138997264266258;21,056081001937915;4,4553415179393596E-07;
31;0,21876617083899674;0,14111139808643713;0,7360363127129652;20,965627612354133;5,033924921349353E-07;
32;0,13073993610291623;0,07262760562657178;0,6103415834615618;20,790043001688495;4,75321169091103E-07;
33;0,2418609462119683;0,13370046756103093;0,7029253489035092;20,561084694973488;3,937732167003105E-07;
34;0,13554158845967734;0,11471124315893988;0,704018403789977;19,937404729667072;5,097538036125115E-07;
35;0,18665829729259187;0,14164000592687032;0,7138058412147856;20,800325883101348;3,9038339139096934E-07;
36;0,1967041435522674;0,1467734535812859;0,7720682040216644;20,193342979331916;4,7299994676563983E-07;
37;0,2692226609362045;0,12400320544496068;0,5862956495898892;20,439178287994615;4,842951533134965E-07;
38;0,22864268888368144;0,1239537667740187;0,7268275795492123;20,436206867515295;4,5207933041524484E-07;
39;0,23751850183945322;0,16046359373449448;0,7785334420818479;20,703209202464055;3,9273616536661393E-07;
40;0,37278487459999;0,10196506895429991;0,7272572687548475;21,14555913928632;4,779923479247827E-07;
41;0,2958867510432803;0,11329527068348355;0,7230499764337246;20,294525035556905;4,384778158339486E-07;
42;0,24828118367298657;0,13306627494041479;0,5415118079872485;20,374734583518524;4,1570979547600473E-07;
43;0,2009670912093462;0,1230694399968506;0,7483030500541723;20,026438634560872;5,262075539747002E-07;
44;0,22314080257118718;0,13028577610791459;0,6265184892924509;20,595175418849678;5,314178714854734E-07;
45;0,15818820781326082;0,08706547703267375;0,7506042357308438;20,888405641195064;4,6847788937043333E-07;
46;0,21900875591187585;0,13922498916717885;0,6213131472218762;20,924417168360236;4,196251346400004E-07;
47;0,36742223019714615;0,11678014189988772;0,6286622273193956;20,354042596049933;4,583496746590754E-07;
48;0,19787511247399792;0,1803311105348051;0,5374218575861676;21,094283096231145;4,1498762115566024E-07;
49;0,10688616813203211;0,1476333020954783;0,671047758991314;21,334124211109856;4,3627583323768704E-07;
50;0,2762409332928435;0,14333949702447413;0,8033804937267348;20,2789137579284;5,525187773969265E-07;











============================================================================
Função: beale
============================================================================
parameter;AGEO2real1_P_AA;AGEO2real2_AA0;AGEO2real2_AA1;AGEO2real2_AA2;AGEO2real2_AA3;
meanNFE;100002;100006;100006;100006;100016;
meanFX;2,3083390172881006E-05;0,01526001928525223;6,289706018112635E-06;0,029983396348646007;7,579879832784684E-06;
melhorFX;4,7006454255599807E-07;1,17157743847088E-07;1,093672681926834E-08;3,237500227524647E-07;6,318375392340413E-12;
piorFX;0,00010364954763049372;0,7616099523032943;3,14097888045341E-05;0,5595960568121572;0,0003789869628673799;
medianFX;1,2765937095233568E-05;2,454554016750569E-06;3,54874217848062E-06;0,008199429871891536;7,922914320466449E-11;
sdFX;2,477479452301954E-05;0,10770402196201566;7,879976267219928E-06;0,0875148409321128;5,359682999920556E-05;
==========================================================
===> f(x) médio para cada NFE:
NFE;AGEO2real1_P_AA;AGEO2real2_AA0;AGEO2real2_AA1;AGEO2real2_AA2;AGEO2real2_AA3;
5;185,95320961977785;124,47497670743296;182,4071947509354;29,812189397721916;35,84545542637244;
50;4,301700877521798;10,210234728379675;17,095981966358273;18,72609236962732;9,874808126391176;
100;1,9526649336047173;6,206357846732012;9,68720142526014;16,41225268520157;3,8796003437031557;
500;0,012829012661391017;0,948859979035654;0,8699881617108762;6,984258484157681;0,7637930693473532;
1000;0,007164408859895922;0,7356092037758972;0,009188491659580546;3,6579918470613157;0,06641213217233129;
1500;0,0028558821390448764;0,026282217601177382;0,0014234859176783653;2,5931715533866155;0,02847358239259375;
2000;0,0016114768602200112;0,007687126566830846;0,0007038480206235818;2,1744145564479127;0,008529660771682442;
2500;0,0009743423513310678;0,0021065906193181395;0,0003087666956142784;1,6192923950539586;0,0038711674667737768;
3000;0,0008544662067017815;0,0021065906193181395;0,00021769025766970516;1,3751805666312253;0,0019214513933780728;
3500;0,0006130129396384263;0,0018195419986103915;0,00021769025766970516;1,2827387975323747;0,0006920802462744939;
4000;0,0005701820326012377;0,0018195419986103915;0,00021167163303783732;1,264585507977344;0,00036493947136965153;
4500;0,00046028090961220075;0,00037545995120232407;0,00021167163303783732;1,0776590207249173;0,00018890861340042778;
5000;0,00037850479646266014;0,0003188132963735139;0,0001370415212311525;1,0103213721996822;9,984578532431009E-05;
6000;0,0003099911760890729;0,00027055053392708493;9,360290384498652E-05;0,7410398769542683;1,8041436861507807E-05;
7000;0,00019284033571895633;0,00015987666986148484;7,980547969313614E-05;0,5799856216710522;5,050934243523713E-06;
8000;0,00015426291533110476;7,181586820259424E-05;7,704130951345772E-05;0,5102634759998533;9,959204522651875E-07;
9000;0,00014604401781341764;6,732899474699898E-05;6,643734151700776E-05;0,44755479375696244;1,7923791639938953E-07;
10000;0,00012887215466541506;6,069386312905327E-05;6,432724101331806E-05;0,2971031935962437;6,576622368496926E-08;
12000;0,00011623350130605451;4,971417599718383E-05;5,6070072480251886E-05;0,2091563469531893;1,6455285288615805E-08;
14000;0,00010098042888516412;2,9156180662445673E-05;3,0848866290448827E-05;0,14851086802509125;1,1126406793290123E-08;
16000;8,879338371798912E-05;2,2886036287588356E-05;2,451050230183136E-05;0,14552525483181128;4,785422044798649E-09;
18000;7,577904386486689E-05;2,1160256870104357E-05;2,347714159985885E-05;0,11632813096333519;3,6376659956712326E-09;
20000;6,695635585084243E-05;2,1160256870104357E-05;2,194916405905927E-05;0,11433534340059442;2,189916556848372E-09;
25000;5,534991353403428E-05;1,88466297139018E-05;1,5471241125656918E-05;0,05655620107339582;7,926355642705219E-10;
30000;5,2445808209564585E-05;1,558412470363177E-05;1,0678533112686881E-05;0,04551950728100447;5,130811870877071E-10;
35000;4,318754442903995E-05;1,4744419885662565E-05;8,365927571168067E-06;0,04040905611758182;4,152996250973571E-10;
40000;4,0093360024525814E-05;9,181582090809341E-06;8,365927571168067E-06;0,038551371755050926;3,88500196004281E-10;
45000;4,0093360024525814E-05;9,181582090809341E-06;8,12364587767716E-06;0,034955763504310684;3,813885613338568E-10;
50000;3,2142264591209936E-05;8,39873436150156E-06;6,771321051022356E-06;0,02742304604047238;2,5405972041814713E-10;
55000;2,7143348046097037E-05;7,518036535617997E-06;5,5824117421115514E-06;0,02742304604047238;2,1074302738375365E-10;
60000;2,2749272361428653E-05;5,953227654795299E-06;5,5824117421115514E-06;0,02561605122753933;1,497380153997123E-10;
65000;1,8131333071341052E-05;4,661356106857035E-06;4,92471278833845E-06;0,02328182644406114;1,1124130316056874E-10;
70000;1,8131333071341052E-05;4,342090840025984E-06;4,726651219576449E-06;0,023051000617382703;1,0577956600315837E-10;
75000;1,8131333071341052E-05;3,5494341644968497E-06;4,553120046670873E-06;0,01451141623266501;1,0266888353425869E-10;
80000;1,7108443590279776E-05;3,1643287180617327E-06;4,2959571080151575E-06;0,012204782343025179;8,136070428389269E-11;
85000;1,1268302838609781E-05;3,155203128520144E-06;4,2959571080151575E-06;0,010919335393473787;7,556136743995528E-11;
90000;1,1268302838609781E-05;2,909668595597333E-06;3,8181717399795405E-06;0,010302653567917451;7,556136743995528E-11;
95000;1,1268302838609781E-05;2,6595505059483443E-06;3,8181717399795405E-06;0,008370003325333674;7,556136743995528E-11;
100000;1,1268302838609781E-05;2,4037796949621303E-06;3,375382913917352E-06;0,007736359074391911;7,556136743995528E-11;

==========================================================
===> Melhores f(x) para cada execução:
execucao;AGEO2real1_P_AA;AGEO2real2_AA0;AGEO2real2_AA1;AGEO2real2_AA2;AGEO2real2_AA3;
1;7,240700654314422E-06;4,516910028893972E-06;4,068140904651497E-07;0,025019531905025157;2,277128379037319E-11;
2;4,7006454255599807E-07;8,788042737437182E-07;3,54874217848062E-06;0,0016743137991275178;5,6785682084540735E-11;
3;0,00010364954763049372;4,167271651157995E-06;3,2863940763659225E-07;0,0057064610752986175;5,760631542534742E-10;
4;5,4664408787311344E-05;2,454554016750569E-06;7,009863205236231E-06;0,010993499178853413;2,2623236261145468E-10;
5;2,36422986620881E-06;3,8111781273921627E-06;2,077061379059908E-06;0,028132853216200692;6,723202629720269E-11;
6;8,181660583516099E-06;1,5006276708612056E-06;6,441772057376992E-06;0,0026627490852473576;3,747273414121701E-11;
7;2,336330507351002E-06;1,5339130298439046E-06;2,5715438262603663E-06;0,014918211032342463;5,508809738794399E-11;
8;1,7747447995472714E-05;1,7956689156850794E-06;6,703379734305459E-06;0,009760135527740745;1,0881669333398626E-10;
9;2,7466227069194974E-05;1,661777606563606E-06;1,9819263375385213E-05;0,005571218091104884;6,333239349105443E-11;
10;8,881573536972647E-06;2,239491137217611E-06;4,208693200185122E-06;4,84494623991867E-05;4,658811526102011E-11;
11;7,382545354951909E-05;7,071959733971672E-07;1,8603869724394786E-05;0,010845171608094159;1,0769948985591393E-10;
12;5,146628969286036E-06;1,6697663382692076E-06;1,2566378270794738E-05;0,0036738559129698865;1,0927157416245961E-10;
13;7,067677439918727E-05;2,162141124707488E-05;1,093672681926834E-08;0,0014122265106495775;1,234133872313504E-11;
14;7,1487410121345655E-06;1,4674763305141626E-06;4,730283361656345E-06;0,030603668896929677;2,70603618313111E-10;
15;1,8804358934259327E-06;5,968563707916121E-06;1,1069926980328743E-06;0,002583479879552641;3,12687017628627E-11;
16;1,1356879828039774E-06;2,011378372671084E-06;1,1200732228123727E-06;0,008967229654240775;7,189359167524606E-11;
17;3,565545984154343E-06;1,903126876819898E-05;1,249269163818006E-06;0,5595960568121572;3,499427949408762E-11;
18;5,988355022097321E-05;5,869217717332544E-05;3,14097888045341E-05;0,002505226356727581;2,3876120016420314E-10;
19;4,888676165143679E-05;1,027267271927079E-06;4,383221015845192E-06;0,06848750472850065;1,9525369215605265E-10;
20;2,862489287776835E-06;3,2876902016015368E-06;2,63685109518274E-06;0,011631842065402234;1,1366591298715122E-10;
21;2,7303369516546165E-05;2,9547901960485465E-06;8,657960817393402E-06;0,0005478927697308846;4,0857916604898904E-10;
22;4,6657649976128425E-05;2,3530053731736922E-06;8,56606029486548E-07;0,0016701699928304687;1,2177659909910146E-10;
23;1,851521814720939E-05;1,399712288188687E-06;5,246116940326624E-07;0,040985637924979806;0,0003789869628673799;
24;2,698332657564791E-05;3,863411127708709E-06;2,207914667789821E-06;3,140022608397376E-05;7,922914320466449E-11;
25;6,57341384884642E-05;3,367586433410217E-06;3,6164232763909895E-06;3,237500227524647E-07;6,318375392340413E-12;
26;2,8989834623477744E-06;3,052831998427283E-06;1,8290407456705908E-07;0,023464403649244316;1,4263271560371489E-11;
27;1,5625356684217162E-06;1,17157743847088E-07;1,1309663980734949E-06;0,0018360135240940547;5,441570972575328E-11;
28;4,5274259927413856E-05;7,3647989807358195E-06;3,202023649354084E-06;0,0001881457317016863;7,446559775959589E-10;
29;5,448484123979976E-05;5,586251488060018E-06;1,089214471103276E-06;0,02300275199588744;1,2699427975615084E-11;
30;6,2259360966337836E-06;1,0942232383626324E-05;9,58198505421927E-08;0,007273288276892286;1,605019901678389E-10;
31;3,868137823522315E-06;2,060939493766615E-07;8,876769228473044E-06;0,01105741507558752;1,0147812491811458E-10;
32;9,770668581985996E-06;6,532679938934758E-06;4,86722388777141E-08;8,265726281684783E-06;1,5851536847800948E-10;
33;2,0942187341137758E-05;1,2030277016839792E-05;6,101465711738518E-06;0,15203789190548123;1,877513678933955E-11;
34;6,0670104110816475E-06;3,976470922468252E-07;2,9592051170606574E-05;0,008199429871891536;4,5059822083648786E-11;
35;2,3265776527189323E-05;2,8645469951461197E-06;9,19561775130562E-06;0,0002796442441589253;1,6177795629504692E-10;
36;7,96748717429006E-06;0,7616099523032943;4,7230190774965536E-06;0,0003991393965566467;4,521651503482717E-11;
37;2,7708593420176367E-05;1,7598564031022267E-06;1,1870618644677424E-06;0,00828752266056125;1,0385964215040282E-10;
38;6,656251892618197E-06;4,5187350505169293E-07;9,60212408067202E-06;0,0006625643357203035;3,7901745403011046E-11;
39;1,6469439185086838E-05;1,7606626404845561E-06;1,536021048882785E-05;0,0036786705759224757;3,7553838530708886E-10;
40;1,2765937095233568E-05;4,805802184820099E-06;7,496960832842161E-06;0,014104621432987557;3,0377002144563904E-11;
41;4,184234538499414E-06;7,352105021407675E-07;5,383830826577744E-07;0,034984267784678696;8,349226536312087E-11;
42;5,457474868102258E-05;2,01327653110762E-06;1,1754942144701742E-05;0,015172565264426957;1,419110794531806E-10;
43;1,4252530758859457E-06;4,890591373688318E-07;1,0616716156727407E-06;0,005337714848602675;1,1660134281679588E-11;
44;3,320993308199507E-05;5,286461474405187E-06;1,3605055691228362E-05;0,019801077552131043;1,5750937150985874E-11;
45;5,569929010870008E-05;1,4965962229310991E-06;5,837039983856858E-07;0,00012457051689131226;4,375609766843493E-10;
46;5,576439747122426E-06;0,0011601840163691344;2,278881698422308E-06;3,710130865009193E-05;7,012189141199076E-11;
47;4,394328999373601E-05;1,269628238710329E-06;1,9755491206133394E-06;0,005590014352130319;5,209584983251954E-11;
48;1,3932635283437202E-05;3,2694390225183595E-06;3,088897230450135E-05;0,008540576778775814;9,223455685122054E-11;
49;4,791740712948005E-07;3,295290726674737E-06;2,338385949452802E-06;0,2622468987998878;4,824915624260481E-11;
50;2,0085013873323287E-06;1,1173715098767267E-06;4,777921387672149E-06;0,04482615236094445;9,486197056598467E-10;



Execution Time: 409.453 s
