




============================================================================
O que irá executar a seguir: executar_algoritmos
============================================================================













============================================================================
Função: griewangk
============================================================================
parameter;AGEO1;AGEO2;AGEO3;AGEO4;
meanNFE;100100;100100;100100;100100;
meanFX;2,9992103719947694;0,09122851076169443;4,4021526643916085;0,13032085315829264;
melhorFX;1,150216897878324;0,0019659232418319794;0,0019659232418319794;0,0019659232418319794;
piorFX;8,609720874743328;0,38882229506380017;76,6844316270986;0,33889968088406897;
medianFX;2,5343766884788783;0,09101312423717878;0,14711898170386928;0,12393074041271746;
sdFX;1,769245269150085;0,07159362079043065;16,900347188962485;0,08816396303603016;
==========================================================
===> f(x) médio para cada NFE:
NFE;AGEO1;AGEO2;AGEO3;AGEO4;
5;267,4325134520939;267,4325134520939;267,4325134520939;267,4325134520939;
50;229,5030987396015;229,5030987396015;229,5030987396015;229,5030987396015;
100;220,78735258509784;220,78735258509784;220,78735258509784;220,78735258509784;
500;187,7327393806928;166,9719681053496;200,2238104046365;113,64426805917948;
1000;150,70033639243667;56,56964018411932;141,92913611040603;35,76147754028125;
1500;130,1235104678952;19,932315931809917;68,47156932709404;13,936004222959031;
2000;117,28897999129498;7,678313356908472;23,60310375528016;5,257925156410421;
2500;96,4075784945636;3,6213526528934143;9,720368684488413;2,8049088769812967;
3000;83,36912444171887;1,8073265340575535;4,028645815033586;1,6700307457291261;
3500;71,92117163046107;1,3074988612819767;2,225124064985167;1,2337590584193383;
4000;70,42859546942456;1,077721051350649;1,4792758636773637;1,0641076056082162;
4500;59,193280512039124;0,9493718262950804;1,1816408682272612;0,9555004835088485;
5000;52,11917029903559;0,7892178254813014;1,0662987558464616;0,7297029943793109;
6000;41,487838282022764;0,5234287118328881;0,8796701186984847;0,5007719505680133;
7000;33,565635603379036;0,3984458203715684;0,5966884848838792;0,42051699870526305;
8000;25,70746323427182;0,3983261449129971;0,5070380690275047;0,400103289128681;
9000;25,21688203777788;0,39502619689016955;0,47390611555391815;0,3902232414573764;
10000;20,265292028490528;0,39170427702698624;0,4569125883692683;0,3840943418331682;
12000;19,340769370600903;0,37302813230399984;0,41063095835189833;0,36270747015559185;
14000;13,058752556883157;0,32485863152840944;0,41063095835189833;0,3519135754061252;
16000;12,693430322901982;0,24769088230946917;0,4099461179699602;0,34071421177742706;
18000;9,942602458412685;0,24370977798952742;0,38723578160853556;0,30854237793934886;
20000;9,408678796721931;0,23696114592549938;0,38723578160853556;0,2991443980393151;
25000;8,457780098572819;0,19021169340978494;0,3652906112074769;0,2777913685029779;
30000;6,887921406254508;0,18037030186490727;0,34482855093580916;0,24198123717896342;
35000;5,52279531609059;0,1654592857614176;0,339113457469035;0,23072017042337262;
40000;4,8543689809732715;0,15771642845536826;0,25579891754383804;0,19436654119278146;
45000;4,642804915464941;0,15771642845536826;0,22937826691292568;0,17288711116730848;
50000;4,468653593712604;0,1495553511820657;0,2140560015780849;0,1674706602868054;
55000;4,442082515448454;0,12073298182620368;0,2030855534268865;0,15912470342860846;
60000;4,232545761135137;0,11267151525520303;0,18634422253778526;0,15409564103745182;
65000;4,1700242701144905;0,11049134828525686;0,18634422253778526;0,15409564103745182;
70000;4,045760175122369;0,11049134828525686;0,1742928408730861;0,14424649780451265;
75000;3,3874917728967073;0,10057549349338546;0,17040396443157696;0,1398668370726051;
80000;3,3874917728967073;0,10057549349338546;0,17040396443157696;0,13702622893003247;
85000;3,0169356404778522;0,09948633463211648;0,15738470336614524;0,1321708615811122;
90000;2,6868585797094404;0,09487118948248685;0,15738470336614524;0,1321708615811122;
95000;2,6868585797094404;0,09307681325129957;0,14478283083752352;0,12066458220482662;
100000;2,533944302509905;0,09032110672166466;0,14478283083752352;0,11768864922150374;

==========================================================
===> Melhores f(x) para cada execução:
execucao;AGEO1;AGEO2;AGEO3;AGEO4;
1;3,2968424703039303;0,1470135995388061;0,11389647248011603;0,2505869785750764;
2;4,441356864462908;0,1476188396770084;0,21221599476378128;0,1300937301741396;
3;2,7073090078054065;0,06556653799921874;0,1676504250284212;0,24643949630043338;
4;6,392629621285278;0,050876432723063525;0,10298739507811883;0,16479489342848908;
5;2,74341230289567;0,38882229506380017;0,327942836521124;0,29637617392584936;
6;2,379150736857766;0,04507181881145095;0,34813868244558455;0,025609808842612658;
7;1,9731714876770319;0,04875589257616253;0,11431133102958468;0,21679497800107284;
8;3,1328937392949032;0,10024341453643804;0,3681313588722077;0,20193529995767756;
9;1,4705902855523547;0,07178242878867869;76,6844316270986;0,17837062560349093;
10;1,4744734915109206;0,0019659232418319794;0,12393074041271746;0,07848315286464436;
11;5,695255824854315;0,0019659232418319794;0,19726026716413103;0,30155549985324115;
12;1,6099346516369641;0,12145010309068671;0,11451164161731087;0,17301327509683895;
13;2,5343766884788783;0,1613758306737988;0,14711898170386928;0,03864567744124969;
14;1,4532203656919298;0,1788698962799441;0,2411793868758797;0,12393074041271746;
15;4,24740769927563;0,10428755138285706;0,3763032045489808;0,1059329415968363;
16;4,948052293119174;0,05605925227249853;0,1118363761795016;0,10223297769453576;
17;5,798114202389223;0,1095361385402237;0,33389699386215943;0,33889968088406897;
18;2,8200446104637695;0,19397784081300773;0,32621129922695413;0,1502304165763202;
19;1,8472982437228973;0,11434021596047739;0,08592150062554416;0,04777525487075973;
20;1,7633650070081457;0,07286243417664473;0,14094341929422105;0,0704810193437242;
21;2,6303048565232103;0,008734251670899917;70,37369401993175;0,0660101499514002;
22;2,4751964920032274;0,09872925472779492;0,5188927346169396;0,150918021178168;
23;1,711947566647055;0,008734251670899917;0,0531270391976264;0,09091438461922019;
24;3,2068796878630486;0,048857804723069775;0,11389647248011603;0,07506979064013186;
25;4,483396851789988;0,11072232941954807;0,018759862226906843;0,02124806582966643;
26;2,0052150945922333;0,08502276741315284;0,07061085203317341;0,026265088283723204;
27;2,5335119165409314;0,11144655803029002;64,25821908334615;0,17276094723777802;
28;2,584917447675802;0,0019659232418319794;0,07792537246347997;0,0019659232418319794;
29;1,754268120053458;0,11144655803029002;0,08112223107099503;0,01033133341898973;
30;2,7637133326885537;0,059676779257114676;0,21920116346652785;0,13578987882735982;
31;1,8341881537271172;0,008734251670899917;0,2762836236104238;0,1351965941488965;
32;4,45391033563522;0,01033133341898973;0,20891083968964197;0,09721793443839566;
33;8,609720874743328;0,08412626586014837;0,33522892385278547;0,12988260637936322;
34;4,507481992967866;0,1580613963923969;0,09120827289577249;0,11144655803029002;
35;1,572338778941089;0,09101312423717878;0,4037182700367403;0,08771066740065325;
36;1,3894547729382392;0,0019659232418319794;0,2395553703593235;0,008734251670899917;
37;2,106218876729037;0,24385640952987742;0,11144655803029002;0,2505109261730065;
38;1,5642480089055621;0,12994573724754488;0,14244667997117777;0,05822642547679435;
39;3,9691556330104003;0,09825234403634764;0,2106953294391869;0,20328638940619892;
40;1,3429235376088222;0,008734251670899917;0,24848999699313845;0,18778158343173956;
41;1,3786168295535337;0,10477162864174483;0,4953694448786159;0,33837879470225707;
42;3,8069074908916596;0,17540986809022618;0,0019659232418319794;0,07514220881526124;
43;1,4924023381458735;0,09514050226542037;0,13401709617627433;0,13424799298808476;
44;1,247048182518803;0,08962908920615054;0,12545765289956334;0,24355083116295362;
45;1,150216897878324;0,06674861882927652;0,13471512063015723;0,07519793245912498;
46;5,661847096932933;0,102421732258976;0,09312872700240082;0,06537166099391722;
47;1,829350967840185;0,1493421794068871;0,11361985035597622;0,08350890303128655;
48;2,9009775416608012;0,024200954484756676;0,1754281779114395;0,07304789595579575;
49;1,9505845105513984;0,0889951567800149;0,11389647248011603;0,1621803733358328;
50;8,314674817893623;0,0019659232418319794;0,027782123463103048;0,0019659232418319794;











============================================================================
Função: rastringin
============================================================================
parameter;AGEO1;AGEO2;AGEO3;AGEO4;
meanNFE;100160;100160;100160;100160;
meanFX;42,88268441577949;16,257238314451726;24,625439222960566;16,655214863198367;
melhorFX;26,906175361602614;5,014842246629328;7,01426041596018;7,046894387785144;
piorFX;67,3397370998332;27,217566840379916;151,14968817096548;27,319820453856444;
medianFX;41,02198441735257;15,994859838579544;20,14531254684283;17,924029508564793;
sdFX;9,456229340750925;5,436608238205094;24,476310177411236;5,049871700155521;
==========================================================
===> f(x) médio para cada NFE:
NFE;AGEO1;AGEO2;AGEO3;AGEO4;
5;225,2843464149144;225,2843464149144;225,2843464149144;225,2843464149144;
50;217,55710459997027;217,55710459997027;217,55710459997027;217,55710459997027;
100;213,3458422352838;213,3458422352838;213,3458422352838;213,3458422352838;
500;204,11355885511074;204,11355885511074;207,97446854216625;194,93075737597502;
1000;195,6090603618229;193,4071541916498;197,68786171163174;166,45772712281277;
1500;191,66312072358;165,65058656502183;189,9516955552338;145,50332012970023;
2000;186,2851112699737;135,38302787786637;170,10358923903965;119,85039406618064;
2500;179,53164969714953;118,16077891068394;167,66189951234531;103,90876337745289;
3000;174,80114231101447;97,73394079501915;133,16169932830437;87,85583199614987;
3500;171,78612333929954;88,72514183155563;118,8562289179606;79,37599150705756;
4000;166,8352042803122;74,5009831056828;101,0956770066073;66,60414817582634;
4500;162,85167319365598;65,01651606372599;91,95504312190401;59,76757747331119;
5000;160,33528473654394;58,04843848768094;79,1643378806697;54,34111232911961;
6000;154,6741588855069;47,31561844547919;59,662115880572046;43,81626862094714;
7000;147,0897902255462;39,566244676301444;48,005307151005425;36,41942218248628;
8000;141,79929424336623;33,05410044713235;40,40274512537077;31,53273956197907;
9000;139,31652661447447;27,999858166516894;34,45479521429829;26,572671585604343;
10000;136,3527319268549;25,448014638260698;29,92873781782687;24,083120178265663;
12000;121,999471171959;22,263036590927292;24,95152688622222;21,2385698063325;
14000;110,92894532288761;20,90384044715088;22,427106293023506;20,057005343090555;
16000;105,89742363402652;20,486553589376296;21,709846668750256;19,509602165878675;
18000;99,59811485757308;20,352087263797422;21,210323408909446;19,23731944473615;
20000;89,23896004054771;20,288657794450465;20,697923488677066;19,175689895917994;
25000;80,62774024735364;20,22476068456037;20,160153922681886;19,10078385710213;
30000;74,14356785185939;20,20830102009137;20,148107605579288;19,08970676792345;
35000;64,92460692534219;20,204468156110455;20,147136787969842;19,088542455846333;
40000;59,20123305965228;20,204222582452033;20,147109740050443;19,088506173713775;
45000;57,38103820846793;19,800750203819213;20,141964904694184;19,057201760138195;
50000;54,07692156590951;19,188531958470175;20,141889379943088;18,67461546609816;
55000;51,900865026399046;18,07297705903264;20,141889379943088;18,171850370853768;
60000;49,08314978637824;18,07297705903264;20,141889379943088;18,171850370853768;
65000;48,050750355152246;17,960169059444894;20,141889379943088;18,025211060480892;
70000;46,05956415945677;16,177601770608423;20,141889379943088;18,025211060480892;
75000;44,59322206405564;16,177601770608423;20,141889379943088;17,9250444276621;
80000;43,28642607627694;16,10608715884644;20,141889379943088;17,9250444276621;
85000;42,2076078219867;15,989573365123363;20,141889379943088;17,9250444276621;
90000;41,877855567821854;15,989573365123363;20,141889379943088;17,662240744930077;
95000;41,877855567821854;15,989573365123363;20,141889379943088;17,662240744930077;
100000;40,98342407999323;15,989573365123363;20,141889379943088;17,53043869821485;

==========================================================
===> Melhores f(x) para cada execução:
execucao;AGEO1;AGEO2;AGEO3;AGEO4;
1;40,54363999717873;18,166150907742534;22,230568780690966;13,16366407132287;
2;33,327655197172675;19,18885922841462;24,197376908106172;20,172940420708642;
3;26,906175361602614;16,09795995459867;20,049794738493127;20,049794738493127;
4;39,111814841259815;12,974669639768578;28,956312836900665;14,022640588630367;
5;41,02198441735257;20,10961425835888;23,19828716504415;21,236000261694464;
6;52,305499428291775;15,994859838579544;20,14531254684283;15,882093385036661;
7;60,32615315738001;21,558203990906314;28,09714373849473;17,924029508564793;
8;30,32318976518241;11,105332860989975;9,047186288105479;14,163148148995631;
9;46,33362730983353;17,833060191678776;15,912779108675544;17,976092022293173;
10;37,85950943435121;12,056785533943156;13,040866726237184;10,031791145785789;
11;50,04621514125616;22,99645201565489;26,13005512339361;19,030411881089847;
12;59,220466142081676;12,057469175000115;17,13123086843229;20,204885298992522;
13;46,525163045237015;15,104155442842199;19,179402502126905;17,13684788786491;
14;36,31613357548093;6,98370748156794;15,833818687669066;9,933318842012042;
15;42,70390056265375;25,063638874666992;28,105348426943355;20,020720315066384;
16;42,06794070333621;16,425575093328035;19,06701090735956;17,92605934675941;
17;58,67709046033217;27,217566840379916;28,14463873062637;24,094695184778047;
18;37,85974199245504;22,964492066540224;23,80864624626556;17,957559657105342;
19;47,42869412665691;8,966575353668283;16,105031464406615;10,063027721234988;
20;40,68073466721893;14,972817793484339;21,89225304859545;11,072685132355524;
21;36,007192839106125;14,941426323655499;17,129238961246628;8,698696775132973;
22;36,04775940859448;16,94009775816629;25,981743075209828;16,273929528054666;
23;51,86368475733375;24,478378283456564;151,14968817096548;27,179225799136624;
24;38,00080791572907;22,22991737386868;22,083847091159967;27,319820453856444;
25;40,944863742633885;12,947005521163213;11,04645750670673;10,029756099397233;
26;39,76093950104705;20,877448401945628;30,883500666570782;21,87765925987825;
27;50,64468622666237;19,155867019358176;29,23976603262842;22,173313066554243;
28;46,03522935803342;14,056222180699194;20,15575326705754;19,17161438515891;
29;35,19502900712951;14,990179788019248;15,146884860867665;16,08203340383365;
30;52,696541345275776;13,592549957467916;17,92658301214569;10,056659061777616;
31;31,93610707714285;10,950893707312865;11,016132268569365;7,99908214532357;
32;51,39581903628063;6,047676903287105;9,98356420508631;8,918081819794082;
33;35,47036106414849;12,006976639815946;20,138466213043344;15,940459879929776;
34;49,319979834246595;22,229176836799333;24,047058774400476;19,155701591203382;
35;42,22736703552896;15,984286891667182;19,18751872805126;22,229228280327618;
36;67,3397370998332;19,18815637806405;19,064503462206105;15,163068483844235;
37;28,93168087983098;10,056242283644053;23,277888322730476;11,105332860989975;
38;56,76964328320214;15,163771334194806;18,08107992926479;25,088068158043335;
39;34,90552047231145;22,1723962767583;24,230727487091187;23,247297701619452;
40;35,08459198375594;11,04008884724935;19,063872511315438;14,115302291148815;
41;29,151597755728634;5,014842246629328;7,01426041596018;7,046894387785144;
42;39,24337614229873;13,108254887226295;21,054804669408853;14,104925862105127;
43;44,707807547764396;23,092012603569998;127,82764613575833;20,01906102336033;
44;40,5361103759216;25,108317252664733;23,85899439407082;19,080003650834463;
45;31,80962852531455;21,099063048515383;24,45734180247534;16,050877573909723;
46;58,12915412019663;21,155615912301535;19,081157975004466;19,188910671942892;
47;51,97517669141787;13,131030099497899;20,60937752582653;13,105491567390182;
48;27,690572320312867;7,041242335487823;7,073187213771703;13,006755725671638;
49;42,18784860844444;10,983484539934913;15,992135413546592;19,001715450090664;
50;48,54007750743369;16,24134754805121;15,195716212478686;18,269370643038926;











============================================================================
Função: rosenbrock
============================================================================
parameter;AGEO1;AGEO2;AGEO3;AGEO4;
meanNFE;100022;100022;100022;100022;
meanFX;0,00016353662329926386;3,9334194274884564E-05;0,0003734829378783629;2,8296257376813575E-05;
melhorFX;1,6529512633522721E-06;1,6529512633522721E-06;5,054029490123827E-06;1,6529512633522721E-06;
piorFX;0,0025887567020777143;0,0001646998910453348;0,002110155765462965;0,00014099746201605884;
medianFX;7,608845898601621E-05;2,0303968399015835E-05;0,0001646998910453348;1,8273875128587248E-05;
sdFX;0,00038789230508812824;4,5709338070710646E-05;0,0005011474029061628;3,198301043622118E-05;
==========================================================
===> f(x) médio para cada NFE:
NFE;AGEO1;AGEO2;AGEO3;AGEO4;
5;20,705375290265767;20,705375290265767;20,705375290265767;20,705375290265767;
50;6,373746006671354;2,9595367493936333;4,255499803128977;5,462466300586488;
100;1,928270966900889;1,3316552606566852;1,7337426477672724;1,1554766557823144;
500;0,47980467593280646;0,5500097027363494;0,780346020298301;0,2179816186374468;
1000;0,08964382542149281;0,21024407269132633;0,2518480966565118;0,10141647480111088;
1500;0,047517065251631255;0,06546241079040829;0,07813560108791362;0,08097254039503032;
2000;0,02500419123126501;0,05814738343051326;0,06554955406725477;0,02911360197730939;
2500;0,021209767668567716;0,05703651427405197;0,05086040814858568;0,02072670989083153;
3000;0,014818781665955762;0,031009213736548014;0,04205414411889667;0,014188827296226437;
3500;0,008694230332251572;0,018431104815385867;0,031817641773249715;0,01076934262578593;
4000;0,008694230332251572;0,016072841896405312;0,025079791949695292;0,006319508943430245;
4500;0,0061136783933709825;0,010963924409100535;0,01804142913740163;0,005482513692317373;
5000;0,005690516043644707;0,00777170412120575;0,014809116128001846;0,0037142897573439514;
6000;0,00421636949406578;0,004248376010779108;0,013003015824074784;0,0015124437881286928;
7000;0,003765826540466568;0,001968616969079149;0,010374667881892147;0,0007376883642497994;
8000;0,003765826540466568;0,001968616969079149;0,006092972011902918;0,0002538041701701972;
9000;0,003041775870876429;0,0014381745628095819;0,004845477468414608;0,00017190750398167603;
10000;0,003041775870876429;0,0007650751540895876;0,0034137738773757165;0,00015893434769757929;
12000;0,0009820188074652707;0,00025891023646130193;0,003148132429397571;0,0001531688043498238;
14000;0,0008064280180263156;0,0001813795586986806;0,0019158312222632352;0,0001531688043498238;
16000;0,0006077281992697098;0,0001646998910453348;0,0012853734015626024;0,00013040814230891995;
18000;0,000590851620322558;0,0001646998910453348;0,0012853734015626024;0,00012432247114203747;
20000;0,0005083098978443024;0,00015016408805321803;0,0007987129803999559;0,00010515586287045179;
25000;0,00037316137777174016;0,00012193371866393808;0,0006386684220962822;6,646211204800484E-05;
30000;0,00022357127253832366;0,00011167049477550024;0,0005087641276985716;6,444090813058313E-05;
35000;0,0001592111615068226;9,26261790708467E-05;0,00039928028607658355;5,023147654467162E-05;
40000;0,00015603383453267336;7,529816632213869E-05;0,00036789797421829095;4,641655188926527E-05;
45000;0,00015603383453267336;6,444090813058313E-05;0,0002943538810453024;3,046764683522008E-05;
50000;0,00015016408805321803;4,3994843714080615E-05;0,0002680990797474127;2,143081621899262E-05;
55000;0,000137842607306249;4,194075909138983E-05;0,0002446153268840864;2,0303968399015835E-05;
60000;0,00012644675233659694;3,9876757093098164E-05;0,00020254841640175762;2,0303968399015835E-05;
65000;9,366024255993787E-05;3,687032776738285E-05;0,00020254841640175762;2,0303968399015835E-05;
70000;8,955234403094026E-05;3,3985514031712365E-05;0,0001764869807875438;2,0303968399015835E-05;
75000;8,955234403094026E-05;2,8718341196909368E-05;0,00016528665876947967;1,928892176380154E-05;
80000;8,835369686627427E-05;2,8718341196909368E-05;0,00016528665876947967;1,928892176380154E-05;
85000;8,835369686627427E-05;2,4828680233688943E-05;0,00016528665876947967;1,8273875128587248E-05;
90000;8,167804224458949E-05;2,0303968399015835E-05;0,00016528665876947967;1,8273875128587248E-05;
95000;8,167804224458949E-05;2,0303968399015835E-05;0,0001646998910453348;1,8273875128587248E-05;
100000;7,541694094385048E-05;1,9509649483353694E-05;0,0001646998910453348;1,727310296870787E-05;

==========================================================
===> Melhores f(x) para cada execução:
execucao;AGEO1;AGEO2;AGEO3;AGEO4;
1;0,0001928978141669307;1,8273875128587248E-05;0,00015450290858441007;6,052344200316405E-06;
2;7,474542290168473E-05;1,2732530238028651E-05;0,0001646998910453348;0,0001076474802680161;
3;0,0025887567020777143;1,6529512633522721E-06;1,2732530238028651E-05;5,1414622596705615E-05;
4;0,00026612340255253097;1,6529512633522721E-06;1,3995789577468062E-05;2,021315536048899E-06;
5;1,6529512633522721E-06;1,8715330567691556E-05;0,00041965454034162506;6,052344200316405E-06;
6;0,00014099746201605884;0,00011824021326259513;7,124241620630472E-06;1,6529512633522721E-06;
7;6,646211204800484E-05;4,220673460361349E-06;0,0008513957894621302;3,4722062112888553E-06;
8;0,00012935576109500885;0,00012386272490909803;0,0001531688043498238;7,124241620630472E-06;
9;0,00015889886471552288;9,154810992615023E-05;0,00012755903125557437;2,0303968399015835E-05;
10;8,372710973122832E-06;3,260800216012979E-05;5,257468600565964E-05;6,052344200316405E-06;
11;6,646211204800484E-05;0,00013020518941163402;0,00016587342649362452;4,137588455472557E-05;
12;8,966491983249475E-05;3,8377629631470756E-05;0,0001531688043498238;1,6529512633522721E-06;
13;0,0001471593717566123;1,7719288467843232E-06;0,00018710053508146307;2,8771350992162275E-06;
14;8,372710973122832E-06;5,868596679077014E-05;5,054029490123827E-06;7,897503890225352E-05;
15;5,1414622596705615E-05;6,052344200316405E-06;0,002037025840861089;1,8273875128587248E-05;
16;9,284374989772182E-05;2,0303968399015835E-05;0,0012393138164439475;3,260800216012979E-05;
17;0,0011558161447352711;9,68347953482746E-06;0,0006705199806296261;6,646211204800484E-05;
18;0,0001595234582981223;0,0001531688043498238;0,0002516970703700729;6,24197042131614E-05;
19;2,2718672504251656E-05;2,8771350992162275E-06;0,0001646998910453348;6,24197042131614E-05;
20;8,372710973122832E-06;3,536302590329494E-05;0,00023753358339809996;4,7888267083683586E-05;
21;0,0001646998910453348;1,8273875128587248E-05;4,250563362805409E-05;1,6529512633522721E-06;
22;0,00020016125150534582;4,7888267083683586E-05;0,0010531870689036633;3,945351130221012E-05;
23;1,3864600491273174E-05;8,372710973122832E-06;7,623185957499665E-05;1,8273875128587248E-05;
24;8,726762550316275E-05;2,4828680233688943E-05;0,00022020777495014305;1,4482537600036451E-05;
25;8,372710973122832E-06;2,378284925332508E-06;0,00016587342649362452;3,8377629631470756E-05;
26;0,00012562722406528104;8,528086807543464E-05;0,0003376603839347364;1,6529512633522721E-06;
27;0,0002915157972509805;0,0001076474802680161;6,052344200316405E-06;6,24197042131614E-05;
28;1,2732530238028651E-05;8,372710973122832E-06;6,125043136550164E-05;1,7719288467843232E-06;
29;6,0256301069729945E-05;2,021315536048899E-06;0,00012393174849040613;2,021315536048899E-06;
30;4,340156709969729E-05;1,7719288467843232E-06;0,0004004250076513216;2,25576640389694E-05;
31;0,00015408086160079447;6,24197042131614E-05;0,00026612340255253097;6,646211204800484E-05;
32;6,646211204800484E-05;6,052344200316405E-06;0,0001531688043498238;1,6529512633522721E-06;
33;1,7719288467843232E-06;2,0303968399015835E-05;0,0005942575304785028;7,918313194727006E-05;
34;4,436356099576307E-05;1,6529512633522721E-06;7,696267528896706E-05;2,021315536048899E-06;
35;6,971583911862228E-05;3,945351130221012E-05;0,0009428696971840562;5,490216108160771E-05;
36;7,608845898601621E-05;2,021315536048899E-06;0,0012305170675827998;5,257468600565964E-05;
37;2,4828680233688943E-05;9,68347953482746E-06;0,0001471593717566123;2,378284925332508E-06;
38;0,0001596031393706542;0,00011824021326259513;0,002110155765462965;1,6529512633522721E-06;
39;0,0001438891520800295;1,6529512633522721E-06;0,00021799629772205215;1,8273875128587248E-05;
40;0,0001531688043498238;2,021315536048899E-06;0,00028106266706270363;6,646211204800484E-05;
41;4,494483669484696E-05;5,868596679077014E-05;0,00010890298969481058;3,945351130221012E-05;
42;2,7335218351617432E-05;2,0303968399015835E-05;0,0001531688043498238;1,7719288467843232E-06;
43;0,00019248509366334913;0,0001646998910453348;1,3864600491273174E-05;9,68347953482746E-06;
44;0,00013468775259643914;9,154810992615023E-05;1,3864600491273174E-05;2,0303968399015835E-05;
45;2,9847853611251183E-05;9,370424821554318E-05;0,00012562722406528104;1,6529512633522721E-06;
46;1,3995789577468062E-05;2,0303968399015835E-05;0,00038889500740282607;2,8771350992162275E-06;
47;0,00024009882556091862;3,4722062112888553E-06;4,250563362805409E-05;0,00014099746201605884;
48;8,943976822938578E-05;4,250563362805409E-05;0,001550965577750226;1,7719288467843232E-06;
49;1,3864600491273174E-05;1,8273875128587248E-05;0,00010510077628840534;1,6272330808828494E-05;
50;5,7647711889143424E-05;2,8771350992162275E-06;0,0005942575304785028;5,054029490123827E-06;











============================================================================
Função: schwefel
============================================================================
parameter;AGEO1;AGEO2;AGEO3;AGEO4;
meanNFE;100000;100000;100000;100000;
meanFX;768,0970070257155;485,2709697465071;844,5523702050446;547,4324479476643;
melhorFX;311,4395131272486;153,16285303313498;298,38213278229796;187,13439020024907;
piorFX;1235,892467581691;852,7611997504237;1326,4496098351715;962,9089815200232;
medianFX;770,368048331703;500,4417564103351;862,8125489924723;540,0868041404206;
sdFX;216,55804095708208;172,96991026094722;234,51163297282045;178,41118966075126;
==========================================================
===> f(x) médio para cada NFE:
NFE;AGEO1;AGEO2;AGEO3;AGEO4;
5;4003,677483470856;4003,677483470856;4032,052172789882;4032,052172789882;
50;3849,933606718755;3849,933606718755;3849,933606718755;3849,933606718755;
100;3757,5161324258283;3757,5161324258283;3757,5161324258283;3757,5161324258283;
500;3472,3371039730428;3249,22327936904;3583,2638790339615;3052,336735186527;
1000;3302,381050049592;2503,015766241747;3162,6211697988683;2183,944898986943;
1500;3147,8581484435126;1878,2644354911904;2698,4616208368434;1731,8389967944508;
2000;3033,623543006486;1548,1739836238246;2250,983801903355;1402,1856871489522;
2500;2842,650915818156;1255,686862392434;1993,8098759044203;1159,2656684514996;
3000;2754,2192284889006;1101,4066887030633;1676,9709994624832;1049,1161071056672;
3500;2654,584459976265;1029,598766537494;1448,5921719311518;996,2182730988068;
4000;2597,343208140649;990,4104636508343;1341,3551721414144;928,0291198601606;
4500;2484,58057566536;963,1642888584738;1308,4463957713322;910,8440059166228;
5000;2345,8720127016677;939,0867411428057;1239,0062153415467;903,3669709857816;
6000;2186,7614749471054;891,4935975059232;1167,0897217624376;878,7046856546779;
7000;2064,766457040162;873,0155424482184;1104,675600330041;872,6622068895592;
8000;2013,0030054322917;866,7629246726904;1104,26216776178;868,776634757404;
9000;1893,1098672094413;865,2822476933177;1068,2002703128753;868,0397985578495;
10000;1812,6174270728022;864,8265617732886;1058,9437771071744;857,5136203563084;
12000;1748,4938442405328;855,302230237374;999,657361348136;853,0150482464842;
14000;1634,1452815538096;842,0957609026646;975,6154188297246;839,4098973036021;
16000;1565,6593057376206;824,5676936573075;975,6154188297246;824,4370823163126;
18000;1507,4359212580937;792,3520954239518;937,5688465232117;813,5107138087478;
20000;1481,5586448070358;774,0798901796504;917,2701197467175;813,5107138087478;
25000;1294,3509413681684;764,3464271923526;902,9202094191012;785,7680534104713;
30000;1175,8449789030703;749,6354054850224;894,0651838435704;774,5718433985917;
35000;1131,738762905676;726,854470876181;893,6936543126269;750,784372187285;
40000;1073,5235673031352;715,0143276377446;893,6936543126269;699,6853798487612;
45000;1065,5791815584814;648,429810550462;893,095546517374;698,4194587461386;
50000;1002,8080676807779;629,5362053276597;863,5098447077821;636,9429805375216;
55000;960,4675867710778;564,7048915636024;863,3781349812966;623,984241241229;
60000;931,5316541165203;554,0027972382063;863,3781349812966;623,1464698028713;
65000;884,5474631102365;543,6878342509417;863,3781349812966;593,9837825639277;
70000;863,752488991129;540,0809451346515;863,3781349812966;593,9837825639277;
75000;849,9314719588717;523,3499352134511;849,4174388929582;592,5851664282156;
80000;831,5774932361774;519,0561395063717;849,4174388929582;589,3582549250345;
85000;808,8635055672537;519,0561395063717;849,4174388929582;549,7481268961792;
90000;808,8635055672537;511,7019553771729;849,4174388929582;546,0084691634015;
95000;792,0553261560206;511,7019553771729;849,4174388929582;539,9743218249973;
100000;762,5179727288344;499,7635310310318;849,4174388929582;531,2529286379543;

==========================================================
===> Melhores f(x) para cada execução:
execucao;AGEO1;AGEO2;AGEO3;AGEO4;
1;1065,613792489965;436,83716165884016;979,0514365103281;591,2351314451871;
2;1121,5962015653881;633,1905790034921;721,2606809698273;740,3475039630066;
3;634,8853195962447;500,4417564103351;862,8125489924723;337,28061026051773;
4;811,2943047779909;568,4853930912286;707,98436358664;510,7789169186776;
5;784,4403667236334;384,3201625066067;1326,4496098351715;336,92267901565947;
6;311,4395131272486;422,1292822469668;756,4924896041398;520,7739271112264;
7;871,898715210174;221,92204274634696;721,2552678505908;592,3064785456031;
8;531,5222022869702;153,16285303313498;1216,792975868952;399,655503175034;
9;779,3073916919034;408,6384394661236;1158,0486038259587;820,948604520509;
10;960,053479071873;617,765997004677;993,3546390213969;431,8780055569696;
11;602,7197922614578;386,77893265243756;836,0223287934441;478,21965824012796;
12;995,8793873895029;499,0853056517285;966,6374817828155;505,57471134829893;
13;887,3811300468169;191,5885387551698;863,9437209701209;379,47357964977255;
14;474,3847851521782;653,4410217848858;1264,4467914650713;587,229484109087;
15;553,7197643041413;200,06674919983016;795,1850011243491;391,55419357466053;
16;639,2774473182812;831,8873165358982;1289,7656795755615;770,5148342810626;
17;620,4917438863686;372,27410703541864;545,5903992430985;465,5044902242789;
18;681,2077867556686;713,256519768966;890,7333917702263;632,2496457181778;
19;1120,7642859317834;309,9852246887167;380,7498096130262;651,4992404137538;
20;724,0172492057;272,19660298595863;744,6678154911588;641,1494269480172;
21;552,4674218806758;626,122570606009;892,808813584355;540,0868041404206;
22;881,7137961736562;330,9042313899413;683,5228576778454;187,13439020024907;
23;770,368048331703;345,286966727087;790,8661151834704;283,2623218215863;
24;754,6678971259657;588,0542009176879;893,3822794503931;787,5742624052423;
25;555,5427312817901;429,7174431526728;638,8939696856087;459,9360347335405;
26;350,0537001148323;283,9979608818917;894,0050291748607;522,419053135488;
27;1139,3297355584832;539,8674262078562;892,4876845900385;786,5543961870612;
28;532,5458331699474;658,9054330313329;816,2352116878919;559,2002443253687;
29;520,1695269750921;406,4619943332009;453,2705858420495;506,8235374241626;
30;644,6455058430015;425,5871787459055;615,3217808544732;410,42533393148415;
31;849,8461060809691;554,0230915134239;755,0679823587179;962,9089815200232;
32;519,5191884347414;487,5986046706953;298,38213278229796;471,59366030217325;
33;806,4327063565165;559,0802672544414;1182,2312557998239;616,4795841137366;
34;595,3262521145962;507,0837399607349;586,7738812709372;433,2595798320017;
35;1019,2993131074645;521,7921082191324;1182,0351289209339;653,5953556387485;
36;1235,892467581691;736,3477999112233;813,2035804046827;325,8743681670735;
37;643,3400214676249;724,685965350583;656,2349642566328;839,4375917718321;
38;938,2315110724189;253,94205482040252;785,4688747119726;544,7797624898003;
39;924,8317971606216;455,71766361635446;678,7366397427782;746,4764735514955;
40;640,6755739880546;295,2237825145089;778,1755892089527;662,4178495400583;
41;716,6557446393294;237,09945588246092;505,7864345272146;368,70883600070147;
42;666,2465929968448;636,2693401700649;871,2366483390624;747,0753370117973;
43;948,6645964903864;658,0981695040132;495,0435760964406;755,7617849204162;
44;903,2746523946739;343,89405554157884;896,8059170868382;670,854852628056;
45;851,7144463443915;852,7611997504237;1094,644102633316;866,2449783657257;
46;747,8501036637472;591,1923332814272;1005,960083674875;372,76670637068673;
47;1101,714780454483;728,110224734769;1048,515067827308;426,2817857301252;
48;518,6563005247162;631,0246775791898;1067,8949862626314;271,71303117248726;
49;1064,896869744482;560,9243900359761;1036,0420931468798;259,6416990950329;
50;838,3824714195835;516,3201707936109;897,3402075745944;547,2371758370027;











============================================================================
Função: ackley
============================================================================
parameter;AGEO1;AGEO2;AGEO3;AGEO4;
meanNFE;100320;100320;100320;100320;
meanFX;15,69503219249159;0,351532177514876;0,8018142839648497;0,36026207193765636;
melhorFX;10,112981765075698;0,0018422427591282542;0,0018422427591282542;0,0018422427591282542;
piorFX;17,97846720543701;2,318138997530241;20,860134891765767;2,318138997530241;
medianFX;16,21686722584305;0,003799474734588415;0,0053349335283101595;0,003799474734588415;
sdFX;1,6440005483303717;0,6730424716417435;2,9735012785504256;0,6897987267700512;
==========================================================
===> f(x) médio para cada NFE:
NFE;AGEO1;AGEO2;AGEO3;AGEO4;
5;21,04896539175504;21,04896539175504;21,04896539175504;21,04896539175504;
50;20,971436435044097;20,971436435044097;20,971436435044097;20,971436435044097;
100;20,966105720014554;20,966105720014554;20,966105720014554;20,966105720014554;
500;20,948543230881924;20,940142870745184;20,940142870745184;20,940142870745184;
1000;20,89748947782349;20,88277600851148;20,91177429143596;20,861216495264035;
1500;20,88668652453426;20,797257120161085;20,891954818376945;20,706439131223984;
2000;20,866658921019607;20,710452565025733;20,826060583334744;20,526460597608335;
2500;20,860668476766648;20,560456910729663;20,729276331821158;20,310448653905944;
3000;20,827878868821244;20,382845356060383;20,618817606013764;20,120524497697186;
3500;20,80826817383987;20,226192830373115;20,492597928875877;19,90128118855244;
4000;20,783857015000294;19,943308637752285;20,340509494395555;19,62119645213433;
4500;20,759702938060784;19,67588400175798;20,205097814417005;19,30082337715435;
5000;20,710458894387955;19,427322476993282;20,078918135598798;19,000598953468366;
6000;20,63549585513781;18,742030972954574;19,76499820685435;18,275674301039594;
7000;20,581866455075012;18,048627238331036;19,252090373109247;17,4757777312012;
8000;20,54061492893571;17,04800512133751;18,66738649856645;16,557786131208715;
9000;20,49182138756492;16,119795497172156;17,808387463264793;15,775611425464295;
10000;20,42096938851824;15,24670318401546;16,903882509294547;14,878431610025268;
12000;20,376126789860294;13,502344498637978;15,35524192838643;13,196656822163428;
14000;20,30614535088523;12,094083772809022;13,338887464928774;11,718577905349898;
16000;20,142507846998292;10,803184933889618;12,077686300884446;10,40417499224116;
18000;20,020865625978672;9,50598957855188;10,853670208084733;9,179930221654326;
20000;19,894968159120825;8,417817748764456;9,587577147577683;8,19306882240383;
25000;19,625429918431813;6,077358858936941;6,9737308836364535;5,858097070855866;
30000;19,29037025031723;4,619987360315394;5,077636401660021;4,419970733957829;
35000;18,85614346437493;3,5400094836783165;3,863602403149404;3,4254268840251427;
40000;18,702623919791186;2,607541160160867;2,8598087339490785;2,5208304769081167;
45000;18,36690121117669;1,90801313317046;2,1414600178800267;1,8262119122046148;
50000;18,049968361903932;1,3741853059527838;1,638148062949238;1,3016304879132736;
55000;18,020221338506772;0,5478202064972297;1,3159293631868785;0,5089533479744368;
60000;17,765755025479713;0,30253709706423493;0,4725590093156171;0,2824115193025758;
65000;17,37170883391283;0,14557268380094257;0,19272013366902563;0,1478978280250054;
70000;17,1970038195017;0,07956732861483751;0,1035514004264293;0,08198393845626839;
75000;16,97477533079308;0,04467155149819746;0,06053837296933118;0,04485114506698906;
80000;16,83122251823803;0,027782502444885893;0,036355068283972614;0,026609495068292688;
85000;16,68585367503804;0,016214618019688487;0,022750992661455527;0,01533761098255404;
90000;16,504783090422556;0,009638470230068918;0,014156619448764118;0,009224908330219606;
95000;16,324710853249147;0,006157365292278172;0,008648430731366119;0,00571875424787649;
100000;16,26826862903085;0,0037374448854698983;0,005334933577918477;0,003799474734588415;

==========================================================
===> Melhores f(x) para cada execução:
execucao;AGEO1;AGEO2;AGEO3;AGEO4;
1;16,68943991917785;1,5017598495066942;0,025667330440484193;0,0018422427591282542;
2;13,728367529302503;0,003919747742624935;0,00515559740743754;0,003132240873735981;
3;10,112981765075698;0,0018422427591282542;0,0036754150363513816;0,0018422427591282542;
4;15,863631676860994;0,0035471763658421196;0,0029815481581145775;0,003799474734588415;
5;13,746256683844146;0,003414293635369603;0,0036754150363513816;0,0028230650595801876;
6;16,602079592852952;1,6465307882137132;1,7780174022030373;1,7780177358667935;
7;14,787088261676377;0,0024767432856656058;0,0041502251570300075;0,0024767432856656058;
8;13,271698580982259;0,003414293635369603;1,3433349265213472;0,0028230650595801876;
9;16,216889437947568;0,0018422427591282542;0,014318522452228422;0,003414293635369603;
10;14,48909139011182;0,005245994030861567;0,004260967568406215;0,005422486240412638;
11;17,356119749472377;0,011975057407315859;1,5018342093055743;0,007422466970453456;
12;17,47525615526057;2,318138997530241;1,7795514494829163;2,318138997530241;
13;14,08729047511824;0,005063666531277988;0,0032762085009458985;0,003799474734588415;
14;15,457048753357562;1,3404337395135109;1,5017577606567016;1,3404337395135109;
15;17,113242706104817;0,0018422427591282542;0,0018422427591282542;1,3407772194615966;
16;16,12140661150323;0,002074951645681722;0,016044606542127582;0,0028230650595801876;
17;17,97846720543701;0,0035471763658421196;0,004474558729842926;0,004036568559182996;
18;16,486050514908126;0,008847791481358058;1,646488690714282;0,007422466871243927;
19;16,790630825790064;0,006233954725374247;0,006956173184761383;0,006233954725374247;
20;16,21686722584305;0,003799474734588415;0,003799474734588415;1,666773013991861;
21;12,895621808498607;0,003132240873735981;1,3407772194615966;0,0028230650595801876;
22;16,88013081390976;1,3407772194615966;1,3407772194615966;1,3407772194615966;
23;15,1753086584371;0,0028230650595801876;0,003132240873735981;0,0036754150363513816;
24;17,618252873122536;0,005841561248082883;0,007024556619008138;0,005508716994473417;
25;17,468359623283614;1,34044282026548;1,5017758425973433;1,646529629992255;
26;13,245733627323068;0,0018422427591282542;1,7780354398515925;0,0018422427591282542;
27;16,4947738045342;1,5017598495066906;0,003132240873735981;1,5017598495066906;
28;16,570896694998268;0,0035471763658421196;0,0029815481581145775;0,0032762085009458985;
29;16,31964782011413;0,0018422427591282542;20,860134891765767;0,0024767432856656058;
30;14,23574854552335;1,646298925473264;1,646298925473264;1,646298925473264;
31;16,13763955139766;0,0032762085009458985;0,0032762085009458985;0,0026554112793419904;
32;17,679457618878747;0,0036754150363513816;0,0053349335283101595;0,0036754150363513816;
33;15,44302705920758;1,64667052923771;0,005760058608160534;1,6466698312367072;
34;15,152170842087372;0,003132240873735981;1,7780170126940753;0,004777791890422378;
35;16,58592206792041;0,0018422427591282542;0,0026554112793419904;0,0018422427591282542;
36;17,3082845959722;0,003799474734588415;0,0029815481581145775;0,003799474734588415;
37;15,754049054073766;0,0028230650595801876;0,003132240873735981;0,003132240873735981;
38;15,86940761136313;1,6463866151929665;0,0029815481581145775;1,6463866151929665;
39;17,69426239559637;0,003799474734588415;0,003799474734588415;0,0035471763658421196;
40;16,67381433576933;0,0018422427591282542;0,0018422427591282542;0,0018422427591282542;
41;12,205884679789422;0,0026554112793419904;0,025470838259092687;0,0018422427591282542;
42;16,859026152425265;0,004260967568406215;0,032995659319855264;0,005593686384070651;
43;15,89118649417397;0,0018422427591282542;0,0018422427591282542;0,0018422427591282542;
44;16,329733733388874;0,004036568559182996;0,0022845021664927856;0,003799474734588415;
45;14,151318160869163;0,0018422427591282542;0,0018422427591282542;0,0032762085009458985;
46;12,764437518723806;0,003414293635369603;0,006001425053494103;0,0028230650595801876;
47;16,32307513000339;0,00856899892903229;0,029917701269248198;0,006956172490262702;
48;16,045783909072643;1,5017657701292713;0,004970117891605952;0,004577770811618365;
49;16,472879066659523;0,0048748600758408145;0,038433696983386056;0,003799474734588415;
50;15,915870316835154;0,0018422427591282542;0,0018422427591282542;0,0018422427591282542;











============================================================================
Função: beale
============================================================================
parameter;AGEO1;AGEO2;AGEO3;AGEO4;
meanNFE;100022;100022;100022;100022;
meanFX;0,0003401339965661269;0,00017049216906021906;0,0007831561463727001;0,00018708509187054083;
melhorFX;1,1426409595611963E-06;9,317427970502291E-07;4,534478882510202E-06;9,317427970502291E-07;
piorFX;0,0018074062308312108;0,001319577722444647;0,007045311308374246;0,002104028442201555;
medianFX;0,00017250068645805069;3,5762918864329115E-05;0,00037568813731209377;2,354953477044512E-05;
sdFX;0,0004287251685130134;0,00030345280093920256;0,001184115776129116;0,000423016646880456;
==========================================================
===> f(x) médio para cada NFE:
NFE;AGEO1;AGEO2;AGEO3;AGEO4;
5;15,387071856116735;15,387071856116735;15,387071856116735;15,387071856116735;
50;3,301954991127497;2,1624723668010355;2,7243415536356927;3,1788107398402086;
100;1,4542004191378735;1,0202863673017648;1,2854701337789805;1,2672216697906538;
500;0,8371482709897321;0,6577100649722235;0,6577420664430833;0,6577100649722235;
1000;0,6641342631094235;0,224576610609802;0,6577100649722235;0,6577100649722235;
1500;0,24614292806005675;0,22250900883597124;0,22657885207150144;0,49660876829436695;
2000;0,07298350090059881;0,22244364852383994;0,22244364852383994;0,22657885207150144;
2500;0,047074791879571073;0,08847772904651496;0,12442549549803535;0,22657885207150144;
3000;0,042257819263549344;0,04556278794722872;0,07214234016862205;0,11563760800497846;
3500;0,038350425336690135;0,028191493723851515;0,06476866661701733;0,09377871777575067;
4000;0,030586297661090833;0,021316426045440408;0,053315820781278;0,05449208246333617;
4500;0,020076656142668223;0,018096437880944442;0,038551497990027016;0,033199843882813364;
5000;0,015475434626454277;0,013361830281281349;0,03586237481816186;0,02567674227284479;
6000;0,011066764492464942;0,00909894593035637;0,020199860746040077;0,015367382803800431;
7000;0,010276330029155702;0,009074702289102659;0,016403121753860855;0,015367382803800431;
8000;0,009268406009929179;0,008595299228125314;0,015134092143030214;0,015295768431531992;
9000;0,006263390287087237;0,007590802121697982;0,015134092143030214;0,014897192402798392;
10000;0,005112871394633477;0,007030687790001924;0,013403643725883888;0,011995669314527904;
12000;0,0035501714070478698;0,006935232569462732;0,012089993145326737;0,009108667898933748;
14000;0,0035501714070478698;0,0014729791072032705;0,010474872816535705;0,006995716527907635;
16000;0,002525331606516519;0,001294319782186532;0,008440306743617159;0,001955717336516383;
18000;0,001819074831425144;0,001294319782186532;0,008440306743617159;0,0013069487523155896;
20000;0,0018081637864138715;0,001226045010294149;0,007396455654980365;0,001294319782186532;
25000;0,0016620388482799751;0,00040745525113804106;0,0031737454016556527;0,00043481868783465236;
30000;0,0005671020873208633;0,0003874562938047595;0,0026713329287418033;0,00038157221555842663;
35000;0,0005671020873208633;0,00037568813731209377;0,00193096544220702;0,0001855716395376469;
40000;0,00050032300881258;0,00022649930201620907;0,001779981968629971;0,00016285415454862865;
45000;0,0004516112511455142;0,0001636996691844308;0,0013180988064759752;0,0001617563368718918;
50000;0,00043639976072095055;0,00016260185150769398;0,0011312660821722882;0,0001617563368718918;
55000;0,00041105866146728005;0,0001617563368718918;0,0009470133012683037;0,0001617563368718918;
60000;0,00040068315896270247;0,0001617563368718918;0,0008542769433329556;0,0001617563368718918;
65000;0,0003451273154068577;0,0001617563368718918;0,0006653566223357717;0,00010670806629512429;
70000;0,0003451273154068577;0,00012709259175522586;0,0006653566223357717;8,152400529447325E-05;
75000;0,0002912173458247938;9,242884663855994E-05;0,0005949470032768883;5,6030999479211434E-05;
80000;0,0002161966724829862;7,406192255993544E-05;0,000531377209839475;3,697116724160845E-05;
85000;0,00020144773493387368;7,406192255993544E-05;0,0003646273375142426;2,965622681738712E-05;
90000;0,000175495052509989;5,207355675960713E-05;0,0003646273375142426;2,354953477044512E-05;
95000;0,00016328225823354376;4,780772558671729E-05;0,0003646273375142426;2,354953477044512E-05;
100000;0,00016328225823354376;3,2259200231298214E-05;0,0003646273375142426;2,354953477044512E-05;

==========================================================
===> Melhores f(x) para cada execução:
execucao;AGEO1;AGEO2;AGEO3;AGEO4;
1;0,001216510402510209;2,354953477044512E-05;0,00012098728595168865;7,475136007207091E-06;
2;0,0003874562938047595;0,001319577722444647;0,0001696649142049734;7,475136007207091E-06;
3;0,00031663019114286687;0,0008542769433329556;0,0001220889562485589;0,0001617563368718918;
4;5,5694998481310944E-05;1,698093320868849E-05;0,000531377209839475;0,002104028442201555;
5;2,2008779149405696E-05;0,0001617563368718918;0,00016395197222536547;1,1426409595611963E-06;
6;0,0008078735339379409;3,746925133348242E-05;0,0008658262540677977;0,0001617563368718918;
7;2,2008779149405696E-05;0,0001696649142049734;5,902142703587165E-06;0,00037568813731209377;
8;3,816730233234857E-05;7,475136007207091E-06;0,0017954468190069434;2,1634927710220337E-06;
9;0,0004102104540145997;0,00037568813731209377;0,0017458572662789893;0,0006884340176846872;
10;0,0003168955268190994;0,0007099845074346046;0,0001392624438345605;5,902142703587165E-06;
11;0,0005104590872365729;0,0012197766520018844;0,0003535665377163914;7,475136007207091E-06;
12;0,0009444228180645164;8,010811403840696E-06;0,0023477745500458443;2,354953477044512E-05;
13;0,0003812731582724287;0,00016395197222536547;0,0008542769433329556;0,0001617563368718918;
14;1,2844014822479987E-05;9,355554833393201E-07;0,00011631228795048268;0,00037568813731209377;
15;0,001293480874137336;5,242114918098313E-05;6,928163829161841E-06;0,00018311675334490012;
16;0,00020227219050910082;9,242884663855994E-05;5,716339294981552E-05;0,0001617563368718918;
17;0,0007113020637174171;3,5762918864329115E-05;0,0005927756083486024;9,317427970502291E-07;
18;5,4975458860313917E-05;0,0001617563368718918;0,0002508803849972968;5,902142703587165E-06;
19;0,00018693417012101445;4,388948683520344E-05;0,0013674108755986414;2,1634927710220337E-06;
20;2,315035230701467E-05;9,242884663855994E-05;5,242114918098313E-05;1,9221062211278526E-05;
21;0,00015406383000903683;2,354953477044512E-05;0,0006885604750969278;2,354953477044512E-05;
22;8,612007920593646E-05;1,8728913897592613E-05;0,0002829856468153554;0,0001617563368718918;
23;8,236177117170322E-05;2,354953477044512E-05;4,534478882510202E-06;9,242884663855994E-05;
24;0,00025950386126385544;2,1634927710220337E-06;3,5762918864329115E-05;7,475136007207091E-06;
25;3,756902460565083E-05;0,0003874562938047595;0,0006884340176846872;7,475136007207091E-06;
26;0,00012820619173851058;0,0001617563368718918;0,0011697283928478934;0,0001617563368718918;
27;0,0015850338361530216;0,0001392624438345605;0,0001617563368718918;5,902142703587165E-06;
28;0,00022019900543581274;9,317427970502291E-07;0,0011040216965831273;0,001294319782186532;
29;0,00011702771618493665;9,317427970502291E-07;0,003165415530207329;9,242884663855994E-05;
30;3,378241508701319E-05;0,00016344736614349616;0,00037568813731209377;5,902142703587165E-06;
31;0,00017250068645805069;3,5762918864329115E-05;0,00019799982267813636;0,0001617563368718918;
32;3,790299736490265E-05;9,317427970502291E-07;0,000907994373323849;1,7900643270717355E-05;
33;0,00045534482876168227;2,1634927710220337E-06;0,007045311308374246;9,317427970502291E-07;
34;1,1426409595611963E-06;6,928163829161841E-06;0,0007763244167688548;3,5762918864329115E-05;
35;0,00013388696182979628;9,317427970502291E-07;8,416134461906402E-05;0,00020211821903512136;
36;1,1939411157068087E-05;5,902142703587165E-06;0,0013314604483634436;2,1634927710220337E-06;
37;0,0003398854365352109;5,902142703587165E-06;0,0006721964479572416;8,91654272494114E-05;
38;4,30219947723692E-05;0,00037568813731209377;0,0002290245830129897;9,317427970502291E-07;
39;0,0008937352699719477;9,355554833393201E-07;0,0003874562938047595;0,0001690250600401724;
40;0,0001220889562485589;9,355554833393201E-07;0,0012052604274656602;5,902142703587165E-06;
41;0,0018074062308312108;2,8755481598267313E-05;3,5762918864329115E-05;0,0001617563368718918;
42;0,00017848941856192732;0,0001617563368718918;0,0017377225316576538;0,0018089213419965322;
43;5,7992065390098104E-05;1,698093320868849E-05;0,0008023939567817221;7,475136007207091E-06;
44;2,1634927710220337E-06;9,242884663855994E-05;9,66266915736605E-05;5,902142703587165E-06;
45;5,242114918098313E-05;5,902142703587165E-06;0,0006585167967143016;1,4143812631312847E-05;
46;0,00013601120167624646;2,354953477044512E-05;0,00014504844868392904;1,8728913897592613E-05;
47;0,0003666577406287884;1,1426409595611963E-06;0,00016395197222536547;5,902142703587165E-06;
48;0,0007820656326556231;0,0005925383923002347;2,354953477044512E-05;3,8179415618887784E-05;
49;5,155735311171338E-06;0,0006884340176846872;0,00010605420566070546;0,00013325891601918472;
50;0,0007884497969945088;7,475136007207091E-06;0,003214228005856378;0,00016395197222536547;



Mediana - Execution Time: 1638.889 s
