




============================================================================
============================================================================
O que irá executar a seguir: executar_algoritmos
============================================================================
============================================================================













============================================================================
Função: Griewangk
============================================================================
parameter;AGEO1var_1;AGEO1var_3;AGEO1var_5;AGEO1var_7;AGEO1var_9;AGEO1var_11;AGEO2var_1;AGEO2var_3;AGEO2var_5;AGEO2var_7;AGEO2var_9;AGEO2var_11;
meanNFE;100100;100100;100100;100100;100100;100100;100100;100100;100100;100100;100100;100100;
meanFX;13,385296009244197;1,731877560395607;0,5159540635752136;0,75569832241726;1,6921834058671101;1,6174214923452903;1,25828226765056;0,04366058239317002;0,007144731381022939;0,0042802566813655496;0,00707001987419202;0,00984392962952788;
FXatual;13,385296009244197;1,731877560395607;0,5159540635752136;0,75569832241726;1,6921834058671101;1,6174214923452903;1,25828226765056;0,04366058239317002;0,007144731381022939;0,0042802566813655496;0,00707001987419202;0,00984392962952788;
medianFX;12,468798280858984;1,1648199117366989;0,4916750300273174;0,5276758697777725;0,6503814224922627;0,8442981909762237;1,1830971225519658;0,04459480469863497;0,0058758748858219745;0,004638664140895754;0,004854474913819851;0,0072100140118877;
sdFX;6,701451348939512;2,7084722608670537;0,3674106559195502;1,4119128795174;3,7986176741703908;3,480249304296688;0,3296950901555402;0,02249643931880717;0,0044551521744931235;0,0016009265088252147;0,007280046555035002;0,008150056879546563;
==========================================================
===> f(x) médio para cada NFE:
NFE;AGEO1var_1;AGEO1var_3;AGEO1var_5;AGEO1var_7;AGEO1var_9;AGEO1var_11;AGEO2var_1;AGEO2var_3;AGEO2var_5;AGEO2var_7;AGEO2var_9;AGEO2var_11;
5;271,6412984175502;271,6412984175502;271,6412984175502;271,6412984175502;271,6412984175502;271,6412984175502;271,6412984175502;271,6412984175502;271,6412984175502;271,6412984175502;271,6412984175502;271,6412984175502;
50;242,2373558088633;242,2373558088633;242,2373558088633;242,2373558088633;242,2373558088633;242,2373558088633;242,2373558088633;242,2373558088633;242,2373558088633;242,2373558088633;242,2373558088633;242,2373558088633;
100;238,02932919219057;238,02932919219057;238,02932919219057;238,02932919219057;238,02932919219057;238,02932919219057;238,02932919219057;238,02932919219057;238,02932919219057;238,02932919219057;238,02932919219057;238,02932919219057;
500;90,42015762940628;14,119075642471142;19,798288396962903;13,096657445284485;14,006122714461835;21,808946073412336;96,8802539273564;48,286314955853044;48,536484958031295;52,065983103826376;55,98281076638451;41,496976853143686;
1000;65,91322166894116;2,249317172740675;8,498295908663566;0,8845981360990632;1,9442066028815623;9,402461998956129;37,43937835331374;1,221647271556482;0,8823227225042706;1,8510108873157518;1,5870250818851908;1,4172754480669487;
1500;54,231194427945624;2,249317172740675;3,59720133481774;0,756042708532873;1,7250848286560627;8,033026327993584;20,9531247792183;0,7930043399329001;0,38569481711921283;0,4245609299558497;0,4092831876469859;0,4411489032658585;
2000;47,17933777093039;2,249317172740675;3,5837551096664715;0,75569832241726;1,6923778578589086;6,713467741774398;13,665055846446988;0,7159784989165402;0,25624191242358535;0,24072184989977313;0,287823023602531;0,2865170077518553;
2500;44,337365097075846;2,249317172740675;3,5837551096664715;0,75569832241726;1,6921834058671101;6,713467741774398;11,98678310078097;0,6229497740286979;0,25624191242358535;0,2324284637695082;0,2813850010032052;0,2812717755954093;
3000;41,858850644769845;2,249317172740675;3,5837551096664715;0,75569832241726;1,6921834058671101;5,0638100882821755;10,683330698515613;0,5206841174063654;0,2484199791926199;0,2324284637695082;0,2813850010032052;0,24983584619883933;
3500;41,11862964979727;2,249317172740675;3,5837551096664715;0,75569832241726;1,6921834058671101;4,903878976930488;9,500313016725844;0,4895798156272757;0,23059001983052171;0,2324284637695082;0,2659954329920059;0,24772293201921317;
4000;39,695395314168955;2,249317172740675;3,5837551096664715;0,75569832241726;1,6921834058671101;4,230696771683606;8,673396142006082;0,42488782328630575;0,193300173565867;0,22203905435459956;0,2658673623883685;0,24772293201921317;
4500;39,06586946848259;2,249317172740675;3,5837551096664715;0,75569832241726;1,6921834058671101;4,230696771683606;8,212201018047885;0,39523362014183616;0,1664344481846502;0,1600495710709607;0,26311000247511307;0,24772293201921317;
5000;39,04308986422848;2,249317172740675;3,5837551096664715;0,75569832241726;1,6921834058671101;4,230696771683606;7,215769619298996;0,3579873765769977;0,1664344481846502;0,13793209098798948;0,26133673379458117;0,2470331898797172;
6000;30,420029221107484;2,249317172740675;2,644653938800412;0,75569832241726;1,6921834058671101;4,230696771683606;5,971016556670734;0,31562231451334866;0,12840933532411763;0,13441041903281378;0,1980150201918077;0,2155753347014101;
7000;28,81309140701022;2,1150936543698866;2,644653938800412;0,75569832241726;1,6921834058671101;2,7767896126924816;4,792659363010916;0,2916475334468204;0,09937360933824392;0,13223035230401498;0,12965090752565628;0,17787816719057392;
8000;27,615319855610878;2,1150936543698866;2,644653938800412;0,75569832241726;1,6921834058671101;2,7767896126924816;4,41192811383324;0,28232979740538533;0,08343179318435669;0,10569070468661372;0,12906843799815107;0,17327990218408265;
9000;25,511514438994787;2,1150936543698866;2,644653938800412;0,75569832241726;1,6921834058671101;2,67791782518275;4,147001092085547;0,2602836645560827;0,06667065142176697;0,09442107773531584;0,12234644705229371;0,17327990218408265;
10000;24,601387998902737;2,1150936543698866;2,644653938800412;0,75569832241726;1,6921834058671101;2,67791782518275;3,781234219350816;0,2433019866910401;0,0664601988844377;0,08896830930162788;0,0990659539395565;0,17327990218408265;
12000;23,89300872712831;1,8138879618222177;2,644653938800412;0,75569832241726;1,6921834058671101;2,67791782518275;3,3024350455899714;0,17919214560342103;0,06089201770192347;0,05716717680253856;0,08727925059069801;0,12738849533432656;
14000;23,299395883086202;1,7496612173420272;2,3137072864955224;0,75569832241726;1,6921834058671101;2,67791782518275;3,189839120798391;0,161033332590573;0,053144339025375215;0,05308850738072512;0,08696685881297138;0,1104012522518123;
16000;23,042094075961177;1,7496612173420272;2,3137072864955224;0,75569832241726;1,6921834058671101;2,67791782518275;2,67951969695103;0,1575666394554846;0,03916347101521631;0,04301164866139741;0,06552722308884482;0,11029178710191904;
18000;22,532225614419012;1,731877560395607;2,3137072864955224;0,75569832241726;1,6921834058671101;2,67791782518275;2,267284088064556;0,1393917248269884;0,03916347101521631;0,03688778934311472;0,06236833300923794;0,09567534784235474;
20000;21,265286759653282;1,731877560395607;2,3137072864955224;0,75569832241726;1,6921834058671101;2,67791782518275;2,1546875379592896;0,1222569427244658;0,037468851527798906;0,03624715715701104;0,04696481216676881;0,09193211640841731;
25000;20,745701260582376;1,731877560395607;0,5159540635752136;0,75569832241726;1,6921834058671101;2,378525637297953;1,9469227523034192;0,11737352270336458;0,03680013771469541;0,026941832906788823;0,02987343059632353;0,06644313509955335;
30000;18,878900100471693;1,731877560395607;0,5159540635752136;0,75569832241726;1,6921834058671101;2,378525637297953;1,7801515837292436;0,10080759713881303;0,0269863759698763;0,020881033196707408;0,029464505860100895;0,06099857995674688;
35000;18,51758975699848;1,731877560395607;0,5159540635752136;0,75569832241726;1,6921834058671101;2,378525637297953;1,5942096968719446;0,08470685149388632;0,022159107782227353;0,019877172975496033;0,027092648932011302;0,04611155334410924;
40000;18,14028101685869;1,731877560395607;0,5159540635752136;0,75569832241726;1,6921834058671101;2,378525637297953;1,5635810189997936;0,08222638216491453;0,01873625946658558;0,01712458074522579;0,017243590015069324;0,03044564802895183;
45000;17,119223637124367;1,731877560395607;0,5159540635752136;0,75569832241726;1,6921834058671101;2,378525637297953;1,4716490656018986;0,07813408059035802;0,01864454909208415;0,016302186270282;0,016250434171517874;0,022536662992439775;
50000;17,062845937761946;1,731877560395607;0,5159540635752136;0,75569832241726;1,6921834058671101;2,378525637297953;1,4069912658854478;0,07739307470100615;0,016535245777493893;0,010496113000363945;0,015112011115023997;0,02248523925160453;
55000;16,99757146119526;1,731877560395607;0,5159540635752136;0,75569832241726;1,6921834058671101;2,378525637297953;1,3599332939269544;0,0653445053507891;0,015029270183990055;0,008417885201337731;0,012816144085268514;0,020472083845338614;
60000;16,98178023664942;1,731877560395607;0,5159540635752136;0,75569832241726;1,6921834058671101;2,378525637297953;1,3599332939269544;0,0653445053507891;0,015029270183990055;0,006422879152650196;0,012747459394760541;0,0160581388702906;
65000;15,752154394140822;1,731877560395607;0,5159540635752136;0,75569832241726;1,6921834058671101;2,378525637297953;1,355222962084404;0,06402551247618055;0,013773535882281493;0,006167424675048905;0,011834697229718586;0,015952304863696823;
70000;15,520649738700099;1,731877560395607;0,5159540635752136;0,75569832241726;1,6921834058671101;1,6174214923452903;1,3431189337297222;0,05822492317596411;0,011863102258259336;0,00531689266824014;0,00823154551841551;0,015952304863696823;
75000;15,116818512902823;1,731877560395607;0,5159540635752136;0,75569832241726;1,6921834058671101;1,6174214923452903;1,326713901389642;0,04951169564614544;0,011248857258228535;0,005181883146287565;0,008085529088499395;0,01580610118901723;
80000;14,854278120155;1,731877560395607;0,5159540635752136;0,75569832241726;1,6921834058671101;1,6174214923452903;1,3134803847463479;0,04951169564614544;0,01090620395300143;0,005105786135311822;0,008085529088499395;0,011818684152813208;
85000;14,530321685816736;1,731877560395607;0,5159540635752136;0,75569832241726;1,6921834058671101;1,6174214923452903;1,309696727527693;0,04862868684702596;0,009289195150964765;0,005105786135311822;0,007238920588397494;0,011818684152813208;
90000;13,386549375264527;1,731877560395607;0,5159540635752136;0,75569832241726;1,6921834058671101;1,6174214923452903;1,309696727527693;0,04707425967523705;0,007748249909618406;0,004728037776697455;0,00707001987419202;0,011759872079883849;
95000;13,385296009244197;1,731877560395607;0,5159540635752136;0,75569832241726;1,6921834058671101;1,6174214923452903;1,2648710559107064;0,046752662238787414;0,007666568449042388;0,004355382955395045;0,00707001987419202;0,011503004295125208;
100000;13,385296009244197;1,731877560395607;0,5159540635752136;0,75569832241726;1,6921834058671101;1,6174214923452903;1,25828226765056;0,04366058239317002;0,007144731381022939;0,0042802566813655496;0,00707001987419202;0,00984392962952788;











============================================================================
Função: Rastringin
============================================================================
parameter;AGEO1var_1;AGEO1var_3;AGEO1var_5;AGEO1var_7;AGEO1var_9;AGEO1var_11;AGEO2var_1;AGEO2var_3;AGEO2var_5;AGEO2var_7;AGEO2var_9;AGEO2var_11;
meanNFE;100160;100160;100160;100160;100160;100160;100160;100160;100160;100160;100160;100160;
meanFX;53,665167717359736;24,487692323959532;24,24980243927885;23,34399558100747;24,271050891944856;22,611490522676615;26,941413901316295;10,290381342058572;11,639928475961533;11,466065810321632;12,912041206259431;13,195933468431441;
FXatual;53,665167717359736;24,487692323959532;24,24980243927885;23,34399558100747;24,271050891944856;22,611490522676615;26,941413901316295;10,290381342058572;11,639928475961533;11,466065810321632;12,912041206259431;13,195933468431441;
medianFX;54,52369702688257;23,387563992521578;23,12676604520268;23,04431529781838;23,94089048781577;21,949716733246888;26,87292973810058;11,046125960795266;11,965032796881417;11,999190502977676;12,980736673533421;13,951353511774442;
sdFX;13,397618943816978;7,514898388318201;6,833596250668611;7,57356601890491;10,605949296309433;7,6759210912874005;4,412818442995815;2,686183924604624;3,1114264248203045;2,380115801723243;3,5300996448068696;3,536351886614015;
==========================================================
===> f(x) médio para cada NFE:
NFE;AGEO1var_1;AGEO1var_3;AGEO1var_5;AGEO1var_7;AGEO1var_9;AGEO1var_11;AGEO2var_1;AGEO2var_3;AGEO2var_5;AGEO2var_7;AGEO2var_9;AGEO2var_11;
5;216,81550533976417;216,81550533976417;216,81550533976417;216,81550533976417;216,81550533976417;216,81550533976417;216,81550533976417;216,81550533976417;216,81550533976417;216,81550533976417;216,81550533976417;216,81550533976417;
50;208,2996950727637;208,2996950727637;208,2996950727637;208,2996950727637;208,2996950727637;208,2996950727637;208,2996950727637;208,2996950727637;208,2996950727637;208,2996950727637;208,2996950727637;208,2996950727637;
100;206,30535478911597;206,30535478911597;206,30535478911597;206,30535478911597;206,30535478911597;206,30535478911597;206,30535478911597;206,30535478911597;206,30535478911597;206,30535478911597;206,30535478911597;206,30535478911597;
500;137,90017023882467;136,96183637019033;133,45909545359947;132,87677263254176;134,62361450861079;132,80687580379845;171,83420305930215;175,63796552109935;174,45180634228603;172,1864205066925;173,7239922962406;167,2554800907546;
1000;124,84228718142566;43,66145679968427;42,496631886330796;48,40680583757798;45,854862244338115;49,210853072380665;113,17445970931418;84,05769343970387;83,63247894831096;87,34816566751176;81,24769418755758;88,61002724491236;
1500;105,18474508538337;28,95097050774527;28,021842114927555;29,296247148126316;28,965226868905223;30,53364483673797;95,11071446328533;49,923050682164224;44,088620663296346;49,54541862257215;44,75935908050236;46,65448924501628;
2000;99,44964040067592;24,487692323959532;24,42252536499284;23,72409002150747;24,5560621541132;23,03706667035144;79,78647305307553;27,576126664107978;25,200432737178254;27,26454450823006;26,33738767505635;26,329753605064354;
2500;92,18000495471618;24,487692323959532;24,26539166595753;23,397924177055195;24,29615840693343;22,64168826935541;69,29399953834032;25,769549570339368;23,589299190521366;24,445500821005847;24,919764266918;23,773053372242746;
3000;85,33380017341041;24,487692323959532;24,250119665085474;23,348338961924654;24,271895388242104;22,61270814439353;61,53951056035892;25,404144187497884;23,178865840633573;22,86217951593183;24,737226508994084;23,14818977554695;
3500;82,62423127568927;24,487692323959532;24,24988789741693;23,344116873730783;24,271081771165495;22,611700484920444;60,32377396325929;25,404144187497884;23,16330989251348;22,782241399432696;24,59517355271895;23,02982711946304;
4000;79,91048277990758;24,487692323959532;24,24980243927885;23,34402080022266;24,271063207373665;22,611518063378597;56,58689697788599;25,283906789927286;23,162542706680775;22,774337083461077;24,59333429793754;23,01839923566426;
4500;79,44167335877324;24,487692323959532;24,24980243927885;23,34399558100747;24,271050891944856;22,611490522676615;53,466899646274406;23,30168824095161;23,162533764887954;22,773731345809765;24,593104603420375;23,018073111405272;
5000;79,31230903085655;24,487692323959532;24,24980243927885;23,34399558100747;24,271050891944856;22,611490522676615;51,654389067427545;22,20694324204786;23,162533764887954;22,773650585797593;24,59306695443357;23,01804927105001;
6000;79,31230903085655;24,487692323959532;24,24980243927885;23,34399558100747;24,271050891944856;22,611490522676615;48,87836932041997;20,372081040847707;23,021500899709377;22,773581092009817;24,593064952796855;23,018033593001906;
7000;78,6548338190017;24,487692323959532;24,24980243927885;23,34399558100747;24,271050891944856;22,611490522676615;46,24663150199702;19,698466888564873;21,223146445154555;22,70906749739538;24,593063977817526;23,018031474727547;
8000;76,56785166238082;24,487692323959532;24,24980243927885;23,34399558100747;24,271050891944856;22,611490522676615;44,24471907500055;19,05029475815957;19,912545102943433;21,301910410447736;24,593063977817526;23,018031474727547;
9000;76,00765181283138;24,487692323959532;24,24980243927885;23,34399558100747;24,271050891944856;22,611490522676615;42,755526545275785;18,247435776839122;19,83112342101778;19,942785798072425;24,236238390174957;23,018031474727547;
10000;74,7680271674961;24,487692323959532;24,24980243927885;23,34399558100747;24,271050891944856;22,611490522676615;40,96640578801969;17,979032535570934;19,830849105126575;18,906942102257304;23,996063803913362;22,922910060093457;
12000;72,15908633609655;24,487692323959532;24,24980243927885;23,34399558100747;24,271050891944856;22,611490522676615;37,91543881719277;17,099196578334507;18,39699155653241;18,85081936296094;21,87537438108752;22,858145592188;
14000;70,26674505702745;24,487692323959532;24,24980243927885;23,34399558100747;24,271050891944856;22,611490522676615;36,565112811795984;16,226128465858256;17,38885231998403;18,769618354121235;21,722943212765596;20,464404859617286;
16000;69,93805918983439;24,487692323959532;24,24980243927885;23,34399558100747;24,271050891944856;22,611490522676615;35,21553655574815;15,81417847852962;17,208365230655602;18,20707335284811;21,676655682532733;19,022131536128086;
18000;68,99901650699671;24,487692323959532;24,24980243927885;23,34399558100747;24,271050891944856;22,611490522676615;34,119987593838474;15,432544696015503;16,600950433079102;17,22338036653756;21,6084840621077;19,021283281354304;
20000;66,79575992999756;24,487692323959532;24,24980243927885;23,34399558100747;24,271050891944856;22,611490522676615;32,670730596029365;14,944144791754441;16,586544511689567;17,124727860176815;21,201171088086536;19,021283281354304;
25000;61,58274963833282;24,487692323959532;24,24980243927885;23,34399558100747;24,271050891944856;22,611490522676615;31,507615858287654;14,04455562345365;16,190037562949463;16,517721298481117;18,63508833811501;18,490733078822664;
30000;61,343188040419754;24,487692323959532;24,24980243927885;23,34399558100747;24,271050891944856;22,611490522676615;30,907052671094412;13,441780945352981;15,686753993476797;15,837375651580752;17,990482678277317;17,871281402355706;
35000;59,34923685859723;24,487692323959532;24,24980243927885;23,34399558100747;24,271050891944856;22,611490522676615;30,657028795792666;12,931651465068216;14,837403669951884;15,531969771444317;17,153011149199315;17,74655106618724;
40000;59,09095462856306;24,487692323959532;24,24980243927885;23,34399558100747;24,271050891944856;22,611490522676615;30,657028795792666;12,786384179802505;14,409975834330487;14,752300382772676;15,976881372878804;16,337561127941488;
45000;57,4633004519753;24,487692323959532;24,24980243927885;23,34399558100747;24,271050891944856;22,611490522676615;29,564862675293394;12,454903462479816;14,372290772129311;14,16017343559062;15,450305372611389;16,337101219637045;
50000;57,4633004519753;24,487692323959532;24,24980243927885;23,34399558100747;24,271050891944856;22,611490522676615;28,98106487330639;12,098744008694657;14,079273749561981;13,694166578764433;15,073395742042504;15,806434899355487;
55000;57,4633004519753;24,487692323959532;24,24980243927885;23,34399558100747;24,271050891944856;22,611490522676615;28,893635632130273;12,049164669313306;13,870079385570488;13,023251491393342;15,042631967467191;15,09090848280277;
60000;57,4633004519753;24,487692323959532;24,24980243927885;23,34399558100747;24,271050891944856;22,611490522676615;28,672107975454637;12,024056349676338;13,870079385570488;12,9363479119268;14,976991277844167;14,946175480402934;
65000;57,4633004519753;24,487692323959532;24,24980243927885;23,34399558100747;24,271050891944856;22,611490522676615;28,619702348497913;11,262896133190157;13,801759222366302;12,86629012436313;14,940604860242473;14,537076826925743;
70000;57,4633004519753;24,487692323959532;24,24980243927885;23,34399558100747;24,271050891944856;22,611490522676615;28,237009588607787;11,08740295416081;13,059083384274045;12,643605170961257;14,844253651214887;14,403035095303872;
75000;57,23412152360277;24,487692323959532;24,24980243927885;23,34399558100747;24,271050891944856;22,611490522676615;28,09410924565699;11,016746068219467;13,008753373972233;12,457826232443484;14,001737659913596;14,348113950572447;
80000;56,98769053758875;24,487692323959532;24,24980243927885;23,34399558100747;24,271050891944856;22,611490522676615;27,76253874718884;10,619508567285212;12,44912915043861;12,201059256163717;13,546059751083485;14,292033740757677;
85000;56,464164305503644;24,487692323959532;24,24980243927885;23,34399558100747;24,271050891944856;22,611490522676615;27,610619722175457;10,483924096310137;12,276367172574085;12,167684395557387;13,3472346682529;13,849151683839795;
90000;55,19738928005774;24,487692323959532;24,24980243927885;23,34399558100747;24,271050891944856;22,611490522676615;27,353973834063883;10,36090375188832;12,27508149561337;11,697148804054533;13,243228747429777;13,564548900430156;
95000;55,19738928005774;24,487692323959532;24,24980243927885;23,34399558100747;24,271050891944856;22,611490522676615;27,353973834063883;10,295835504013864;11,79037451035104;11,593557958382712;13,243228747429777;13,564548165352697;
100000;53,665167717359736;24,487692323959532;24,24980243927885;23,34399558100747;24,271050891944856;22,611490522676615;26,941413901316295;10,290381342058572;11,640198044788118;11,466065810321632;12,912041206259431;13,196283674044546;











============================================================================
Função: Rosenbrock
============================================================================
parameter;AGEO1var_1;AGEO1var_3;AGEO1var_5;AGEO1var_7;AGEO1var_9;AGEO1var_11;AGEO2var_1;AGEO2var_3;AGEO2var_5;AGEO2var_7;AGEO2var_9;AGEO2var_11;
meanNFE;100022;100022;100022;100022;100022;100022;100022;100022;100022;100022;100022;100022;
meanFX;0,0003330168099999854;0,0003348060377083277;0,0003865176733333289;0,0004400755085416723;0,0003371180652083309;0,00039373937208334026;7,144446875001273E-05;4,283519291667303E-05;3,495259999999478E-05;5,297207312500683E-05;5,4134642291670717E-05;5,51426999999994E-05;
FXatual;0,0003330168099999854;0,0003348060377083277;0,0003865176733333289;0,0004400755085416723;0,0003371180652083309;0,00039373937208334026;7,144446875001273E-05;4,283519291667303E-05;3,495259999999478E-05;5,297207312500683E-05;5,4134642291670717E-05;5,51426999999994E-05;
medianFX;0,00024094000625016456;0,00026069550625001784;0,0003309561000000154;0,0002719296000001336;0,000185473600000026;0,0003056561000000696;3,942560000001465E-05;3,6040006250021395E-05;2,747550624997047E-05;4,262560000001891E-05;3,3108100000013474E-05;4,326600625001228E-05;
sdFX;0,00033440402673601136;0,0003940268687330441;0,00031750842018850263;0,0005285552462605509;0,0003932145243030193;0,00039109300997823093;7,538845642866349E-05;3,884952253134934E-05;3,832693792144411E-05;4,06407598122074E-05;5,9589074681730765E-05;5,121606630495538E-05;
==========================================================
===> f(x) médio para cada NFE:
NFE;AGEO1var_1;AGEO1var_3;AGEO1var_5;AGEO1var_7;AGEO1var_9;AGEO1var_11;AGEO2var_1;AGEO2var_3;AGEO2var_5;AGEO2var_7;AGEO2var_9;AGEO2var_11;
5;66,51855470708709;66,51855470708709;66,51855470708709;66,51855470708709;66,51855470708709;66,51855470708709;66,51855470708709;66,51855470708709;66,51855470708709;66,51855470708709;66,51855470708709;66,51855470708709;
50;15,490564291053746;15,887317758987292;16,216150645473334;8,92025313321708;6,908560893527085;7,829107151666875;11,339507749943753;11,05696356348;14,806247535236873;6,600827535037291;15,002573930270207;13,17411448394396;
100;6,980261587230418;10,381764745277085;1,6185463960566684;1,45640675747;2,9529528013604174;2,246587356063541;2,6980927447306255;2,8511603224664586;3,1351125906866684;2,011588305830624;2,586356837620207;2,036091135200207;
500;0,6570974307504168;0,48020231999666657;0,6040985160393754;0,5289503306977085;1,3227058434604175;0,5907550143210423;0,5026465430204164;0,7829396364808335;0,9516830372110416;0,9619938356083336;0,909661863568125;1,3440254488320824;
1000;0,21730533554020826;0,26814405439395805;0,26907221722291663;0,23697835774687478;0,2619608452829166;0,27825596513395834;0,22115476114958346;0,46736113316687494;0,6216614060604168;0,5561792167266669;0,6948867684279167;0,5606108805445831;
1500;0,14346330142333322;0,16223961125729175;0,12216181699916631;0,16491448622687505;0,2403402350460417;0,10993313403979194;0,1626812712695835;0,17848361346375025;0,3939543286333335;0,28736909474000016;0,5457261017906252;0,18673963161416676;
2000;0,08076643770291683;0,05383574234645858;0,06544598577333334;0,04622689693395833;0,12676016874604165;0,06433356465645866;0,11734180785666673;0,07994461983416688;0,164404653913125;0,22381108930666682;0,40935780745000006;0,1778810383110418;
2500;0,0671328521725001;0,041185785593125274;0,0438076075166666;0,032119936464583346;0,045273288629166526;0,049528846492708375;0,09102285670958328;0,050444314107083596;0,0944366660533334;0,19543535743979173;0,28700477383937517;0,12990952668437514;
3000;0,05686513106937516;0,03921709320666691;0,027058364666458244;0,02592484051104162;0,041609062065624765;0,03034182517625006;0,05227056397291671;0,04696227103645848;0,08518484202666675;0,10803231387604166;0,13647981852604177;0,10406513044708347;
3500;0,03402255557979185;0,025600657442916685;0,02290652384666658;0,02502890258416661;0,04146935193562477;0,023932949909583414;0,05139202233625004;0,0234450312331251;0,08412834631312505;0,07449748597916662;0,10241971776291678;0,09985923539708352;
4000;0,027566051266458495;0,024411357159375043;0,02035892409687504;0,023807323930833256;0,030571822212499922;0,022047095356250157;0,03974519418312495;0,01480977105312506;0,08068283236000001;0,049190731776041635;0,06304032638270841;0,09904368713041686;
4500;0,026734527069791833;0,01721933882895836;0,018589546096875083;0,023560461430833256;0,02772775469583323;0,021305758592708487;0,02518705429958334;0,012182008636666708;0,06075157365708337;0,0465422942387499;0,05583119242937504;0,09186162968333349;
5000;0,0178582885964584;0,011150033559374994;0,016250174540416745;0,017027732311041544;0,021964724769999975;0,0164957425289584;0,022737694785833342;0,010107415943749936;0,05856911906333338;0,03030386334916661;0,05181090784604169;0,08977544158020846;
6000;0,01450028569979172;0,010036961149166659;0,009323002697916718;0,015303566257708219;0,016204591799375025;0,015279711309166758;0,01054796375916663;0,006384278616875013;0,012364349182708328;0,03019266389895828;0,017972999762083282;0,07286471070729172;
7000;0,012364219943333466;0,007929047555625006;0,008553515534375052;0,013779374497708184;0,015818610116041652;0,014904339575833375;0,007898892832708325;0,006185357703333355;0,011199055116250018;0,02744970166541661;0,010657320489166688;0,03554214515979171;
8000;0,011988812236458446;0,007484065769166632;0,008472947214375056;0,01106373463124984;0,014152096226250018;0,011821837025625104;0,005324925742291645;0,004428372136666681;0,007261701599583351;0,026357140491875073;0,006747192682708366;0,012421962846249983;
9000;0,009549988959791702;0,006792966966249967;0,008289048414375045;0,009288033044374826;0,01246076051291668;0,011566882978750073;0,004984791395416666;0,0027520247035416733;0,00715545597958335;0,024872059085625058;0,00590837389291667;0,012288076459583326;
10000;0,009549988959791702;0,005063631379791647;0,00745942076104173;0,009031066900833174;0,01111172759937501;0,011237586282083396;0,0040314230756249795;0,0023068181900000027;0,0031606310291666826;0,024620402768958414;0,005734845339791691;0,008594158546041657;
12000;0,003992725076458383;0,004947740366458315;0,005662733963958353;0,005894045173749849;0,007402722225416591;0,007815244643125049;0,0025231833824999952;0,0011379968733333306;0,0007753097195833562;0,005749380722500055;0,005734845339791691;0,005477502259583328;
14000;0,003151158796250045;0,004177679026875012;0,0047464256470833585;0,0043585209070832204;0,0049418374022916324;0,006769767812916668;0,001276557642500016;0,0010282332670833374;0,0004238196820833393;0,003497772799375096;0,0023555166933333363;0,004619559922708342;
16000;0,002777736929583377;0,0038051509700000336;0,0038865756735416827;0,0037977162464582007;0,00393180385874996;0,0061163335558333245;0,0011493225491666828;0,0010104837470833433;0,00032798043520833716;0,00255772988270838;0,0018283341495833373;0,0019328487458333534;
18000;0,002429446862708373;0,0028583562635416926;0,0034626357935416616;0,003414770093124906;0,0038918194054166303;0,0039341015454166855;0,0009525246325000134;0,0009899217104166861;0,0003222638318750039;0,0022083447666667202;0,001312632880000015;0,0018810516664583483;
20000;0,002429446862708373;0,002599589466666693;0,0029033669768749977;0,0026070363429166136;0,0023333707083333546;0,003422674531874988;0,0008694016991666796;0,0009867068770833545;0,00031130218562500344;0,0015575436435417223;0,001246340902916692;0,0012543958727083218;
25000;0,0014095007927083163;0,0025042192533333693;0,002438938477291688;0,0016960231893749936;0,0016954096814583459;0,0026661612852083333;0,0007678474293750167;0,0001460490137500101;0,00016684577520833507;0,0005054629733333827;0,0007195015693750111;0,0004585052333333318;
30000;0,0011191330262500104;0,0022031136733333513;0,0014464075500000503;0,0013053132797916465;0,0013829845614583267;0,0019504454991666669;0,0006156254895833412;0,00012107587979167348;0,0001642224285416707;0,0002367755264583607;0,0005977840391666897;0,0004456525364583296;
35000;0,0009533662493750028;0,001736729439791689;0,001294741923125053;0,0011598974831249825;0,00130979027500002;0,0018127391229166708;0,00043508464958333636;0,00011239336000000316;0,00011742344916666811;0,0001722026033333434;0,0005765185087500175;0,00029745870354167073;
40000;0,000782402055624994;0,0013255144031250046;0,0011641478533333837;0,0009372453760416794;0,0009976585718750105;0,001719247736458338;0,000367052602708336;0,00010604517979167003;0,00011253597562500009;0,0001364439397916733;0,0003820746725000116;0,0002754229733333354;
45000;0,0007460902191666636;0,0012169839533333327;0,0011055656564583653;0,0008730666591666743;0,0007514568387499889;0,0013209209927083335;0,00020120751229167692;8,482127562500793E-05;0,00011131882562500019;9,285050645833779E-05;0,00021577291229166862;0,00023663854312500749;
50000;0,0007334960524999978;0,0011240856804166637;0,0008797358997916928;0,0007408962022916614;0,0006676377020833253;0,00120492947895834;0,0001832388422916743;8,101967562500796E-05;0,00010354669875000066;7,929712000000479E-05;0,00015725722895833596;0,0001532070129166716;
55000;0,0007334960524999978;0,0009298135406249954;0,0008306116300000252;0,0007290993754166584;0,00056581026875;0,0010425679791666715;0,00017094390187500074;7,536868916667414E-05;9,318993520833242E-05;7,697597000000706E-05;0,00011397738208334354;0,00011956603291667347;
60000;0,0006691269193750011;0,0008021572374999964;0,0008252873933333596;0,0007290993754166584;0,00056581026875;0,0010025679791666714;0,00015073816520833899;7,061783583333891E-05;8,342802895832859E-05;7,056921291667398E-05;0,00010642386875000796;8,853226000000849E-05;
65000;0,0005563396129166581;0,0008014162939583302;0,0007295957468749926;0,0006732626618750089;0,0005590077622916697;0,0008824296722916623;0,00013971643500001652;7,061783583333891E-05;8,073459541666317E-05;6,415364291667074E-05;8,705136520833551E-05;8,522694333334089E-05;
70000;0,0005259400733333281;0,0007084571368750004;0,0006637859333333203;0,0006732626618750089;0,0005078566854166695;0,0008493826256249918;0,0001378234318750165;6,329819312500537E-05;8,073459541666317E-05;6,415364291667074E-05;8,51094183333365E-05;8,403717979167274E-05;
75000;0,00039338917354165057;0,0004840266368749987;0,0005524235266666679;0,0006063782616666807;0,00048329229875000143;0,0006963487391666575;0,00011857312229168244;5,882514625000566E-05;7,84399318749971E-05;5,881892958333598E-05;8,22160350000027E-05;7,652617937500134E-05;
80000;0,00036424473395832197;0,0003886707741666699;0,0004722368931249973;0,0006039649816666797;0,0004527094820833332;0,000491972778750007;0,00011477897854168338;5,4330786666672995E-05;5,355097562499859E-05;5,7399162916670094E-05;7,846156520833611E-05;6,675953958333232E-05;
85000;0,00036424473395832197;0,0003724907210416713;0,0004722368931249973;0,0005756693618750051;0,0004527094820833332;0,0004815936318750056;8,61072418750166E-05;5,2344073125005595E-05;4,309460916666441E-05;5,637440979167283E-05;6,309850875000566E-05;6,675953958333232E-05;
90000;0,00035255190374998337;0,0003372989708333277;0,0003865176733333289;0,0005756693618750051;0,00042373433187499243;0,0004142682785416752;8,546421166668327E-05;4,8310369791672215E-05;4,001460604166128E-05;5,297207312500683E-05;5,936522875000626E-05;5,7174466666665135E-05;
95000;0,0003330168099999854;0,0003348060377083277;0,0003865176733333289;0,0004400755085416723;0,0003530503216666682;0,00039638486187500854;7,94989116666799E-05;4,4470026250006115E-05;3,754474999999407E-05;5,297207312500683E-05;5,4134642291670717E-05;5,7174466666665135E-05;
100000;0,0003330168099999854;0,0003348060377083277;0,0003865176733333289;0,0004400755085416723;0,0003371180652083309;0,0003940518720833412;7,144446875001273E-05;4,283519291667303E-05;3,495259999999478E-05;5,297207312500683E-05;5,4134642291670717E-05;5,51426999999994E-05;











============================================================================
Função: Schwefel
============================================================================
parameter;AGEO1var_1;AGEO1var_3;AGEO1var_5;AGEO1var_7;AGEO1var_9;AGEO1var_11;AGEO2var_1;AGEO2var_3;AGEO2var_5;AGEO2var_7;AGEO2var_9;AGEO2var_11;
meanNFE;100000;100000;100000;100000;100000;100000;100000;100000;100000;100000;100000;100000;
meanFX;1167,256490591522;928,7066162200897;927,1254201898524;966,9049205808;981,475301959609;916,4988135051377;526,6556112406308;283,7399268442901;317,6822974299487;337,6384296582392;331,68693153019075;417,1887728009309;
FXatual;1167,256490591522;928,7066162200897;927,1254201898524;966,9049205808;981,475301959609;916,4988135051377;526,6556112406308;283,7399268442901;317,6822974299487;337,6384296582392;331,68693153019075;417,1887728009309;
medianFX;1245,1080861154696;1021,9399726159727;921,9949006215829;955,0894337494651;998,0321442484392;894,4012578647344;526,0350198525016;277,2623245891068;309,68181201682273;357,1801272917528;353,75935634865436;420,94340075317905;
sdFX;304,59490907897754;264,3672079266854;279,0318119248178;300,8125155824926;223,10571315470506;227,33713233675314;117,35804223537069;117,09728325237819;97,69065991193041;126,81914421695363;136,1638622309855;119,57168693758186;
==========================================================
===> f(x) médio para cada NFE:
NFE;AGEO1var_1;AGEO1var_3;AGEO1var_5;AGEO1var_7;AGEO1var_9;AGEO1var_11;AGEO2var_1;AGEO2var_3;AGEO2var_5;AGEO2var_7;AGEO2var_9;AGEO2var_11;
5;4086,174165331155;4086,174165331155;4086,174165331155;4086,174165331155;4086,174165331155;4086,174165331155;4086,174165331155;4086,174165331155;4086,174165331155;4086,174165331155;4086,174165331155;4086,174165331155;
50;3867,796051740137;3867,796051740137;3867,796051740137;3867,796051740137;3867,796051740137;3867,796051740137;3867,796051740137;3867,796051740137;3867,796051740137;3867,796051740137;3867,796051740137;3867,796051740137;
100;3692,4757643996104;3692,4757643996104;3692,4757643996104;3692,4757643996104;3692,4757643996104;3692,4757643996104;3692,4757643996104;3692,4757643996104;3692,4757643996104;3692,4757643996104;3692,4757643996104;3692,4757643996104;
500;2610,4407101231054;1545,3460178704852;1582,3150864758582;1627,108037922331;1729,7888336245917;1602,0128278822303;2593,440116898656;2347,5453073464187;2362,463138267271;2189,6724376139414;2119,8210638913883;2136,5190417765452;
1000;2230,5588286797542;1007,3383345185757;1046,1994634637995;1050,923496616035;1070,1640291687563;1000,847331588666;1989,1506738818541;1250,4640786004177;1204,7753142456204;1149,1416457269222;1174,7803156925436;1089,2684248848245;
1500;2085,5651489776324;986,2210877297005;1025,9284088081697;1039,626299474936;1046,5713006116484;970,025787542075;1719,7896894997023;1025,124459529298;1016,9543758431013;981,6686082881722;1025,7668748692279;974,8307107064825;
2000;1992,7964418119504;986,1892885638547;1011,0612611749254;1039,1245857772237;1023,0930066072791;969,7026996190255;1521,8740955077608;991,9897169301264;1014,2784935555594;977,907590331249;1022,8924852120066;972,1491262077627;
2500;1969,8725218436564;986,1892885638547;1011,0612611749254;1037,8428978859563;994,7310285659602;969,6951577106978;1458,474700277496;908,3549773265828;1014,2621726799244;977,854322661976;1022,8534187440408;971,9887277168283;
3000;1958,080718535683;986,1892885638547;1011,0612611749254;1037,8428978859563;994,7310285659602;969,6951577106978;1415,5933287721377;856,7460625818475;985,9257691648044;977,854322661976;1022,8534100060878;971,978963056473;
3500;1946,9435184162814;986,1892885638547;1011,0612611749254;1032,6078658368365;994,7310285659602;969,6951577106978;1382,1729076353113;837,7854068201143;917,3830258584057;975,6413327060467;1021,2476986143549;971,9789521487492;
4000;1915,114746617722;986,1892885638547;1011,0612611749254;1032,6078658368365;994,7310285659602;969,6951577106978;1344,7552740411986;832,9210840887848;872,9669418065503;958,6576903050524;1014,651139519952;971,9789521487492;
4500;1912,3626267329698;986,1892885638547;1000,4683497029323;1032,6078658368365;994,7310285659602;969,6951577106978;1323,8971091624621;802,8147724215684;861,9490862530467;862,8765980931004;1006,3145087622494;965,6445276515562;
5000;1907,7155506365852;986,1892885638547;1000,4683497029323;1032,6078658368365;994,7310285659602;969,6951577106978;1308,9403923589864;780,3685146673471;853,674510844546;810,5255475093527;971,6400212500632;965,3771679987179;
6000;1851,995807693608;954,9808042947727;1000,4683497029323;1032,6078658368365;994,7310285659602;969,6951577106978;1218,7458542275274;748,1578847143096;775,9494426440626;800,1547237806565;900,5077779750849;956,5884213167421;
7000;1825,461258884055;946,6134542931155;1000,4683497029323;1032,6078658368365;994,7310285659602;969,6951577106978;1162,1902552029164;702,4330449002366;747,7914150383414;800,1437171778492;842,8852748083193;920,3682366900126;
8000;1765,6473189436226;946,6134542931155;1000,4683497029323;1032,6078658368365;994,7310285659602;969,6951577106978;1134,8120338883775;674,302130993617;704,5682365947843;732,2078633679586;842,4785132950575;884,7841720102192;
9000;1730,0313214498362;946,6134542931155;1000,3267614592255;1027,3679888405545;994,7310285659602;969,6951577106978;1075,8412100465355;610,0974063810788;663,064905121299;671,0812891283514;820,2091330077931;883,8150365538518;
10000;1679,0011444228542;946,6134542931155;998,7919047557366;1027,3679888405545;994,7310285659602;969,6951577106978;1034,532556127456;575,4726405479091;661,6075599895987;661,1692207296563;772,8960340120796;883,8086467472604;
12000;1633,2785050543205;946,6134542931155;998,7919047557366;1027,3679888405545;994,7310285659602;969,6951577106978;943,8603960842898;537,4211934744278;619,9203635964451;617,1524571333252;710,3456258933749;817,2756839144487;
14000;1604,3308250149275;946,6134542931155;998,7463817313809;1027,3679888405545;994,7310285659602;969,6951577106978;919,6040172613372;519,1227873313217;567,0429185509701;615,7533352758385;710,3456241457977;721,0607761700871;
16000;1485,7348267637208;946,6134542931155;993,938905452352;1027,3679888405545;994,7310285659602;969,6951577106978;879,8097999492436;483,7190761164289;533,9271325358175;587,1871951877326;653,3761756749035;716,7790682890759;
18000;1471,3816960969157;946,6134542931155;993,938905452352;1026,9175625926302;994,7310285659602;969,6951577106978;835,9201867712306;469,0023790723669;500,2119415079497;563,4024935059751;642,8902955589513;684,9002535304546;
20000;1444,4216731891443;946,6134542931155;993,938905452352;992,6531388404611;994,7310285659602;969,6951577106978;795,2238670669218;462,1240744715488;480,2244878284773;531,7080888427674;606,5264504331283;660,6865918054467;
25000;1331,9932646739244;939,9653460635568;993,938905452352;992,6531388404611;994,7310285659602;969,6951577106978;748,9677443351281;417,6971862004796;463,6971569160305;509,19937438107576;503,83150208919153;642,17304891851;
30000;1327,892404256208;939,9653460635568;993,938905452352;992,6531388404611;994,7310285659602;969,6951577106978;731,6435977465179;393,8859049203745;449,5124564159562;485,0197719391335;473,854661660582;602,655775863166;
35000;1282,7981215582881;939,9653460635568;993,938905452352;992,6531388404611;994,7310285659602;969,6951577106978;693,493995736486;379,79111855171107;435,2288899093745;474,9155786137055;461,1525924560359;560,4315204626929;
40000;1224,081508948526;939,9653460635568;993,938905452352;986,7658406491274;994,7310285659602;969,4442712014927;664,4061160957846;356,6097306219537;409,59981097244673;461,07709089862226;430,55084674476814;525,1078193868867;
45000;1219,3924055190917;939,9653460635568;990,3177365465336;980,643726422876;989,7034555193502;953,4014774435338;628,2337297081358;342,5857971438334;387,6167351145859;441,9367363170262;419,88325205531197;491,58243373072713;
50000;1215,8356500986424;932,2607964010779;986,0450190948144;980,643726422876;989,7034555193502;935,1762906407363;605,7177324029763;337,2820609269089;370,8180407417152;421,1401113601249;408,81058374574445;456,7681279763673;
55000;1203,841885635301;932,2607964010779;952,1476347495577;980,643726422876;989,7034555193502;925,6179431900481;600,9159666155823;331,8409047264934;352,8585853728595;403,88421226061774;397,1384215150347;450,4608231317315;
60000;1203,841885635301;932,2607964010779;952,1476347495577;980,643726422876;989,7034555193502;925,6179431900481;600,4713446375184;320,2208351093481;344,0134717797859;395,2577090577413;390,30011978096724;447,914413607213;
65000;1202,1136106197262;932,2607964010779;948,9272696081704;974,933418154341;989,7034555193502;925,6179431900481;587,4663608586021;312,5123942030884;337,12575680512805;381,782105807723;383,4608222356885;443,5731434418159;
70000;1191,0613875300323;929,2149838983265;948,9272696081704;966,9049205808;983,1429284804212;925,6179431900481;585,49288242681;302,8484705830729;336,4114679278618;370,77880131580554;368,3983936697971;442,2573028335868;
75000;1191,0613875300323;928,7066162200897;948,9272696081704;966,9049205808;983,1429284804212;925,6179431900481;570,0625230694008;302,8484705830729;336,4114679278618;359,4683043219258;356,6249642455074;436,04929893724795;
80000;1191,0613875300323;928,7066162200897;948,9272696081704;966,9049205808;981,475301959609;925,6179431900481;558,0439122784667;295,69794004981475;323,3882157524114;353,1203849806306;352,793566265792;435,61230022477935;
85000;1185,4621565935693;928,7066162200897;948,9272696081704;966,9049205808;981,475301959609;925,6179431900481;536,7484372100505;294,54324037700667;317,9184525296593;339,7537838901426;351,4318099296486;431,85387309288086;
90000;1185,4621565935693;928,7066162200897;937,251421751977;966,9049205808;981,475301959609;916,4988135051377;528,4572437500491;291,6196093024658;317,87711767008346;338,4522288142982;347,3872046687244;426,83176861481195;
95000;1170,2473927536228;928,7066162200897;935,049172333069;966,9049205808;981,475301959609;916,4988135051377;527,4611936974176;291,6196093024658;317,87711767008346;338,4519747964147;341,7730831604115;421,3964543142443;
100000;1167,256490591522;928,7066162200897;927,1254201898524;966,9049205808;981,475301959609;916,4988135051377;526,6556112406308;283,7399268442901;317,6822974299487;337,6384296582392;331,72215453136937;417,1887728009309;











============================================================================
Função: Ackley
============================================================================
parameter;AGEO1var_1;AGEO1var_3;AGEO1var_5;AGEO1var_7;AGEO1var_9;AGEO1var_11;AGEO2var_1;AGEO2var_3;AGEO2var_5;AGEO2var_7;AGEO2var_9;AGEO2var_11;
meanNFE;100320;100320;100320;100320;100320;100320;100320;100320;100320;100320;100320;100320;
meanFX;17,220669748359846;7,016617869560604;1,5975267367800972;1,6865623464245696;1,6404715020492209;1,5317031997199442;11,29748029222555;1,549752446405622;0,7260859219833867;0,5931897199215339;0,8577004359332503;0,7282199693199675;
FXatual;17,220669748359846;7,016617869560604;1,5975267367800972;1,6865623464245696;1,6404715020492209;1,5317031997199442;11,29748029222555;1,549752446405622;0,7260859219833867;0,5931897199215339;0,8577004359332503;0,7282199693199675;
medianFX;17,603765148747208;6,543814407445989;1,77916267855802;1,7780444328078566;1,7780425362940129;1,6463312024229246;11,305037349822676;1,6345305077525545;0,7711646733000741;0,0073083770475328436;1,340470693273847;1,340483273437016;
sdFX;1,5064530698207441;2,819636409242512;0,45643235653355857;0,4019505741246946;0,49809177174647523;0,5697127322073938;1,4936784904429883;0,24795330468520224;0,6518224411515026;0,7148705889307432;0,7155367084399109;0,7393575688589333;
==========================================================
===> f(x) médio para cada NFE:
NFE;AGEO1var_1;AGEO1var_3;AGEO1var_5;AGEO1var_7;AGEO1var_9;AGEO1var_11;AGEO2var_1;AGEO2var_3;AGEO2var_5;AGEO2var_7;AGEO2var_9;AGEO2var_11;
5;20,911647030299548;20,911647030299548;20,911647030299548;20,911647030299548;20,911647030299548;20,911647030299548;20,911647030299548;20,911647030299548;20,911647030299548;20,911647030299548;20,911647030299548;20,911647030299548;
50;20,855242496616196;20,855242496616196;20,855242496616196;20,855242496616196;20,855242496616196;20,855242496616196;20,855242496616196;20,855242496616196;20,855242496616196;20,855242496616196;20,855242496616196;20,855242496616196;
100;20,845780770589986;20,845780770589986;20,845780770589986;20,845780770589986;20,845780770589986;20,845780770589986;20,845780770589986;20,845780770589986;20,845780770589986;20,845780770589986;20,845780770589986;20,845780770589986;
500;19,94857540239999;19,835240200915948;19,94881509493732;19,991622955138286;19,874295630790293;19,98701262936668;20,495876972537424;20,533683626398712;20,490230279448554;20,487523874610734;20,465434229364323;20,488945121781587;
1000;19,687299730434304;17,884359845428;18,126166477190775;17,869862413278057;18,095842042255104;18,135992044644066;19,48481064929664;19,735176852901628;19,55871337522666;19,53695923495377;19,7044906899962;19,600038185892142;
1500;19,39707762382205;15,175149047549722;15,581726771108773;15,26941667690056;15,256902224778672;15,45852596186892;19,030891116200475;18,12332444921454;17,663583180276145;17,677106532158188;17,922797171859052;17,812929278768333;
2000;18,88723320076036;11,85660236450411;12,018911624691148;11,722526502434523;11,841365647382428;11,879295047207107;18,759395887161425;15,469472721555992;15,207995760650315;14,661448428386842;15,002875745160177;15,364542275960792;
2500;18,782126671543633;7,640613695942014;7,492490061281902;7,379684122233253;7,166290777277056;7,586966735913724;18,433295878380115;12,403537886748811;11,974612097421918;11,321470738059611;11,653303055844805;11,85444435567788;
3000;18,724726561535054;7,016617869560604;3,7628197981237244;3,8626106246197867;3,9005093041793346;3,7310499399481056;18,007933139895844;8,110278673360083;7,689030634071938;7,445420540234119;8,052620465889449;7,890618003673513;
3500;18,655000310999114;7,016617869560604;2,1761756811636572;2,1230083472570915;2,1902789917246053;2,096949661878522;17,508558855896997;5,801923297236609;4,400518584712092;4,096460834688164;4,6224536337069235;4,763772663712226;
4000;18,55086769538876;7,016617869560604;1,7044001600056304;1,7690278228785952;1,774096328505471;1,667662333172404;17,24946827506739;5,226094966930958;2,345048222971653;2,333645798696581;2,6281346086935513;2,3725100617716235;
4500;18,482964309112496;7,016617869560604;1,6095485534507068;1,7192520593486358;1,6977846498885905;1,5901763828837123;17,161511559122175;5,2069858693755995;1,7239372153521937;1,7625559472236716;1,931999527039504;1,7425760910664607;
5000;18,462233580703217;7,016617869560604;1,5975267367800972;1,6965225433194395;1,6598635309509078;1,5624543458129057;16,942765792807375;5,2069858693755995;1,5636133449397667;1,6416972009531612;1,7343601369139847;1,556113300908076;
6000;18,462233580703217;7,016617869560604;1,5975267367800972;1,6872581724662055;1,6413002883345074;1,534458082151463;16,387707522767055;5,13697221735046;1,4895091061920414;1,5595106594615573;1,7096850915494608;1,455985102262645;
7000;18,428753698127647;7,016617869560604;1,5975267367800972;1,6866381183805776;1,64049107468118;1,5318106752657423;16,097536652709586;3,8636735390442283;1,488068822867602;1,525951537061706;1,7095473994378532;1,4031876505203733;
8000;18,392815323195958;7,016617869560604;1,5975267367800972;1,6865623464245696;1,6404715020492209;1,5317031997199442;15,63712981510306;2,956002542720889;1,488068822867602;1,5231476616961677;1,7095424826268433;1,3993342730235054;
9000;18,26140977305514;7,016617869560604;1,5975267367800972;1,6865623464245696;1,6404715020492209;1,5317031997199442;15,37555752393055;2,7597323226974435;1,488068822867602;1,523147502099563;1,7095414520261818;1,3991543358026381;
10000;18,24583628964445;7,016617869560604;1,5975267367800972;1,6865623464245696;1,6404715020492209;1,5317031997199442;14,993499901244617;2,4855042734188117;1,485230689521487;1,523147502099563;1,7095411156738034;1,3991467315808017;
12000;18,101612988504026;7,016617869560604;1,5975267367800972;1,6865623464245696;1,6404715020492209;1,5317031997199442;14,812912945005596;2,34241148639024;1,4155099107470521;1,523147502099563;1,7095410781262728;1,399146594202311;
14000;18,101612988504026;7,016617869560604;1,5975267367800972;1,6865623464245696;1,6404715020492209;1,5317031997199442;14,652991576735294;2,2142594036721666;1,3182981628280581;1,4385482920095447;1,7095410781262728;1,399146594202311;
16000;18,074737713833176;7,016617869560604;1,5975267367800972;1,6865623464245696;1,6404715020492209;1,5317031997199442;14,385602522562486;1,9856723428311376;1,3177628908954324;1,3693457733003727;1,661772465516283;1,399146594202311;
18000;17,929522926989538;7,016617869560604;1,5975267367800972;1,6865623464245696;1,6404715020492209;1,5317031997199442;14,340347070100133;1,9485451950487205;1,3135827164757852;1,3506608173267485;1,5980611459808591;1,399146594202311;
20000;17,92319337004574;7,016617869560604;1,5975267367800972;1,6865623464245696;1,6404715020492209;1,5317031997199442;14,160823232631994;1,9221855434234643;1,275660430686696;1,3506599012228206;1,5086378907983615;1,3762122486844601;
25000;17,749607376259345;7,016617869560604;1,5975267367800972;1,6865623464245696;1,6404715020492209;1,5317031997199442;13,587315180103685;1,9082248629936858;1,226637531147371;1,268487227851863;1,4787140777908585;1,117045350789825;
30000;17,73018215165431;7,016617869560604;1,5975267367800972;1,6865623464245696;1,6404715020492209;1,5317031997199442;13,280474989039222;1,811966939715503;1,1757835693949374;1,2591568849326067;1,4751863267439969;1,1147469374337786;
35000;17,722181882207686;7,016617869560604;1,5975267367800972;1,6865623464245696;1,6404715020492209;1,5317031997199442;13,18515781727469;1,775807746631407;1,127856582982631;1,2357541105775534;1,3461327947869643;1,1147469374337786;
40000;17,64497946248201;7,016617869560604;1,5975267367800972;1,6865623464245696;1,6404715020492209;1,5317031997199442;13,065475890497453;1,7214790860482403;1,076125483316964;1,1367044990112514;1,346090117818054;0,961637102187631;
45000;17,613880369032053;7,016617869560604;1,5975267367800972;1,6865623464245696;1,6404715020492209;1,5317031997199442;13,035151592399332;1,7121538110123777;1,0154337637272075;1,136682848082186;1,3460879431605122;0,8796036890285368;
50000;17,38437588191732;7,016617869560604;1,5975267367800972;1,6865623464245696;1,6404715020492209;1,5317031997199442;12,95295018141365;1,6938357891703837;1,0005088244929825;1,0289101437148769;1,2866527104894474;0,8786201184246234;
55000;17,35576039139729;7,016617869560604;1,5975267367800972;1,6865623464245696;1,6404715020492209;1,5317031997199442;12,700273863742561;1,6562497151663012;0,9585222725350426;1,023302439340438;1,2780712100001126;0,8617769509518831;
60000;17,35576039139729;7,016617869560604;1,5975267367800972;1,6865623464245696;1,6404715020492209;1,5317031997199442;12,355271723381316;1,6286603400055766;0,9538878900664314;1,0136166676056968;1,2641427379212198;0,8200871452009824;
65000;17,35576039139729;7,016617869560604;1,5975267367800972;1,6865623464245696;1,6404715020492209;1,5317031997199442;12,112750277630305;1,6286603400055766;0,8802381913903677;1,008237415370534;1,1987856936090973;0,8200813122295612;
70000;17,35576039139729;7,016617869560604;1,5975267367800972;1,6865623464245696;1,6404715020492209;1,5317031997199442;11,908374321364954;1,6170007379912077;0,8250241331482805;0,9047292864238277;1,1661155652928068;0,8200813122295612;
75000;17,333051487639334;7,016617869560604;1,5975267367800972;1,6865623464245696;1,6404715020492209;1,5317031997199442;11,713175251215132;1,6092089200135147;0,8249877699253172;0,8547991780892545;1,0547261014189098;0,8127342007587527;
80000;17,261848566053477;7,016617869560604;1,5975267367800972;1,6865623464245696;1,6404715020492209;1,5317031997199442;11,550869296277245;1,6068624810279253;0,8249877699253172;0,7853023397187485;1,050651734002963;0,7994676016165594;
85000;17,25722727460552;7,016617869560604;1,5975267367800972;1,6865623464245696;1,6404715020492209;1,5317031997199442;11,401689312080096;1,5602485424284878;0,8202329765396594;0,7849246100547804;1,010680732739494;0,7994676016165594;
90000;17,247182046943312;7,016617869560604;1,5975267367800972;1,6865623464245696;1,6404715020492209;1,5317031997199442;11,37375564168621;1,5573014593862626;0,8199436753049673;0,7559957259603535;0,9561800414881404;0,7994676016165594;
95000;17,247182046943312;7,016617869560604;1,5975267367800972;1,6865623464245696;1,6404715020492209;1,5317031997199442;11,300276493362299;1,5521423483201822;0,7505309136659385;0,6639663281750985;0,9465406996594555;0,7362641461758567;
100000;17,23144027621993;7,016617869560604;1,5975267367800972;1,6865623464245696;1,6404715020492209;1,5317031997199442;11,29748029222555;1,549752446405622;0,7275613137143029;0,6072796936279917;0,8582460637617445;0,7309058711432359;











============================================================================
Função: Beale
============================================================================
parameter;AGEO1var_1;AGEO1var_3;AGEO1var_5;AGEO1var_7;AGEO1var_9;AGEO1var_11;AGEO2var_1;AGEO2var_3;AGEO2var_5;AGEO2var_7;AGEO2var_9;AGEO2var_11;
meanNFE;100022;100022;100022;100022;100022;100022;100022;100022;100022;100022;100022;100022;
meanFX;0,0007872812663294623;0,0006546003452945086;0,0007247083384402331;0,0002554906622553671;0,0004428289541622952;0,0004823159748769001;0,0002749755783018293;0,00016816426242255233;0,0002848096049686558;0,000574353743994663;0,0003906935998427253;0,0005004020484192533;
FXatual;0,0007872812663294623;0,0006546003452945086;0,0007247083384402331;0,0002554906622553671;0,0004428289541622952;0,0004823159748769001;0,0002749755783018293;0,00016816426242255233;0,0002848096049686558;0,000574353743994663;0,0003906935998427253;0,0005004020484192533;
medianFX;0,0004871578273140948;0,0003968369173663447;0,00046761456321528906;0,0001379226352160896;0,000252490234725234;0,00038134491675097726;0,00016284192710510853;8,280989526789542E-05;2,7797832739842406E-05;0,00018646651367325949;0,00011225594275214313;0,00011405790794214381;
sdFX;0,000786887755400383;0,0006798114779336572;0,0007797117297869296;0,00035671563650906964;0,0005059423792658765;0,000547415507380506;0,0003117668898839625;0,0002212212589572393;0,001154340078396807;0,0016253154324800106;0,0012709177330881463;0,0013053236727514682;
==========================================================
===> f(x) médio para cada NFE:
NFE;AGEO1var_1;AGEO1var_3;AGEO1var_5;AGEO1var_7;AGEO1var_9;AGEO1var_11;AGEO2var_1;AGEO2var_3;AGEO2var_5;AGEO2var_7;AGEO2var_9;AGEO2var_11;
5;628,2152548585564;628,2152548585564;628,2152548585564;628,2152548585564;628,2152548585564;628,2152548585564;628,2152548585564;628,2152548585564;628,2152548585564;628,2152548585564;628,2152548585564;628,2152548585564;
50;6,264112394247164;7,007823482456443;5,606391580494507;5,001357390353963;5,723162594420433;5,797459051837534;5,288089157282783;6,1056787811626645;7,4128833142648665;6,435578993319946;7,800308999911101;6,202806772043845;
100;3,3115043419541355;3,6902293640762167;2,6418558199109397;2,753410855538453;2,7348556725720092;2,4453170559707726;3,259817318971536;2,906273136309802;4,003788431577113;2,2018234442206372;2,869824032676737;2,286015594987849;
500;0,9156656296743093;0,9390817942909148;0,8414309270669837;0,7637256248157759;0,7590383924568508;1,3149572146639632;0,7490336198051072;0,9605232408298574;0,8225808000081984;1,0339537578532014;0,9083911368596145;1,1047964073504182;
1000;0,39021879663993453;0,5600477800448007;0,5904270718585217;0,3672491364106779;0,36843602025648436;0,38491290597812494;0,3726442272191409;0,5230362344437538;0,6445640144324017;0,6198849014222341;0,6580729892614497;0,7665807582613354;
1500;0,30084597642513994;0,3875220444453492;0,28869912309277146;0,32131499717231204;0,24810277725733176;0,1968864687806244;0,24887090149493377;0,2467108915782348;0,5172184827202982;0,4998539182534161;0,5279255785283101;0,5232106470706591;
2000;0,2053222227962005;0,2879910657486164;0,16065884554333376;0,1716595389873613;0,18183308157016612;0,09955753041187264;0,1873305141675961;0,22643659345534214;0,37419580549131176;0,4127433886297011;0,3259287173004;0,44022239941630564;
2500;0,19425990826406225;0,13685961426367751;0,11552834685808376;0,1396077675573722;0,14260165900473798;0,07433123325218206;0,14150714219750202;0,15397713732880344;0,3325077149470138;0,3394530064818814;0,2819947487053624;0,37130124310418616;
3000;0,15970206639580617;0,09689558911771914;0,0910676147388391;0,10776911694413886;0,08008470930561933;0,06319445625664126;0,11159505708314109;0,10454387763253065;0,25858878566858357;0,2641175290508201;0,2461873927633183;0,27192882755108816;
3500;0,1369121289535979;0,0839718487974003;0,06814249700653079;0,050915347417628515;0,0752037615832056;0,05730059055225797;0,09382833301566781;0,07631891053280344;0,17058551465066893;0,22244001251480272;0,21763833401317448;0,19496102403739135;
4000;0,07466503279921435;0,07049687844740386;0,06508633356437325;0,03715083300132661;0,07200048608302279;0,05188995427670113;0,0744510439552412;0,04917067114184007;0,16854448784517553;0,1907827958300292;0,21343663203165236;0,18236237875763356;
4500;0,05657602384751124;0,05534108434214047;0,0423913410909753;0,03510388765660415;0,040701136302229025;0,039704042028164105;0,07398070106920027;0,048769965535681546;0,14509886089337287;0,18363029145091303;0,19048285896699702;0,16530138020516613;
5000;0,05297471908125543;0,043333806636224166;0,024735985063226888;0,030175794474482303;0,03431883445327324;0,028610641659690232;0,06154593029978756;0,04800373170511597;0,12858567017467384;0,18224309701535718;0,18060732976467067;0,16319229147251502;
6000;0,029974796964285167;0,04297960230625241;0,01753265728681374;0,023673924047723484;0,033739151032680034;0,01664649883820317;0,057686784664357275;0,0475237196258074;0,09873081240945726;0,09660427897426506;0,11438671157294723;0,14387765632965152;
7000;0,017762387090574896;0,02204245368603867;0,015151533282580763;0,01888778455697231;0,026135632283930392;0,01655756461312886;0,04488049789390213;0,03953812691911008;0,05554462376302682;0,03984032907635302;0,07631060262163834;0,13715946656896752;
8000;0,014817001838895531;0,020802215361448738;0,014515868758882913;0,018859700181065125;0,023463942806309913;0,015625621293501667;0,01772646722133386;0,010353685285844941;0,03616291823461009;0,03444598619981243;0,07251285204947523;0,10543266427229299;
9000;0,010931315972864793;0,01763632670835947;0,013319438339327246;0,012613941267686536;0,01934756009858823;0,011259762225589985;0,008355909684046314;0,005987639806851454;0,035114551395862545;0,032409883372818846;0,04474250915211956;0,10442159249742566;
10000;0,008316009748338214;0,01303779284603802;0,011935390692886856;0,010701129386548908;0,014151877818473886;0,011259762225589985;0,008330305831665653;0,004964207910919786;0,03172663533582268;0,030037023390343684;0,04435878478735424;0,08548041856115024;
12000;0,00760168072805241;0,011105351698322264;0,009994344577618459;0,006600543692351914;0,010480903118932556;0,008529162138871641;0,0060631581484961615;0,0035028932458689246;0,027845484585024404;0,028355360889430494;0,044142718203775695;0,05931102519632189;
14000;0,007073103810483513;0,008433649756825954;0,007644215741201308;0,005283461564471278;0,005824841058648038;0,007665361623720183;0,004616733191346268;0,003213772901029216;0,012092771384410153;0,026588820404047305;0,042905533330276406;0,05776580965753129;
16000;0,005532789613704582;0,00721448798995937;0,006676057421771574;0,004326037082877076;0,005382255291898476;0,0066558020348485725;0,0034130419045252966;0,0017394181281376194;0,006207906221746944;0,005075270979337307;0,04189957660201504;0,05545195902166882;
18000;0,004275661123489574;0,006444817041984527;0,00494765195734412;0,004208535749117855;0,004894126039645628;0,005627104406346186;0,0032113983667909044;0,0014264705548740035;0,005244381621485441;0,004500381364875283;0,030255288433127983;0,048904808416710854;
20000;0,0035216152746405252;0,006019429779271116;0,0041159540905400605;0,003739972115951474;0,004311166104735301;0,005278268127542593;0,0031526099613150746;0,0013906015250025972;0,004392164808412005;0,004062523086703556;0,011646551540315684;0,026275018275280282;
25000;0,0023255536761821864;0,003822174747260094;0,003843106976135957;0,0027226657567925726;0,00311071237480784;0,004978958390035277;0,0018050228056736594;0,0009750294681120604;0,0031099524870532433;0,003679346172347756;0,003267278214220862;0,01925812919964611;
30000;0,0015251537946963988;0,003646024764397349;0,003344186936048893;0,0019412411589708124;0,002976656394127317;0,0034794669430785476;0,001512228112822259;0,0008053308658572018;0,0024700733300660263;0,0027278747664071117;0,002497682848137579;0,01908075684226035;
35000;0,0012544827107326335;0,0026261414949743044;0,003082962993386482;0,0018776781272386357;0,0020209249886469463;0,0020184026114784728;0,0014013914819231243;0,0006921228254600824;0,002142033427358541;0,002583321622710263;0,0017083518064460851;0,0030712313857213388;
40000;0,0011807638882082726;0,002413579323862345;0,0030509464059738697;0,001652778566155977;0,0015135201818862844;0,0017117479379762971;0,001335959299500585;0,0005938564438732418;0,002134532360842109;0,0025383536727143453;0,0009115094680552489;0,0027964244625238725;
45000;0,0011807638882082726;0,0022593320826711084;0,0026261451326969826;0,00081599631472122;0,0012877851725898628;0,0016359982352130455;0,0012323617718684678;0,00046295303772886945;0,0008252011164943375;0,001561342068153671;0,0007887169165693222;0,0022312724327827023;
50000;0,0010258848850956284;0,0021273856455435113;0,0019928290042910955;0,0007234536478103656;0,0012199051526043234;0,0014993659257067611;0,0007599675567599382;0,00041695570036119476;0,0007900765346919717;0,001275827744086606;0,0007887169165693222;0,0014649265917472903;
55000;0,000878272939522021;0,001988821090751642;0,001507493075433619;0,0007203813316330641;0,001077271500707672;0,0012807988691088698;0,0007380657168985256;0,0003656171790781843;0,0006564009810051637;0,0011964524573644946;0,0007265836863192141;0,0014648832786263101;
60000;0,0008576874322432833;0,001980343849656384;0,0014724597363986358;0,0007039294519501012;0,0010037678877770045;0,0011100572013187271;0,0006587516570223804;0,0003198709540056436;0,000602112200044582;0,001084653198060237;0,0006193195281123298;0,0011899778450968563;
65000;0,0008457497185821469;0,0015024170186516445;0,0012279508231306114;0,0005540937587746684;0,0010037678877770045;0,0010662226898261865;0,0006294871117418208;0,0003198709540056436;0,000602112200044582;0,0009263573697756364;0,0006193195281123298;0,0007542077975496776;
70000;0,0008384922319066214;0,0014168575511915554;0,0010290216898839646;0,0005304206569765577;0,0007853221427234466;0,0009539624553836427;0,0005471115364480149;0,0003147209723862928;0,0005956149923790513;0,0008887074515798889;0,0006193195281123298;0,0006785895718624903;
75000;0,0008210738018882511;0,0012744535420332176;0,0010290216898839646;0,00036274514781799643;0,0006783250279732486;0,0009539624553836427;0,0004922756239127476;0,0002938007734301857;0,00047641494118871977;0,0008187544510591549;0,0006179403435190914;0,0006785895718624903;
80000;0,0008210738018882511;0,0008600219202203497;0,0008903704158041613;0,00036274514781799643;0,0006783250279732486;0,0009201109486409402;0,00046814202248178315;0,00024285429832607796;0,0004571454349987494;0,0005919211351451591;0,000454747115716972;0,0005626589286585295;
85000;0,0008210738018882511;0,0007328791932909453;0,0008767707104734704;0,00030303637393609706;0,0006762723665241032;0,0007385084560678682;0,0004194887840720051;0,00020043806600655335;0,00041263288465415827;0,000574353743994663;0,000454747115716972;0,0005358090970731927;
90000;0,0008210738018882511;0,0006753013629170305;0,0008551097021445416;0,00029939961286467627;0,0006485935416074592;0,0006270771997506333;0,00036651712768842425;0,00017339040896710293;0,00034640418899306086;0,000574353743994663;0,00043418967793958134;0,0005358090970731927;
95000;0,0008210738018882511;0,0006697092927476967;0,0008451498593040798;0,0002554906622553671;0,0005399603549557249;0,0005814755693291686;0,0002893758037368958;0,00016816426242255233;0,0002958417238789211;0,000574353743994663;0,0003906935998427253;0,0005004020484192533;
100000;0,0007872812663294623;0,0006546003452945086;0,0007247083384402331;0,0002554906622553671;0,0004428289541622952;0,0004823159748769001;0,0002749755783018293;0,00016816426242255233;0,0002848096049686558;0,000574353743994663;0,0003906935998427253;0,0005004020484192533;



Execution Time: 2365644 ms
