




============================================================================
============================================================================
O que irá executar a seguir: executar_algoritmos
============================================================================
============================================================================













============================================================================
Função: Griewangk
============================================================================
parameter;AGEO1;AGEO2;AGEO3;AGEO4;AGEO1var;AGEO2var;AGEO3var;AGEO4var;
meanNFE;100100;100100;100100;100100;100100;100100;100100;100100;
meanFX;0,41885034115464526;0,09946672774745527;1,9662124107336871;0,1021085263044108;2,138724581071889;0,22890878793124245;0,08623165706235826;0,24222566376279672;
FXatual;0,41885034115464526;0,09946672774745527;1,9662124107336871;0,1021085263044108;2,138724581071889;0,22890878793124245;0,08623165706235826;0,24222566376279672;
medianFX;0,38304542943337916;0,10249491198642136;0,18076361199455182;0,10851456542195215;0,8664438891735193;0,17351955569212618;0,0663579499945981;0,14374110217744474;
sdFX;0,47681288583187853;0,0661937785467842;9,814787395141758;0,064330958219619;2,602220667651656;0,20604609457765363;0,11933635299462664;0,23510740046668707;
==========================================================
===> f(x) médio para cada NFE:
NFE;AGEO1;AGEO2;AGEO3;AGEO4;AGEO1var;AGEO2var;AGEO3var;AGEO4var;
5;264,960023116049;264,960023116049;264,960023116049;264,960023116049;264,960023116049;264,960023116049;264,960023116049;264,960023116049;
50;227,84231335766268;227,84231335766268;227,84231335766268;227,84231335766268;227,84231335766268;227,84231335766268;227,84231335766268;227,84231335766268;
100;217,46738408613712;217,46738408613712;217,46738408613712;217,46738408613712;217,46738408613712;217,46738408613712;217,46738408613712;217,46738408613712;
500;144,85685564042134;163,59845434559477;179,5619839582809;121,23554689865891;57,09015932285023;57,56566031564918;100,34963019473186;20,993602221709683;
1000;79,47656559915431;69,02849558307555;111,81977469069544;34,41077737719582;21,75810973811299;4,339022359097657;69,89331139292203;0,7889843225385545;
1500;48,010194117836946;23,26272715005445;72,35889425195744;12,813211991748824;13,782157077373457;0,4644606192872402;48,21867622634794;0,3552129302126087;
2000;30,317741765930844;8,642567928190788;56,14740466976192;5,417367385761926;11,645367511275676;0,3085207584434942;36,496267280561035;0,2584424755597773;
2500;19,735343344075478;3,737220353974818;52,59222437798851;2,669959330932629;10,913136306796929;0,24780566495521256;34,98670042099875;0,2423864671628785;
3000;11,63378621378703;1,982620511498555;45,37534548420888;1,629360521962212;9,019676520201243;0,229520652102772;24,87195649436275;0,24222566376279672;
3500;9,424766230466167;1,3873446756973882;35,148255121678964;1,2294911710679872;8,792983990968091;0,22897183593067577;20,903633867289315;0,24222566376279672;
4000;7,868960754918293;1,0543357510612215;32,70593837130958;0,9937207770067772;7,63303007343721;0,22897183593067577;14,805434533830296;0,24222566376279672;
4500;7,416048087779621;0,8639580037419924;32,16642046359469;0,8058507471531793;6,826209451407888;0,22890878793124245;12,504210426789033;0,24222566376279672;
5000;7,2054783915986125;0,7188247797113226;27,413717105772164;0,6657067156636954;6,826209451407888;0,22890878793124245;12,375080813692561;0,24222566376279672;
6000;6,446807154370488;0,478645517990258;20,34996378010853;0,5062496303591717;6,4249050251649455;0,22890878793124245;12,329232951428123;0,24222566376279672;
7000;5,894680607336889;0,38626746231770015;17,893132645814187;0,38942673958810003;6,04866394908446;0,22890878793124245;5,486658751231557;0,24222566376279672;
8000;4,927362583826151;0,33873051923667585;10,443212797830487;0,34182617410023847;5,252934609147489;0,22890878793124245;4,593249891957447;0,24222566376279672;
9000;4,805843882601715;0,3237037037120412;5,383400862771874;0,3263017639661973;4,71523551827221;0,22890878793124245;4,386098614696337;0,24222566376279672;
10000;4,799715451485607;0,30239272741560497;5,069981442799941;0,3252187755913512;3,8765968637010197;0,22890878793124245;4,38541204658486;0,24222566376279672;
12000;2,1780284810300707;0,27440933992483446;4,965790065398941;0,3007646312794769;3,3176457513791293;0,22890878793124245;4,3848360236656685;0,24222566376279672;
14000;0,7965440936273201;0,2541207881074804;4,929802838700185;0,27382002867047006;3,1772469955203926;0,22890878793124245;4,381638139745515;0,24222566376279672;
16000;0,5049389430770419;0,24165391498295996;4,926406298545363;0,27248633564651675;3,1772469955203926;0,22890878793124245;4,381638139745515;0,24222566376279672;
18000;0,5029382436606687;0,2338175899020892;4,9229846197497205;0,2583275254464558;2,9656773575467326;0,22890878793124245;4,381638139745515;0,24222566376279672;
20000;0,5029382436606687;0,22131302289812563;4,9135258716552555;0,2262501669864766;2,9656773575467326;0,22890878793124245;4,374506775490819;0,24222566376279672;
25000;0,5029382436606687;0,20641178535194402;4,901848269219723;0,20139445235272949;2,664051888948139;0,22890878793124245;2,8386266912336984;0,24222566376279672;
30000;0,5029382436606687;0,1911505802165479;4,889762810895691;0,18118276593835722;2,6057395470017988;0,22890878793124245;2,8378874482542704;0,24222566376279672;
35000;0,47707969452987625;0,169937990889803;4,376797678717308;0,15925691413309026;2,6057395470017988;0,22890878793124245;0,11808438080987306;0,24222566376279672;
40000;0,47707969452987625;0,16298159930129968;3,279476952644409;0,1545731074726492;2,5846327031946905;0,22890878793124245;0,10194493587008811;0,24222566376279672;
45000;0,47707969452987625;0,16108912306571924;3,2734859291270886;0,14937006423806268;2,39644600854461;0,22890878793124245;0,10194493587008811;0,24222566376279672;
50000;0,47707969452987625;0,14904409287689935;3,2734859291270886;0,14558444735194348;2,300447946534885;0,22890878793124245;0,0867553867528917;0,24222566376279672;
55000;0,47707969452987625;0,1334059652125678;3,2715895352807616;0,14260567861398019;2,285695118118298;0,22890878793124245;0,08672930226417178;0,24222566376279672;
60000;0,47707969452987625;0,132940816761803;3,270146323554343;0,1414969603138313;2,285695118118298;0,22890878793124245;0,08672930226417178;0,24222566376279672;
65000;0,47707969452987625;0,13205218343292444;3,2368120274925167;0,1369118108950337;2,285695118118298;0,22890878793124245;0,08672930226417178;0,24222566376279672;
70000;0,45403827824586657;0,1319579001709451;3,2363720344182445;0,1350620923166303;2,2275029225606375;0,22890878793124245;0,08672930226417178;0,24222566376279672;
75000;0,45403827824586657;0,11926370618731331;3,2363720344182445;0,12805887300799323;2,1414373240791305;0,22890878793124245;0,08623165706235826;0,24222566376279672;
80000;0,41885034115464526;0,11465571521677921;3,23583692205316;0,12489500254709167;2,1414373240791305;0,22890878793124245;0,08623165706235826;0,24222566376279672;
85000;0,41885034115464526;0,11188600836498604;3,2349332124880243;0,1176935634074763;2,138724581071889;0,22890878793124245;0,08623165706235826;0,24222566376279672;
90000;0,41885034115464526;0,10387785602010903;3,2335784264965324;0,1150528922238187;2,138724581071889;0,22890878793124245;0,08623165706235826;0,24222566376279672;
95000;0,41885034115464526;0,10250477941707634;2,253227075884967;0,10569434527307611;2,138724581071889;0,22890878793124245;0,08623165706235826;0,24222566376279672;
100000;0,41885034115464526;0,09946672774745527;1,9667164263385224;0,1021085263044108;2,138724581071889;0,22890878793124245;0,08623165706235826;0,24222566376279672;











============================================================================
Função: Rastringin
============================================================================
parameter;AGEO1;AGEO2;AGEO3;AGEO4;AGEO1var;AGEO2var;AGEO3var;AGEO4var;
meanNFE;100160;100160;100160;100160;100160;100160;100160;100160;
meanFX;18,859576044858155;15,054236303270617;24,52349657493796;15,571924595326312;25,898355529010562;22,437502916576253;28,018133766042283;22,2824460495543;
FXatual;18,859576044858155;15,054236303270617;24,52349657493796;15,571924595326312;25,898355529010562;22,437502916576253;28,018133766042283;22,2824460495543;
medianFX;19,037003532574303;14,945867273788679;21,19515272347691;14,943617388022275;26,045691954860516;22,975181459374085;21,989432453652718;22,03942715889309;
sdFX;7,303611405687121;4,238133735540809;19,707830245361116;5,550931631386357;10,001007940948206;7,145501763635638;23,400573419506166;5,035115163228118;
==========================================================
===> f(x) médio para cada NFE:
NFE;AGEO1;AGEO2;AGEO3;AGEO4;AGEO1var;AGEO2var;AGEO3var;AGEO4var;
5;230,2082736119989;230,2082736119989;230,2082736119989;230,2082736119989;230,2082736119989;230,2082736119989;230,2082736119989;230,2082736119989;
50;222,49311259544487;222,49311259544487;222,49311259544487;222,49311259544487;222,49311259544487;222,49311259544487;222,49311259544487;222,49311259544487;
100;218,96461471577865;218,96461471577865;218,96461471577865;218,96461471577865;218,96461471577865;218,96461471577865;218,96461471577865;218,96461471577865;
500;207,4919221105524;210,47841350918742;215,5200779731342;206,86674687507696;158,89539555730698;179,93535900634396;195,59731561902083;140,6403124876335;
1000;186,59514435627997;190,41039988127886;208,67688871721302;177,87395142086248;90,03804497556956;85,34207116559448;141,76358433930864;57,74180169227487;
1500;171,0499257737165;171,07460031830485;202,6019121067043;155,6021833350951;62,84261580865184;47,793556797964875;114,09962938468703;32,72803363199798;
2000;148,36622654697243;141,63236555764735;190,89214133565622;129,26548258267752;41,681874003573164;28,710270744257937;87,3022857240392;23,899966690856456;
2500;134,57325589284497;124,40211882461176;184,01912198723272;111,85476126053514;35,21095200083332;23,911253315115676;80,39752178279431;22,625291013939577;
3000;118,14863550439387;102,74892976965411;171,6839134396242;91,93821932054749;31,594166754285066;22,713556655991376;74,5115993582086;22,440245717418737;
3500;109,85391259234909;91,05089367991583;163,3688287849918;81,67263341051354;30,752356347250856;22,581549242588874;72,86968126022754;22,30003869698045;
4000;97,8126069928205;75,28011835181006;152,15574391034562;67,96497253030734;30,143132372858698;22,56981761214824;70,83853864719481;22,28283777388804;
4500;88,53834081317318;65,08008684522503;143,74504701190213;59,9300956974795;29,968236865174905;22,569085969132058;65,49243346780332;22,282496558532138;
5000;79,72224728632227;57,35904759105129;137,7568799531343;52,479400581078934;29,854890006532855;22,568882255318137;62,062185694367834;22,28247789168716;
6000;65,62308628663985;45,338942427628;123,95350153836824;41,8384932599902;28,78439936517202;22,568730610021532;58,014551536405065;22,28245270642525;
7000;53,60896012569398;36,95263692506726;112,04001533321038;34,25313071276667;27,737782594843033;22,568702905107656;54,09365539949954;22,28244662626341;
8000;45,06679454320247;30,986955245315794;100,73645689508159;28,788015463553254;27,58938538832779;22,568702180177294;50,95341855250779;22,28244662626341;
9000;38,97577835185289;26,57403361348866;91,3049754944622;24,818197681609654;27,58938538832779;22,56870217192306;49,249379310200375;22,28244662626341;
10000;35,15400272933566;23,856090031108543;84,23992838398716;22,46666811748783;27,58938538832779;22,440673341785743;48,43596185504392;22,28244662626341;
12000;30,10029636083904;20,764598105780504;76,12548533254024;19,96233898483264;27,58938538832779;22,43750336037771;48,308471814914945;22,2824460495543;
14000;27,229344018112613;19,680483549873284;64,9087480412255;19,02216608366165;27,32565103691277;22,437502916576253;45,50840161180801;22,2824460495543;
16000;25,73023107943272;19,178471062140677;60,406465418744865;18,673534132481905;27,13818256847023;22,437502916576253;42,26110361937459;22,2824460495543;
18000;25,07953181736525;19,00488120188412;58,81346836883567;18,50678601903851;26,10764350013353;22,437502916576253;41,194315674002766;22,2824460495543;
20000;24,618349274651287;18,93076786057603;57,77520177668228;18,43614237074945;26,10764350013353;22,437502916576253;41,1943007622762;22,2824460495543;
25000;23,45814688622874;18,87009922438496;51,68337386915246;18,37936685401782;26,10764350013353;22,437502916576253;38,63607778870871;22,2824460495543;
30000;22,8474373131289;18,8598009677448;45,00218119122001;18,368786416127552;26,10764350013353;22,437502916576253;38,31948002506819;22,2824460495543;
35000;21,56595892640447;18,856255618951796;44,10722211091685;18,217579370587764;26,10764350013353;22,437502916576253;38,319471368828616;22,2824460495543;
40000;20,75568880264915;18,597599004340445;43,907538498351265;18,016340185252215;26,10764350013353;22,437502916576253;38,02776625914089;22,2824460495543;
45000;20,68293035560728;18,175519887675343;38,817767383728906;17,690927707957474;26,10764350013353;22,437502916576253;33,55467554388257;22,2824460495543;
50000;19,589728840599534;17,786448065288784;32,0187833179954;17,25886530693814;26,10764350013353;22,437502916576253;30,48681215149553;22,2824460495543;
55000;19,036919032695014;17,621776489507862;26,066153671274954;16,95623870519349;26,10764350013353;22,437502916576253;30,059387161638668;22,2824460495543;
60000;19,036820795289568;17,466163734588935;24,93700196629892;16,599434755529973;26,10764350013353;22,437502916576253;30,05938231015962;22,2824460495543;
65000;19,03681971717557;17,025734602276938;24,68545998609663;16,508948570842502;26,10764350013353;22,437502916576253;30,05938231015962;22,2824460495543;
70000;19,03681971717557;16,93504419266231;24,665791782736267;16,369802235432747;26,10764350013353;22,437502916576253;30,05938231015962;22,2824460495543;
75000;19,03681971717557;16,464151943074814;24,663955866591333;16,003161191957457;26,10764350013353;22,437502916576253;29,374090080343425;22,2824460495543;
80000;19,009557225255428;16,29062263881091;24,663784687768295;15,809486158672184;26,10764350013353;22,437502916576253;29,374090080343425;22,2824460495543;
85000;19,009557225255428;15,806461005072586;24,642440587891766;15,73711031568004;25,898355529010562;22,437502916576253;29,373044822752863;22,2824460495543;
90000;19,009557225255428;15,41916673292227;24,52349657493796;15,703126403407952;25,898355529010562;22,437502916576253;28,754434865678004;22,2824460495543;
95000;19,009557225255428;15,217068051047539;24,52349657493796;15,57192807468147;25,898355529010562;22,437502916576253;28,281661286374458;22,2824460495543;
100000;18,96457463781841;15,054236303270617;24,52349657493796;15,571924595326312;25,898355529010562;22,437502916576253;28,018133766042283;22,2824460495543;











============================================================================
Função: Rosenbrock
============================================================================
parameter;AGEO1;AGEO2;AGEO3;AGEO4;AGEO1var;AGEO2var;AGEO3var;AGEO4var;
meanNFE;100022;100022;100022;100022;100022;100022;100022;100022;
meanFX;0,00015437593229168477;3,327258916666959E-05;0,0010700968062500188;2,1825779583335317E-05;0,032245012863125026;0,8274547998008331;0,8399995640135419;1,4485814756006248;
FXatual;0,00015437593229168477;3,327258916666959E-05;0,0010700968062500188;2,1825779583335317E-05;0,032245012863125026;0,8274547998008331;0,8399995640135419;1,4485814756006248;
medianFX;0,00016545610000005996;2,029100624999996E-05;0,0003918976000001078;6,253906249999715E-06;0,00013944010000007168;0,7737203230062508;0,22707386010000438;0,7893334414062506;
sdFX;9,866879517122898E-05;4,743070710251548E-05;0,001303114065269541;3,7478840124698294E-05;0,14421661119242976;1,2145026753091486;1,4368520131020834;1,8008240791204702;
==========================================================
===> f(x) médio para cada NFE:
NFE;AGEO1;AGEO2;AGEO3;AGEO4;AGEO1var;AGEO2var;AGEO3var;AGEO4var;
5;44,84289499054605;44,84289499054605;44,84289499054605;44,84289499054605;44,84289499054605;44,84289499054605;44,84289499054605;44,84289499054605;
50;16,001632706919374;5,763400537706044;11,051457115812708;12,528538623506043;10,036696473662916;5,3149801118093745;11,583909574526045;6,352884468079168;
100;3,590728231986041;4,0734282766262515;2,1196708878793746;2,2155343902891667;2,8814841101099993;1,6064712911993744;8,86728077116;2,311198412212708;
500;0,9837930832137507;0,8072397928904164;1,0988422095381247;1,1041831869341663;0,7739381941770833;0,8279749176141665;1,0585200190877087;1,4752351944041664;
1000;0,7302250794800005;0,5173317639375002;0,4823694029012499;0,6599776315241667;0,29247341489041667;0,8274547998008331;0,8706631744575005;1,472777371060833;
1500;0,3438681859939588;0,40342403646687525;0,3443143800112498;0,4791822592208336;0,14556341746645832;0,8274547998008331;0,8675368472137504;1,472777371060833;
2000;0,24705458717291734;0,39020163188354196;0,21899018929124964;0,4165946148200002;0,08273970647375029;0,8274547998008331;0,854673566480417;1,472777371060833;
2500;0,21299141312375056;0,3649979659731253;0,1589118151443748;0,40688197700666684;0,07255863232000023;0,8274547998008331;0,8529871230668754;1,4485814756006248;
3000;0,16892360518708363;0,2135213978031252;0,12523779649041653;0,3766015173200001;0,06565033933666692;0,8274547998008331;0,8428907343468754;1,4485814756006248;
3500;0,07317089086416681;0,1780254134933335;0,11293055127041654;0,3405996460531251;0,05936685869687527;0,8274547998008331;0,8422129075002086;1,4485814756006248;
4000;0,07017730309770841;0,0961002990297918;0,09159644728729173;0,1687900594035417;0,05333350456354179;0,8274547998008331;0,8422129075002086;1,4485814756006248;
4500;0,043497631140416756;0,04904373766312505;0,0806580320602084;0,1548946717400001;0,05077047536687514;0,8274547998008331;0,8422129075002086;1,4485814756006248;
5000;0,0354970491308333;0,04122426061937504;0,026227747426666562;0,1532570186600001;0,049370769906666806;0,8274547998008331;0,8421836874468752;1,4485814756006248;
6000;0,030524068830625035;0,039095594719791724;0,02498339894979166;0,12597561336604174;0,046380062960000044;0,8274547998008331;0,8401205016970835;1,4485814756006248;
7000;0,017940613436666787;0,037695450549791724;0,023482926849791686;0,08337959569291672;0,04338510056624998;0,8274547998008331;0,8401205016970835;1,4485814756006248;
8000;0,01483744999375011;0,013672186453125023;0,02067462099645832;0,0621469200660417;0,04105954329625003;0,8274547998008331;0,8401205016970835;1,4485814756006248;
9000;0,009568920227083366;0,00407686037583335;0,019445184049791665;0,027813771638958353;0,03892800952333333;0,8274547998008331;0,8401205016970835;1,4485814756006248;
10000;0,008153649003333362;0,0033741350531250134;0,013155328266250004;0,0217320301225;0,03892800952333333;0,8274547998008331;0,8401205016970835;1,4485814756006248;
12000;0,005908462606666697;0,00309446337625;0,010769772328958278;0,014746398785833309;0,03738090385958335;0,8274547998008331;0,8401205016970835;1,4485814756006248;
14000;0,004572709866249989;0,0005114466562500026;0,008246823246041729;0,010416135292083338;0,035080350683750046;0,8274547998008331;0,8401205016970835;1,4485814756006248;
16000;0,0035375076693749665;0,0005021181960416665;0,007966838792916715;0,008284326172083346;0,03497947393687503;0,8274547998008331;0,8401205016970835;1,4485814756006248;
18000;0,0027925420029166455;0,0004987124262499997;0,006741835842916719;0,008265265498750009;0,034201790936875025;0,8274547998008331;0,8401205016970835;1,4485814756006248;
20000;0,002066584539583328;0,00048201768250000107;0,006683415176041715;0,008260494665625008;0,03399706715062504;0,8274547998008331;0,8401205016970835;1,4485814756006248;
25000;0,0012429309060416676;0,0003821649487500023;0,006076932725833389;0,0003061160718750004;0,03333669663041671;0,8274547998008331;0,8401205016970835;1,4485814756006248;
30000;0,0008936070893750275;0,00032917349854166947;0,004581043562500024;0,0003040243550000007;0,033083819283333385;0,8274547998008331;0,8399995640135419;1,4485814756006248;
35000;0,0007769967060416965;0,00031383559833333843;0,0031247571658333576;0,00024325928458332992;0,03290654249354172;0,8274547998008331;0,8399995640135419;1,4485814756006248;
40000;0,000539893749791679;7,759956500000863E-05;0,00249644011666667;0,0002355668512499958;0,03283913405312503;0,8274547998008331;0,8399995640135419;1,4485814756006248;
45000;0,0005305369135416831;7,101139854167197E-05;0,0024912545997916686;0,00022266668791666634;0,03267503451625002;0,8274547998008331;0,8399995640135419;1,4485814756006248;
50000;0,0003694360268750176;6,608291916667536E-05;0,001936665126249995;8,693805124999927E-05;0,03257058192645835;0,8274547998008331;0,8399995640135419;1,4485814756006248;
55000;0,0003548513464583536;5,752811937500469E-05;0,0018676153793749971;7,378789812500181E-05;0,03255583951291669;0,8274547998008331;0,8399995640135419;1,4485814756006248;
60000;0,0003548513464583536;5,546662583333796E-05;0,0014017650062500045;5,835109812500207E-05;0,03242256154958337;0,8274547998008331;0,8399995640135419;1,4485814756006248;
65000;0,0003017191593750176;5,546662583333796E-05;0,0013849794562500065;5,799776479166808E-05;0,032409460619375045;0,8274547998008331;0,8399995640135419;1,4485814756006248;
70000;0,00023905699583335094;5,468416229167046E-05;0,001280570076249998;5,273324187500194E-05;0,032395112286041715;0,8274547998008331;0,8399995640135419;1,4485814756006248;
75000;0,00019304820916667714;4,872998208333582E-05;0,0012779286595833398;4,357614895833331E-05;0,03235769083625004;0,8274547998008331;0,8399995640135419;1,4485814756006248;
80000;0,00017551735916667975;4,8187001875002525E-05;0,0011389721431250112;3,7065692291666666E-05;0,03231049824270838;0,8274547998008331;0,8399995640135419;1,4485814756006248;
85000;0,0001678755956250162;4,399424875000259E-05;0,0011389721431250112;3,216244229166771E-05;0,032276008143333375;0,8274547998008331;0,8399995640135419;1,4485814756006248;
90000;0,0001678755956250162;4,258829875000264E-05;0,001091850056250016;3,033247229166747E-05;0,0322483658797917;0,8274547998008331;0,8399995640135419;1,4485814756006248;
95000;0,0001621881020833483;4,09552956250026E-05;0,0010898598562500159;2,1825779583335317E-05;0,032245012863125026;0,8274547998008331;0,8399995640135419;1,4485814756006248;
100000;0,00015437593229168477;3,327258916666959E-05;0,0010700968062500188;2,1825779583335317E-05;0,032245012863125026;0,8274547998008331;0,8399995640135419;1,4485814756006248;











============================================================================
Função: Schwefel
============================================================================
parameter;AGEO1;AGEO2;AGEO3;AGEO4;AGEO1var;AGEO2var;AGEO3var;AGEO4var;
meanNFE;100000;100000;100000;100000;100000;100000;100000;100000;
meanFX;662,1874605526984;528,3674368277651;768,0156738215218;423,5249135394313;762,6509565818357;1007,5724826772056;885,4792380797488;979,3289812045826;
FXatual;662,1874605526984;528,3674368277651;768,0156738215218;423,5249135394313;762,6509565818357;1007,5724826772056;885,4792380797488;979,3289812045826;
medianFX;683,8540855029087;524,9535428660051;752,6448946829419;421,2704286958733;758,3110992192692;1097,157038891086;917,1965771337632;993,6912634617506;
sdFX;196,7326168021964;174,93809022010356;214,68915906323696;151,90871384187918;193,041794998518;283,63027719412054;281,82762956803316;212,01566354086816;
==========================================================
===> f(x) médio para cada NFE:
NFE;AGEO1;AGEO2;AGEO3;AGEO4;AGEO1var;AGEO2var;AGEO3var;AGEO4var;
5;3933,91509912639;3933,91509912639;3933,91509912639;3933,91509912639;3933,91509912639;3933,91509912639;3933,91509912639;3933,91509912639;
50;3705,685257804348;3705,685257804348;3705,685257804348;3705,685257804348;3705,685257804348;3705,685257804348;3705,685257804348;3705,685257804348;
100;3555,2323385069517;3555,2323385069517;3555,2323385069517;3555,2323385069517;3555,2323385069517;3555,2323385069517;3555,2323385069517;3555,2323385069517;
500;3167,87959483115;3112,846339832794;3279,776664843189;2862,9115465916534;2266,228544577883;2237,038425201488;2919,1399042763724;1651,4992378870388;
1000;2697,2566531167604;2390,7724476308995;2745,6754542167623;2101,026404022033;1399,3826174124267;1369,3067745247595;2304,715675479737;1047,737194655534;
1500;2344,147455376065;1799,90246608026;2346,87326933091;1634,6748492682775;1220,4059799731062;1050,041575796658;1997,2231564382967;983,0341291237485;
2000;2041,801957050336;1443,9062084165098;2057,7044893839516;1314,4190140047328;1179,6164464053484;1030,0014163344206;1774,8113815763547;979,4811229627768;
2500;1833,8865598001896;1185,1459550945403;1784,470926574205;1095,3210339364755;1136,7095322813323;1026,9589850037582;1597,0933453268822;979,3350837937539;
3000;1709,3321699396404;1055,9131192695281;1584,7128698416955;990,1797896375439;1135,7731174861187;1026,6969861558703;1420,6679668553004;979,331789344764;
3500;1590,818407953706;989,6593007854034;1466,6111555310176;936,0187430602733;1100,6373246682367;1009,763342285695;1370,038745234394;979,3289812045826;
4000;1460,2734592135484;948,0337387620606;1362,8490085473275;903,1903786461775;1081,8375133502186;1007,5725296816088;1328,2978102159807;979,3289812045826;
4500;1352,7601903303666;926,8830899628381;1285,9544853050925;888,1942009829282;1075,7546603663584;1007,5724826772056;1312,8538942890077;979,3289812045826;
5000;1259,9198004279067;914,7995058456687;1242,448556104331;881,428680504995;1067,2928211096742;1007,5724826772056;1312,8420470692483;979,3289812045826;
6000;1150,9483669722274;904,9290750651022;1210,9898284277874;875,090787307158;1050,1519295395217;1007,5724826772056;1296,5359437874383;979,3289812045826;
7000;1111,8241395681414;902,125107552456;1160,5172320641075;873,5288253524526;1043,7612656442218;1007,5724826772056;1193,9204377377328;979,3289812045826;
8000;1062,3400984068708;901,2077240413439;1095,246376720868;869,7881946064574;1041,6125975598027;1007,5724826772056;1155,7634390894177;979,3289812045826;
9000;998,3365710750792;899,8278682109636;1039,725324566068;869,5997048675592;1019,9877107442337;1007,5724826772056;1155,7424450396284;979,3289812045826;
10000;946,3896273773116;891,7809448945087;1027,8542562365355;864,5716106300449;1001,6346971872098;1007,5724826772056;1120,318197031573;979,3289812045826;
12000;920,2965689666221;867,6859703042612;993,4581388137015;850,7808959195572;997,2808366843225;1007,5724826772056;1109,5794444839732;979,3289812045826;
14000;916,5621000331314;852,6562341316387;989,5255970929801;838,1675678281764;985,6452250428924;1007,5724826772056;1100,4147793094971;979,3289812045826;
16000;905,889749003653;826,6755741247563;926,9486815114402;824,1654761173643;973,1764054186873;1007,5724826772056;1072,6341691670646;979,3289812045826;
18000;905,8732684722304;820,0245156493108;915,1607469081687;807,96655469446;951,1469601425257;1007,5724826772056;1055,7493752394198;979,3289812045826;
20000;898,1690232646557;800,5699661412582;872,0257160998242;784,8679983240925;951,1469601425257;1007,5724826772056;1055,7493752394198;979,3289812045826;
25000;872,7602782115188;745,5932926419906;856,4014808995341;750,3778769063207;901,8348162837771;1007,5724826772056;1020,4273189652116;979,3289812045826;
30000;848,2709743377512;710,756907940154;840,5233292957358;707,4126007107756;876,4321269216289;1007,5724826772056;1006,5921909467535;979,3289812045826;
35000;807,5427028626398;672,8991760398226;840,5106166625477;673,4729153435457;838,273955389072;1007,5724826772056;983,1463231648919;979,3289812045826;
40000;791,4745808573699;658,3774751179772;840,1374246127177;644,818114143937;813,9636435826952;1007,5724826772056;983,1463231648919;979,3289812045826;
45000;786,1330148787875;641,3709363430321;830,5373413171985;609,7643299120025;813,3740037440291;1007,5724826772056;975,344815294661;979,3289812045826;
50000;771,360815313375;635,1378223562436;804,1597577940039;586,8465709552382;803,4059154625031;1007,5724826772056;975,344815294661;979,3289812045826;
55000;752,6592309424702;632,7520783422859;799,5653932104534;567,0130506434884;803,4059154625031;1007,5724826772056;920,5163505643133;979,3289812045826;
60000;730,1731046810739;630,2361958828632;799,5597620651316;548,0695078704465;797,1175340703178;1007,5724826772056;911,4477752878349;979,3289812045826;
65000;727,4394424509427;624,3874053725613;797,2313509851974;530,4875117867957;797,1175340703178;1007,5724826772056;911,4477752878349;979,3289812045826;
70000;683,1882815749644;613,6266603785665;793,881882926524;507,3047432409787;785,9549678781258;1007,5724826772056;896,9655389141819;979,3289812045826;
75000;675,2554523187205;584,6065059383097;789,7825547575947;491,0170132397691;777,7333380829182;1007,5724826772056;896,9655389141819;979,3289812045826;
80000;671,084943487265;576,0584707098153;776,6136606431089;469,8853902768363;772,310223489698;1007,5724826772056;892,4525543502921;979,3289812045826;
85000;671,0229170352651;565,6617609321718;768,3922706151257;457,7330763003403;772,310223489698;1007,5724826772056;892,4525543502921;979,3289812045826;
90000;669,0368581433137;544,6565129697012;768,0156738215218;441,5566470303527;772,310223489698;1007,5724826772056;892,4525543502921;979,3289812045826;
95000;669,0368581433137;536,3851539244965;768,0156738215218;433,89354314484166;772,310223489698;1007,5724826772056;886,3771279758176;979,3289812045826;
100000;662,1874605526984;528,3674368277651;768,0156738215218;423,5249135394313;764,7053702045702;1007,5724826772056;885,4792380797488;979,3289812045826;











============================================================================
Função: Ackley
============================================================================
parameter;AGEO1;AGEO2;AGEO3;AGEO4;AGEO1var;AGEO2var;AGEO3var;AGEO4var;
meanNFE;100320;100320;100320;100320;100320;100320;100320;100320;
meanFX;0,4689663702758222;0,4170595585832825;2,1564120588433724;0,48617514403840933;4,336123536125265;1,378870481306617;2,082878109748029;1,6742605078465833;
FXatual;0,4689663702758222;0,4170595585832825;2,1564120588433724;0,48617514403840933;4,336123536125265;1,378870481306617;2,082878109748029;1,6742605078465833;
medianFX;0,005178256931138492;0,004500504345728018;0,02763649680347413;0,004288157610780274;1,7781184476015106;1,7780344224881297;1,6462890538384976;1,6464888916923108;
sdFX;0,7309303028189216;0,6994560089370151;5,134604908231452;0,7581225798574556;5,262383606723508;0,7935903229316247;2,2684248529481152;0,3660768995176062;
==========================================================
===> f(x) médio para cada NFE:
NFE;AGEO1;AGEO2;AGEO3;AGEO4;AGEO1var;AGEO2var;AGEO3var;AGEO4var;
5;21,003412433718623;21,003412433718623;21,003412433718623;21,003412433718623;21,003412433718623;21,003412433718623;21,003412433718623;21,003412433718623;
50;20,963467960400543;20,963467960400543;20,963467960400543;20,963467960400543;20,963467960400543;20,963467960400543;20,963467960400543;20,963467960400543;
100;20,950178810985793;20,950178810985793;20,950178810985793;20,950178810985793;20,950178810985793;20,950178810985793;20,950178810985793;20,950178810985793;
500;20,899716450275694;20,906494938409658;20,908880665430335;20,88298610693047;20,250561997392747;20,415756377422934;20,790179599782753;19,966691514030675;
1000;20,823540572723672;20,849356369118304;20,86954635654142;20,77214835628124;19,37207665480336;19,455915118407905;20,393712167982205;17,926434664796766;
1500;20,725482002039545;20,74530874645874;20,84357855369444;20,643201483898505;18,322542568235782;17,717182501011205;19,7143704074271;15,527647227178136;
2000;20,635117960948946;20,615145095991224;20,791200945593484;20,456133593374282;16,56429646211574;15,401184889205288;18,45652272229078;12,099516693851228;
2500;20,50031965216296;20,43836832337682;20,720549626939768;20,228160207339076;14,873376274300515;12,589778153492968;17,107111952640324;8,01327479024474;
3000;20,34040282698833;20,24312243331239;20,624879602751516;20,0072586142767;13,02164374752952;9,24322637020802;15,370996502617098;5,023163810726663;
3500;20,17273956566993;20,012907451308987;20,501464185034127;19,745586542571665;10,379183558077722;6,024432976926383;13,16544723843776;3,2421989189370737;
4000;19,967833500630608;19,761510804930953;20,36098199883949;19,478869036972696;8,311375832191338;3,808170741751734;12,035474791903933;2,014982965248884;
4500;19,764062307998085;19,48323778338614;20,226117612177415;19,17690821508556;6,652395156015869;2,670675654658248;10,585261478901547;1,776315285830864;
5000;19,529615194212017;19,202317996678243;20,066911860984995;18,83940502880621;5,580814594830815;1,9244649376584908;9,292566995204378;1,7055958762089878;
6000;18,99617964297545;18,543302622720375;19,691846668784965;18,15543212680586;4,869850654628353;1,534341592709599;7,76466973961716;1,6772786960398505;
7000;18,40415829405968;17,773577349309228;19,27431593896493;17,334704175993824;4,537389494788828;1,414548081636494;6,921102387703717;1,674370409073094;
8000;17,743209068795327;16,97693132301906;18,804746537797943;16,494203585088638;4,433172783086531;1,3856320681662113;6,277868487953286;1,6742622424130356;
9000;17,040280957369717;16,136500741621795;18,300901193063414;15,587260718520566;4,4301155054831005;1,3791534551272582;5,542104069004728;1,6742606144407177;
10000;16,29501750957036;15,29937037918193;17,760615575403225;14,717819268488485;4,428320075778985;1,3789063199314384;4,711014494689156;1,6742606144407177;
12000;14,762971948330213;13,740269686076614;16,54243647140065;13,09033121214166;4,428281435124895;1,3788710265195145;3,8675088695090305;1,6742605143938216;
14000;13,158799355318886;12,16276524900757;15,262050930518713;11,607839854530924;4,428281435124895;1,378870481306617;3,600895638908062;1,6742605078465833;
16000;11,866575374851992;10,784759838077498;14,263736868604783;10,27816677471636;4,413454406116034;1,378870481306617;3,557561144916193;1,6742605078465833;
18000;10,640517429370256;9,539405169969646;13,269264719504223;9,096324329603656;4,40306161891329;1,378870481306617;3,406837042565156;1,6742605078465833;
20000;9,498969261455489;8,471784348337332;12,356589012791613;8,119279359870642;4,40306161891329;1,378870481306617;3,406827363018479;1,6742605078465833;
25000;7,140180709735467;6,228364459579875;10,313602669329363;5,9537481884540036;4,362546725393429;1,378870481306617;3,4065211941663756;1,6742605078465833;
30000;5,446943016091641;4,635454671932726;8,782052956942259;4,455330978497996;4,362546725393429;1,378870481306617;3,344831815930262;1,6742605078465833;
35000;4,156136324646373;3,555882238583366;7,686654307677001;3,421583192425008;4,362546725393429;1,378870481306617;2,5052672923459567;1,6742605078465833;
40000;3,1164458960587735;2,6498867383711366;6,7820434777926755;2,555933169452773;4,362546725393429;1,378870481306617;2,3370066826515252;1,6742605078465833;
45000;2,339438783921694;1,939132060567718;6,138341355520014;1,8848568487310433;4,362546725393429;1,378870481306617;2,33694576184574;1,6742605078465833;
50000;1,6714833494153511;1,3528364868150604;5,482983305273374;1,2969513656440943;4,362546725393429;1,378870481306617;2,336945172845871;1,6742605078465833;
55000;1,120977664658933;0,9231576520131999;4,956966257452331;0,9228379729334338;4,362546725393429;1,378870481306617;2,3325562582127515;1,6742605078465833;
60000;0,845286938413398;0,6740302914739987;4,3906134825691705;0,7314132551521255;4,347972182202714;1,378870481306617;2,330768850385266;1,6742605078465833;
65000;0,6639310160869237;0,5316321036808255;3,7375140072050197;0,6079870093341224;4,347972182202714;1,378870481306617;2,3179863780501107;1,6742605078465833;
70000;0,5686057082783791;0,4818789630762358;3,386162675696671;0,5451318997021762;4,347972182202714;1,378870481306617;2,3179698804851037;1,6742605078465833;
75000;0,5116087874505457;0,4541301915931046;3,08573438120443;0,5205293104306267;4,347972182202714;1,378870481306617;2,2739361444212034;1,6742605078465833;
80000;0,4908141713938568;0,4394800295505945;2,9252998733041102;0,5074847904263413;4,336123536125265;1,378870481306617;2,0872705942474132;1,6742605078465833;
85000;0,48029932247744517;0,4307494513062758;2,707716937157054;0,49971339988320906;4,336123536125265;1,378870481306617;2,087269824821293;1,6742605078465833;
90000;0,4745508189308943;0,42598856459457496;2,454772945619938;0,4953336566676499;4,336123536125265;1,378870481306617;2,082881630651531;1,6742605078465833;
95000;0,4711251571737147;0,4232676301291279;2,271792092577401;0,4927936662881969;4,336123536125265;1,378870481306617;2,0828781850476767;1,6742605078465833;
100000;0,46901349819285965;0,41708579322959083;2,157018760865613;0,4861821326374928;4,336123536125265;1,378870481306617;2,082878109748029;1,6742605078465833;











============================================================================
Função: Beale
============================================================================
parameter;AGEO1;AGEO2;AGEO3;AGEO4;AGEO1var;AGEO2var;AGEO3var;AGEO4var;
meanNFE;100022;100022;100022;100022;100022;100022;100022;100022;
meanFX;0,0001792591039019104;0,00043557891516929776;0,0011465371994443569;0,09667619730730052;0,022537158513198208;0,856844626371958;0,4878648295470157;1,2819510121545439;
FXatual;0,0001792591039019104;0,00043557891516929776;0,0011465371994443569;0,09667619730730052;0,022537158513198208;0,856844626371958;0,4878648295470157;1,2819510121545439;
medianFX;7,478640824456185E-05;7,752629566652321E-05;0,0006585431361487116;0,00019558887361085744;0,00014898025867013915;0,6591716311329252;0,087980961904365;0,7068389939192767;
sdFX;0,000241089142005431;0,001330047717333242;0,0013889072164828542;0,29508532358431616;0,12025210997683501;1,1398057467909344;0,9203034734338463;1,2581660561069747;
==========================================================
===> f(x) médio para cada NFE:
NFE;AGEO1;AGEO2;AGEO3;AGEO4;AGEO1var;AGEO2var;AGEO3var;AGEO4var;
5;268,26629478189636;268,26629478189636;268,26629478189636;268,26629478189636;268,26629478189636;268,26629478189636;268,26629478189636;268,26629478189636;
50;7,358602276412082;4,572328864638577;3,485223545755405;4,8287574276382115;5,92372631951486;4,38451277438091;4,706052948192519;4,814254438896169;
100;3,6399154954244914;3,300232919003029;2,1304255631577282;2,608682994605135;2,4155712150377098;2,286328135855905;2,305821039248922;2,1427505269986242;
500;0,7593065878253806;1,2803560512517635;0,8238019583963532;0,815515450084767;0,6008336288267252;0,9124894053846716;0,7538587742480682;1,292468269173888;
1000;0,4384228092784424;0,8827537044360455;0,5768853898778966;0,5225459829281208;0,2769933210040897;0,8573469742264754;0,6132005561594104;1,2835684180046738;
1500;0,3941434711642347;0,6094289512675714;0,33821629536458075;0,445023680316148;0,1809180943789664;0,8569000034187344;0,5628830691675968;1,2819765872660516;
2000;0,2983227411100495;0,5133319925447251;0,249264054439453;0,42159527290794363;0,14000676177669355;0,856844626371958;0,5082796243147143;1,2819510121545439;
2500;0,2032335889645352;0,37034964657066805;0,17006712561052983;0,4198599664307638;0,0871146922317514;0,856844626371958;0,5014283303064626;1,2819510121545439;
3000;0,16707814536867083;0,3083183063739717;0,13097168755441252;0,3558246762757082;0,0785477710915507;0,856844626371958;0,5014283303064626;1,2819510121545439;
3500;0,15769125863052708;0,25197978465556675;0,09724507828879453;0,302089042049024;0,07016311083302665;0,856844626371958;0,5014283303064626;1,2819510121545439;
4000;0,14494278506050273;0,22295531269449403;0,07217385926976595;0,2893554858102135;0,06682117771043514;0,856844626371958;0,487884749601012;1,2819510121545439;
4500;0,12382015657375155;0,17336919702232395;0,0579410747216385;0,2830996146936061;0,05646992695155319;0,856844626371958;0,487884749601012;1,2819510121545439;
5000;0,1034777110333918;0,13395492693918795;0,052245901140827854;0,26843734432851285;0,04136911190380757;0,856844626371958;0,487884749601012;1,2819510121545439;
6000;0,0460800091898832;0,1036647134349511;0,02702419912607073;0,2591461297271193;0,03320735511803353;0,856844626371958;0,487884749601012;1,2819510121545439;
7000;0,04435193555736769;0,09551565353702514;0,017481669556906842;0,23444990117967388;0,030481911010928828;0,856844626371958;0,487884749601012;1,2819510121545439;
8000;0,021221440195798098;0,09450621533265703;0,013206532969004255;0,21390895073156396;0,02878364087881002;0,856844626371958;0,487884749601012;1,2819510121545439;
9000;0,0171397972666193;0,0944437708285187;0,011464813192734898;0,18432146707817634;0,028311775607756724;0,856844626371958;0,487884749601012;1,2819510121545439;
10000;0,014600236422740113;0,0862963273005821;0,009940835562931065;0,18432145314722956;0,0271524100088749;0,856844626371958;0,4878648295470157;1,2819510121545439;
12000;0,010916033863769825;0,08341248640729389;0,00935644028539297;0,18384777472045424;0,02602196882504426;0,856844626371958;0,4878648295470157;1,2819510121545439;
14000;0,007288883139499265;0,045794070421231244;0,00861562003882793;0,1310011648015964;0,025176592266565483;0,856844626371958;0,4878648295470157;1,2819510121545439;
16000;0,007181398341537237;0,0197846970945499;0,008581420097573603;0,1093855137201957;0,024952905711467945;0,856844626371958;0,4878648295470157;1,2819510121545439;
18000;0,0057672951135261386;0,018932057316895748;0,008188865235504035;0,10773302799654036;0,02410462638329798;0,856844626371958;0,4878648295470157;1,2819510121545439;
20000;0,005373959520255044;0,01788751550567039;0,008188865235504035;0,10721274585968613;0,024098305302758433;0,856844626371958;0,4878648295470157;1,2819510121545439;
25000;0,003740500175741358;0,010358390019507276;0,007172689545290754;0,1071208709243427;0,023500682173256647;0,856844626371958;0,4878648295470157;1,2819510121545439;
30000;0,0021265825026115766;0,010357010834914037;0,005848433715939142;0,10531253938782066;0,023071886563488582;0,856844626371958;0,4878648295470157;1,2819510121545439;
35000;0,0020344269404393984;0,002371329181811217;0,0048569046655402475;0,10503772070527483;0,02297200872769247;0,856844626371958;0,4878648295470157;1,2819510121545439;
40000;0,0013430716034677048;0,002285200488179868;0,0036878561432025967;0,09782204494598337;0,022907483233871574;0,856844626371958;0,4878648295470157;1,2819510121545439;
45000;0,0013103952308620398;0,0020555163493120366;0,0032350713845995757;0,09770779002155222;0,022752817097866352;0,856844626371958;0,4878648295470157;1,2819510121545439;
50000;0,0012451273082082874;0,0017029648586677076;0,0029179611647341887;0,09743971762845104;0,022675535935500788;0,856844626371958;0,4878648295470157;1,2819510121545439;
55000;0,0007915315621445891;0,0013233096692092526;0,002377119340335237;0,0972487429830225;0,02265317230303626;0,856844626371958;0,4878648295470157;1,2819510121545439;
60000;0,0007556945847938413;0,0013136393187328473;0,0021012416884948907;0,09724253302541425;0,02264116831292151;0,856844626371958;0,4878648295470157;1,2819510121545439;
65000;0,000603457053121517;0,0010354584494417652;0,0017401183622558452;0,09724253302541425;0,022598206577126582;0,856844626371958;0,4878648295470157;1,2819510121545439;
70000;0,0005646026728039242;0,0009109428957326201;0,0015162039284758314;0,09717582673609061;0,022596329031665544;0,856844626371958;0,4878648295470157;1,2819510121545439;
75000;0,0005646026728039242;0,0007464930154397336;0,0014730524195652487;0,09700581436394645;0,022579308399788174;0,856844626371958;0,4878648295470157;1,2819510121545439;
80000;0,0005374940761143975;0,0007464930154397336;0,0012061705846713123;0,09695378445283175;0,022576067161944605;0,856844626371958;0,4878648295470157;1,2819510121545439;
85000;0,0002997869534982309;0,000689062734083186;0,0011465371994443569;0,09690964447204622;0,022547087332152927;0,856844626371958;0,4878648295470157;1,2819510121545439;
90000;0,0002896015930881565;0,0004600376102464422;0,0011465371994443569;0,09690964447204622;0,022547087332152927;0,856844626371958;0,4878648295470157;1,2819510121545439;
95000;0,0002482098932437678;0,00043620599828680717;0,0011465371994443569;0,09690537982769391;0,022537158513198208;0,856844626371958;0,4878648295470157;1,2819510121545439;
100000;0,0001792591039019104;0,00043557891516929776;0,0011465371994443569;0,09667619730730052;0,022537158513198208;0,856844626371958;0,4878648295470157;1,2819510121545439;



Execution Time: 1377774 ms
