




============================================================================
O que irá executar a seguir: executar_algoritmos
============================================================================













============================================================================
Função: griewangk
============================================================================
parameter;AGEO1;AGEO2;AGEO1var;AGEO2var;AGEO1var_5;AGEO2var_5;
meanNFE;100100;100100;100110;100110;100110;100110;
meanFX;2,9713097316924393;0,09596817333955761;5,1683970876093035;0,23338249491190474;5,175303710035065;0,007750814305035903;
melhorFX;0,9969678984436345;0,0019659232418319794;2,3601845829333863;0,0030394187422043695;1,5761020388550007;0,0019659232418319794;
piorFX;7,75583797986682;0,3593428109798795;11,656268615729042;0,691344276456481;10,175799886964729;0,05514936496889811;
medianFX;2,456228215261938;0,08463299454257478;4,775133111883113;0,18949635042687452;5,271251010255866;0,005013669357658901;
sdFX;1,7346130620165956;0,07415131279299383;2,145539514829087;0,19396021146268305;2,141927690265835;0,009296939139231977;
==========================================================
===> f(x) médio para cada NFE:
NFE;AGEO1;AGEO2;AGEO1var;AGEO2var;AGEO1var_5;AGEO2var_5;
5;280,6282502937959;280,6282502937959;280,6282502937959;280,6282502937959;280,6282502937959;280,6282502937959;
50;238,52912241007678;238,52912241007678;238,52912241007678;238,52912241007678;238,52912241007678;238,52912241007678;
100;234,97183133823722;234,97183133823722;234,97183133823722;234,97183133823722;234,97183133823722;234,97183133823722;
500;190,34815529689618;162,0485150865578;107,59304851733626;39,538001648330074;105,70137667741196;43,177656015157595;
1000;160,9080767436793;53,306107677583114;67,00650051913237;1,075692300917174;67,53605802994;1,113021477900294;
1500;117,94540103020395;16,496974018102733;42,85402731219574;0,4790823602523394;49,570723139455204;0,42221409044237546;
2000;107,89736228911866;6,716837455361738;34,48033883852203;0,3107199369793466;39,58312745972481;0,18956418009080317;
2500;89,4972213012399;3,2775449168549597;28,014872144036165;0,19853908405667192;31,47948413543928;0,1696577692885366;
3000;85,10510952074979;1,7870912517484352;23,22886555869954;0,17605816650541867;22,558307998446324;0,1696577692885366;
3500;65,66698552415825;1,3539941952974845;21,47900691755021;0,17605816650541867;21,752670004103358;0,1696577692885366;
4000;55,34666814473381;1,1215015851566905;17,70928565090619;0,17605816650541867;18,076223494341782;0,144753782746476;
4500;49,029993364793334;1,0029303759837025;17,56936442229408;0,17605816650541867;16,951886739734114;0,13181458254416895;
5000;46,78007470462538;0,7606752099335106;17,158986867452718;0,17605816650541867;16,359416742141207;0,1242242446295797;
6000;40,97304143362078;0,5056497271158562;14,644876252070645;0,17605816650541867;14,758247872815666;0,12271887574728746;
7000;31,411374574408402;0,39923841842476426;13,584815594967129;0,17605816650541867;14,371640437497014;0,11796351819905077;
8000;28,87873583414437;0,38008725979049846;13,372616335449175;0,17605816650541867;13,825819141432493;0,09394394320632171;
9000;28,393575174390442;0,34667746859928694;13,214415075568073;0,17605816650541867;12,465691300708972;0,08414390380212583;
10000;24,85634081498844;0,3384526017779285;12,870686313067072;0,17605816650541867;10,430855216808624;0,0789309120073301;
12000;17,13867643212108;0,33123029478904076;12,553211418395447;0,17605816650541867;10,196750418632291;0,05852543748787181;
14000;14,02664330887291;0,28912859567090643;12,19912112504089;0,17605816650541867;9,066371547783056;0,05536799524444985;
16000;11,363564752948843;0,26917147805506914;12,112791867461816;0,17605816650541867;8,053318886175475;0,04749008125212545;
18000;9,917973074529748;0,23495395624201426;11,415189989180636;0,17605816650541867;8,053318886175475;0,04493236941453688;
20000;8,628587037729092;0,19947066510189992;10,429766227633394;0,17605816650541867;7,402034581600017;0,038920185494868975;
25000;6,128957591799528;0,16645655047406244;9,243880175165433;0,17605816650541867;6,457397960306631;0,030637277187182232;
30000;5,489788459488227;0,15181098284489086;9,073096126841262;0,17605816650541867;6,3042213874824675;0,02211867541798307;
35000;4,523763120398295;0,1433645794384849;8,169966160806938;0,17605816650541867;5,950813204980223;0,01728130472145656;
40000;4,373648995605773;0,1433645794384849;7,671810190999445;0,17605816650541867;5,627385448582583;0,008196882210029677;
45000;3,9933819484215958;0,1433645794384849;7,381014918141862;0,17605816650541867;5,574971550102214;0,008196882210029677;
50000;3,4691718404397163;0,1256535918522173;7,210062522822563;0,17605816650541867;5,574971550102214;0,006039010461865613;
55000;3,4542407915963462;0,12386461235910368;7,210062522822563;0,17605816650541867;5,465791491315142;0,005756599274918561;
60000;3,3701550133771057;0,12386461235910368;6,482748465372764;0,17605816650541867;5,465791491315142;0,005288179146921257;
65000;2,799297295972595;0,11775983653323507;5,975170135628792;0,17605816650541867;5,465791491315142;0,00523698983202453;
70000;2,747746721513942;0,09988879476651469;5,685592611126639;0,17605816650541867;5,465791491315142;0,005142862508968726;
75000;2,604124252815291;0,09772332042266935;5,454224613657199;0,17605816650541867;5,465791491315142;0,005142862508968726;
80000;2,604124252815291;0,09772332042266935;5,262249172509019;0,17605816650541867;5,354439362327746;0,005142862508968726;
85000;2,604124252815291;0,08789797177655256;5,013590281189902;0,17605816650541867;5,288768959309383;0,005142862508968726;
90000;2,4598731082911005;0,08501696262793673;4,801563972135087;0,17605816650541867;5,269053187506184;0,005046551876207506;
95000;2,4598731082911005;0,08501696262793673;4,801563972135087;0,17605816650541867;5,269053187506184;0,005046551876207506;
100000;2,421725482299486;0,08332633990981209;4,7643257743111835;0,17605816650541867;5,269053187506184;0,004976577217964018;

==========================================================
===> Melhores f(x) para cada execução:
execucao;AGEO1;AGEO2;AGEO1var;AGEO2var;AGEO1var_5;AGEO2var_5;
1;2,0243148886640245;0,20220716723106502;4,827994832387061;0,04136544667150921;4,409526745990964;0,004669983822538359;
2;1,5012199160110962;0,15136556762989084;7,225461804221087;0,10203185182614005;2,6081138417062117;0,0035769572256557636;
3;1,8762241398772943;0,05000335750136253;2,773940487471999;0,2919549232178107;8,401148974222851;0,01333754677482879;
4;1,7294318390219543;0,04357932168026146;3,704938141003752;0,20649922909859197;5,271251010255866;0,003330638052115087;
5;2,920940164436078;0,16604392405249402;4,3355845863964255;0,5323836035220476;2,4283130981336702;0,0025040361985627646;
6;2,339769779084643;0,06799319482538291;2,826851229156056;0,18949635042687452;3,5127371181156413;0,023155640351468;
7;1,885765581975468;0,09921596050468273;2,8001162926679593;0,2722731336942642;7,2539248840812975;0,005111281336194429;
8;1,5028241064934305;0,03195932895184217;2,566135551021237;0,6164844370527123;4,385341083486477;0,03540462837964309;
9;2,456228215261938;0,22084985151563497;3,2279103959511195;0,4334058887881581;6,384442598346172;0,004298699998280697;
10;7,72623747538007;0,16559106979868143;5,059330343838201;0,5650165177359707;5,804139876106416;0,005140850425110144;
11;3,346954841135917;0,08540093071329868;8,012923184758819;0,1502576015885434;4,132823748607214;0,005020094271516284;
12;2,3872227493370337;0,08201968527704939;6,799493096055003;0,1564919921381669;3,454478385750122;0,0032350896418886776;
13;2,463518001320263;0,2105590989530628;4,963259518575174;0,40552333471434787;2,7867318493615594;0,002733491722417658;
14;6,7709571170956355;0,0019659232418319794;8,688655688044298;0,06843697792287329;5,069235452901782;0,0034049418734501957;
15;3,5196117955388857;0,08463299454257478;6,291042248306185;0,10553335018214427;7,961963470753196;0,014287639598261848;
16;2,744730504310319;0,027207438904689685;3,8090496798609763;0,02955719217288566;2,550078942398423;0,005636751080690394;
17;1,8877503823870962;0,182804515168544;6,270779556969847;0,4633364375538864;5,572798436380945;0,003868021740404237;
18;2,0812677654971505;0,06205396552270215;5,463342820574992;0,28225640906065286;5,350094178406153;0,006201573454584497;
19;3,6988641647536746;0,11649575010999269;4,56411958692976;0,5709701063957522;5,677626233341684;0,004797208477032133;
20;4,316594555566509;0,13460840529479756;2,7315789315432863;0,4337678355691452;6,0051011132601015;0,005295543518706425;
21;7,75583797986682;0,12303129690092052;6,566361635161411;0,0041736023733697225;3,249183193155353;0,0041736023733697225;
22;2,973137863824149;0,0019659232418319794;4,753518436739255;0,34178653289570093;7,083691039931063;0,0034049418734501957;
23;4,746916349244256;0,154351430947254;4,3075519962416475;0,5066238405802231;2,4631679389832746;0,004001689557726951;
24;3,6034976385852437;0,10056162902834664;4,682239350770705;0,396315586536398;3,315052545812954;0,007248301170446725;
25;4,732726364765368;0,1757844434765814;3,2188003908553124;0,02174445984145179;3,020371085990454;0,022102101879416414;
26;2,3186660398911245;0,013817478372689984;6,885008394141986;0,691344276456481;5,266855364756504;0,022549488545238194;
27;1,9556464279746795;0,09039501283980644;4,234428397970865;0,33679346725297055;8,315438340155731;0,0025040361985627646;
28;4,613016443770956;0,0511132199224833;2,848825466257705;0,006706319594016796;5,306286908362901;0,008306290827040153;
29;1,9661565789682596;0,10264374824719491;6,973045422642388;0,05304857027772736;7,467705076785244;0,004538714677221667;
30;3,4628723410042004;0,06664151139995256;3,591488729895671;0,14151177417139915;2,2193718467296106;0,0043072291862575884;
31;0,9969678984436345;0,05523418417659531;3,180520710696599;0,04251993111132202;7,336364086414789;0,0043072291862575884;
32;1,9013028692689853;0,14817608900609835;4,984121960082724;0,2985437605953062;4,78466309229498;0,05514936496889811;
33;1,1886963086758342;0,1542740777809919;5,043058602297081;0,04407310961560751;7,645019318598578;0,00452993390274159;
34;1,5339632906094391;0,2232507830623377;2,3601845829333863;0,09272281926067194;8,243676667622799;0,005280814775136089;
35;1,3146349107456878;0,09623068034065596;4,137239831632556;0,0030394187422043695;5,052463543966215;0,0030394187422043695;
36;1,6082438666630092;0,14167843567986216;6,7527218123729975;0,005511821226496183;1,7877869203400396;0,005511821226496183;
37;2,7522822876663517;0,018802333690258632;10,24152445139922;0,16261998258396282;1,9958421629310183;0,0035323278828693905;
38;1,627054523271552;0,07256678509611958;7,720678305717253;0,00422446261289855;4,772227319445104;0,00422446261289855;
39;1,9613262026627252;0,0019659232418319794;5,692320288220125;0,04652160733619193;7,324494400936084;0,005144874592827309;
40;1,2535109057329819;0,06597623277476106;3,1265587252978078;0,14500658056192361;5,358784546249338;0,004939485078269135;
41;5,842376100036462;0,03419195362505423;7,489896667756555;0,28392254616851254;3,9558656998454236;0,004440972618309225;
42;3,006624039508437;0,0019659232418319794;3,7800800490575295;0,12034954150628319;1,5761020388550007;0,008087473593019201;
43;2,750762938717565;0,14505072319710766;4,581347597402287;0,4148488528590416;10,175799886964729;0,00452993390274159;
44;3,621548307774502;0,07889749116942402;11,656268615729042;0,08656909680403668;2,9662950099337437;0,0019659232418319794;
45;5,584698480163953;0,0019659232418319794;2,429503458530176;0,005494817999403545;8,062722531466855;0,005494817999403545;
46;2,564624024516956;0,3593428109798795;4,775133111883113;0,3340995261429125;8,539443677539353;0,005013669357658901;
47;2,0188249889080723;0,03864567744124969;8,187964045546638;0,4186515476276863;3,6242376331254165;0,005717257093188044;
48;1,226775883212766;0,0380576429962286;7,947504752928351;0,0540899717728357;5,577144663823482;0,005073009480898727;
49;7,130936612871363;0,0019659232418319794;2,6219736668634406;0,2707642026589503;7,035257742511758;0,007684880169842145;
50;1,371430134128222;0,05330592719702576;6,707476947708069;0,41846009909677406;6,2240001766187625;0,005726030594223608;











============================================================================
Função: rastringin
============================================================================
parameter;AGEO1;AGEO2;AGEO1var;AGEO2var;AGEO1var_5;AGEO2var_5;
meanNFE;100160;100160;100152;100152;100152;100152;
meanFX;42,96296091841698;16,230501067846664;52,29398848449147;23,54255772047406;52,54188054619357;10,964761212904586;
melhorFX;27,239055899888285;8,089199527540131;38,76559650144375;11,916906387928407;38,32722488635541;3,999023088709748;
piorFX;63,460339083539864;28,223381592121942;63,64732822930751;41,448289679974934;64,68277361963273;16,94753710419309;
medianFX;43,12458186601043;15,854098690622955;52,090159695683546;22,140538692809976;52,73232272294442;11,014490843341171;
sdFX;8,681832825498441;4,662855742391109;4,941985594479271;6,3887340516516975;6,354467631516513;2,7596506851099525;
==========================================================
===> f(x) médio para cada NFE:
NFE;AGEO1;AGEO2;AGEO1var;AGEO2var;AGEO1var_5;AGEO2var_5;
5;224,38453546202544;224,38453546202544;224,38453546202544;224,38453546202544;224,38453546202544;224,38453546202544;
50;213,33164829034936;213,33164829034936;213,33164829034936;213,33164829034936;213,33164829034936;213,33164829034936;
100;208,38070017097021;208,38070017097021;208,38070017097021;208,38070017097021;208,38070017097021;208,38070017097021;
500;201,62774754801285;201,00590931201236;181,11194852234263;176,5179046086726;172,89739137309292;169,7032569539607;
1000;196,9301467695753;191,81261754875317;136,8936908108331;92,73949391072338;141,64635788067588;91,0863904028152;
1500;192,3548730719079;172,91619283784183;123,73043096418584;44,4068335248414;125,57228029048726;51,1632177016379;
2000;183,97512364336504;144,46528571580575;104,89179923248332;26,659336787717788;104,33735146126588;25,1439185134313;
2500;180,0927724680638;124,85887691623057;101,4305841980451;23,234644976328653;97,39205649535678;22,07607374567739;
3000;171,8370861693054;105,61151480762226;95,1171793829986;22,401415557821515;94,44322943320941;21,012307081562376;
3500;169,94078763456412;92,43545419536142;85,48885935150142;22,091329102993953;88,07429156965142;20,997534990518826;
4000;166,02941406362365;75,36507997511612;84,53294145557743;22,080310552373444;88,07429156965142;20,947340635490658;
4500;162,81008663851702;66,27542249340425;83,23767868749167;22,080310552373444;86,40013247315807;20,947340635490658;
5000;158,46516195804125;58,190295036396385;79,95784255170008;22,080300261003558;84,89700364716374;20,947089930617036;
6000;154,12048039366448;46,32868157253074;79,02135174938195;22,080009850023774;79,1840052374524;20,947089930617036;
7000;146,1749443969436;38,12594342557956;74,0554334562513;22,079996618231437;77,61875250403106;20,947065767527423;
8000;137,05661510982299;31,943295557235793;73,01015129002201;22,079996618231437;76,64165751027308;20,14699906707604;
9000;134,86255431880005;27,691241605577602;71,05506282975767;22,079996618231437;73,72218128240716;18,03739359489356;
10000;129,61844207753242;25,587433193036432;70,9854922524351;22,079996618231437;71,7816993142681;17,999432150283173;
12000;118,59795699893115;22,529219082110767;67,78417462697087;22,079996618231437;71,51981408455754;17,25475939469432;
14000;109,6619221436165;21,28411409848642;67,05335770880697;22,079996618231437;69,4334664023587;16,51543964813457;
16000;105,53240666962681;20,11395075103073;63,72122836045409;22,079996618231437;65,49147386950251;16,15831608533351;
18000;100,06498649545907;19,781292882808582;62,98756902828702;22,079996618231437;65,12745463315945;16,15131400280093;
20000;94,97093001806698;19,663559705402175;62,21611343566531;22,079996618231437;64,66402204080913;16,008249764051126;
25000;84,04340342193643;19,571356698292096;61,28064167767462;22,079996618231437;63,13609656683293;15,110947813247023;
30000;78,31997424382354;19,560061095616412;59,47116103387896;22,079996618231437;60,91781517453302;14,106596662798175;
35000;72,79164048531368;19,559224825031045;56,39843457762785;22,079996618231437;59,26958592907913;14,069230398057552;
40000;66,47454146234111;19,033833288633225;56,37864617964604;22,079996618231437;56,97128104241064;13,975187347475295;
45000;61,223903839734255;19,01862049136219;55,808748463097835;22,079996618231437;56,66232324516559;13,127149207175584;
50000;58,36399514469403;19,01862049136219;55,58978668787319;22,079996618231437;56,3865918464079;13,105022390129314;
55000;56,96599208961007;18,988346682977866;55,58978668787319;22,079996618231437;56,3865918464079;13,086535775291846;
60000;55,34342205136764;18,94147125610805;55,58978668787319;22,079996618231437;55,49841641942986;13,086526954089987;
65000;52,70358997798401;18,074987004610563;54,30432453548303;22,079996618231437;55,08106583785645;12,974671977521492;
70000;51,072046594578644;17,577303917116968;54,079495338901495;22,079996618231437;54,835697686189306;12,974671977521492;
75000;48,68259549781165;17,001894466595974;54,079495338901495;22,079996618231437;54,006368549371864;12,93338529754519;
80000;45,5287771075052;16,957183769489912;53,078600192311924;22,079996618231437;54,006368549371864;12,043057600807746;
85000;44,03706182589603;16,957183769489912;52,48106292337273;22,079996618231437;53,471590905281005;12,043057600807746;
90000;43,65171137269924;16,957183769489912;52,14509713386961;22,079996618231437;52,82341035970866;11,030724727720482;
95000;43,31569809134729;16,397845307571014;52,00980897593916;22,079996618231437;52,82341035970866;11,002828552176748;
100000;43,00044381316712;15,53771173317189;52,00980897593916;22,079996618231437;52,70273245945667;11,002828552176748;

==========================================================
===> Melhores f(x) para cada execução:
execucao;AGEO1;AGEO2;AGEO1var;AGEO2var;AGEO1var_5;AGEO2var_5;
1;45,133123084692286;18,966013130507335;59,34654803037582;25,867150523823724;45,599958173385126;6,920166276412203;
2;33,31161509154804;20,17860622981545;46,49994103153554;41,448289679974934;48,7218961523908;15,025180405271563;
3;43,12458186601043;18,96472883241944;52,090159695683546;18,015021454343014;53,6841997750185;10,94828751219287;
4;32,755820332257706;10,887126239696983;51,82133404221979;19,891525028415906;58,47297112737535;6,967486998407068;
5;47,61684209271359;12,947837162136452;38,76559650144375;15,038898359807376;59,56416729494646;7,9998179846545625;
6;42,289711012651985;14,022825610670012;48,80106782016297;18,87684643218585;64,68277361963273;9,057830542551478;
7;47,18440692269517;15,854098690622955;50,40746803058137;19,85408651600845;52,24034275032919;13,993832949256081;
8;60,54379018669518;12,146986593922676;57,19922425890353;29,347706158904856;51,828390586175715;13,991656681955412;
9;48,369231413334234;15,983028613059915;54,344766019137225;29,054584888654183;55,8943118453783;13,02482499741678;
10;38,245094652523115;13,926296429793183;54,141839768318405;28,95721893143834;46,446787817200665;7,901126355921868;
11;49,033642810021924;14,849706590401382;42,091482580458404;33,6498385877679;53,02813603375993;12,950660949632507;
12;33,56635921633082;22,046013642506644;46,2663820875699;21,955994040109807;56,30514089233068;7,014477336987177;
13;46,12202086012616;13,949557035885427;57,3491962683568;18,945010551131638;57,7699893736575;16,94753710419309;
14;44,70910486611754;16,941591924519074;54,01715090948458;27,058100875993198;54,32853732372523;11,046958612099793;
15;30,324655565614346;13,10489098823436;50,91503979761196;16,1140923606075;48,69899894052743;10,933726865080715;
16;39,587910311699574;28,223381592121942;51,92945825619477;30,224422669718;43,20558341310374;8,089925901114228;
17;53,655294800439904;20,138154013362488;49,34662605977218;38,322838953849406;58,52074927366185;8,030285755410723;
18;51,21749088091147;24,170163975494717;63,64732822930751;17,00013845426428;52,673142195968914;12,916109645457873;
19;52,65756718648564;24,071569382769077;48,957283378711125;33,221688421158184;39,83854963366635;8,917974058833202;
20;39,266534244029025;20,204413077134518;51,47597083172595;18,021463313294703;63,561676686196186;9,934059774625922;
21;63,460339083539864;14,05715272730464;43,3603739469777;29,089469056243775;64,66301290145648;9,105679545475667;
22;48,042937295410006;15,221318894926092;61,64458219873464;21,22065826210421;52,73232272294442;7,997473904374431;
23;56,31651995933907;14,082449806348002;51,79087940047572;33,11345027511197;55,10252099348143;13,958349403700005;
24;35,47845568654733;21,009252534387265;57,04964509763576;15,900719839016944;47,70385279508598;13,073519023218765;
25;42,08302365840887;8,106008113620007;53,55884280003373;24,165327303201337;44,52247853378954;13,898737440695903;
26;31,10404706273466;11,072033725533238;58,370011077140106;11,916906387928407;52,9144979964729;13,957577818407295;
27;33,836863979036806;9,965187422388198;54,26388305182885;26,941434407402312;59,4344068052011;11,991642991666147;
28;50,064807710340915;18,14655408865964;51,28883744680674;31,11663598816884;45,85465097738525;12,998683005410477;
29;43,6378602840671;19,014564831888507;51,9225841682881;22,140538692809976;58,28926868302285;8,04732207892414;
30;49,2507808034381;14,115102987466564;57,307560775507895;18,098642635327487;40,92295424011033;10,98393405067624;
31;41,981584811192576;23,213449028450242;55,50579831995542;28,32010302497259;38,32722488635541;13,040094524887856;
32;34,08192295283558;9,013895456974119;51,147803333547955;26,010159951368202;62,4834014709188;12,12248873092961;
33;54,97403801315785;13,957079992677976;51,64486995372973;26,229467659043152;49,157992840232424;14,088642752316503;
34;40,44999698677358;18,94012209350177;52,76209127468977;23,018396195400015;51,577733753751716;11,975011218389405;
35;36,40616406205274;20,11301773565284;53,39510910993408;23,13027770977427;49,87260841189484;6,983111181003402;
36;52,1649255270836;8,089199527540131;53,89787802919537;20,205524178240267;53,40405959286347;13,131038189579357;
37;37,63312653167136;24,261918071496233;51,351447101989166;26,289999681907403;48,79558625043233;6,949911509621849;
38;47,2206890403248;21,108800124787315;57,49992122181563;26,029467547399918;56,85660368984605;9,933802249984986;
39;27,239055899888285;11,063906330994307;55,898711813981365;14,944264690879052;43,93581199992458;12,05606526944181;
40;35,373429140221965;14,022138623703611;42,98502728650111;20,97493477843267;57,73183247971613;14,055136969062922;
41;38,451204308314644;12,044387848487538;50,57962941104883;19,164124582766682;50,009127069176756;10,05751060658725;
42;36,16572702971432;17,031013318731198;53,93283864579636;19,92502885932408;57,82989517485707;14,97477867011235;
43;32,361598030545835;11,072750332693282;45,98667548895508;17,195638834308042;49,57933083188354;9,021742327998346;
44;47,130864365821;19,06637325734676;47,630387842502955;20,878437915482706;47,11433379751073;12,089606071966585;
45;61,03577679785911;16,97277561446075;59,606603931406696;20,906558743301154;53,53912221769854;11,014490843341171;
46;44,27751522307773;13,934387616453627;48,93471635383172;22,0194545436529;62,99141694552586;10,991166261012324;
47;42,560821300597254;18,10874986943837;52,200034572055685;29,08870508040984;55,30928053485427;3,999023088709748;
48;30,619791825139725;15,006721780924394;55,9437218704047;15,057454799567651;50,98046354557062;9,999488990350677;
49;43,50681431668416;9,10522559811804;54,58728694842715;17,000510044019904;52,178403717806525;10,030570334947747;
50;32,52256683813226;19,032526282304275;49,23780815382068;26,17067815468608;48,21352854147743;13,099534884961209;











============================================================================
Função: rosenbrock
============================================================================
parameter;AGEO1;AGEO2;AGEO1var;AGEO2var;AGEO1var_5;AGEO2var_5;
meanNFE;100022;100022;100008;100008;100008;100008;
meanFX;9,968853328932761E-05;4,248979598665445E-05;0,00019877949059773442;0,6346209151750997;0,00016320486511644673;4,438890167607959E-05;
melhorFX;1,6529512633522721E-06;1,6529512633522721E-06;1,7719288467843232E-06;8,353841395834384E-05;1,7719288467843232E-06;1,6529512633522721E-06;
piorFX;0,0003518866951940699;0,0001646998910453348;0,0021980082237965043;5,845959924364111;0,0011303700201770312;0,00017911511691801727;
medianFX;8,139052620190061E-05;2,7335218351617432E-05;0,00014020786003884802;0,1303896124446365;9,856060185157526E-05;1,8273875128587248E-05;
sdFX;8,826042060320926E-05;4,670845906589148E-05;0,0003185197243922256;1,203480871906307;0,0002246910179148719;4,944349675999311E-05;
==========================================================
===> f(x) médio para cada NFE:
NFE;AGEO1;AGEO2;AGEO1var;AGEO2var;AGEO1var_5;AGEO2var_5;
5;49,91717777778067;49,91717777778067;49,91717777778067;49,91717777778067;49,91717777778067;49,91717777778067;
50;4,661961720870842;4,266473683016461;3,029897480356078;3,221436807796944;4,093097393484808;2,0580895811709032;
100;2,500380658187161;1,50158411212701;1,9389976770066406;1,0925012373153602;2,6579060838250945;1,1014769871317607;
500;0,2872579718239705;0,780346020298301;0,24172314362546782;0,25883384441223706;0,24881202165352065;0,15965655426914754;
1000;0,06980272234337931;0,2401423658518221;0,06476466973121597;0,15825790837157233;0,06774302698285728;0,11668428276064835;
1500;0,037634647253219355;0,06546241079040829;0,022378350362744638;0,1225892946530239;0,044712376009567664;0,011815335622927907;
2000;0,017974340406611847;0,0432594406926383;0,015257487270690309;0,1225892946530239;0,022405591517048566;0,008739145002034682;
2500;0,016150042131359357;0,02107557814926221;0,011763612925559625;0,1225892946530239;0,0153575181676145;0,007471837388719217;
3000;0,01008937458579369;0,00861420344087252;0,010003048124614566;0,1225892946530239;0,014231247853628332;0,007351486024810972;
3500;0,00866436089056015;0,004749330740373245;0,006709858650597669;0,1225892946530239;0,012290983705836192;0,0030520453269446517;
4000;0,007550165732660502;0,003953842857059923;0,00445731322323311;0,1225892946530239;0,012290983705836192;0,0019933285836372765;
4500;0,00535801473649905;0,0033888775078700925;0,004295662346248367;0,1225892946530239;0,010822141340820077;0,0015006328954277458;
5000;0,00535801473649905;0,0019302944607530955;0,0038902838773986854;0,1225892946530239;0,009643436584038365;0,000585357112110561;
6000;0,004164484098878035;0,0015472760405220868;0,002824844336558305;0,1225892946530239;0,006923351434661124;0,0003547205009116827;
7000;0,00333621750115752;0,00037350003073790134;0,0020694210801993117;0,1225892946530239;0,004299783081471254;0,00026953920524154664;
8000;0,001984895550314233;0,00027271024243998504;0,001877709929986923;0,1225892946530239;0,003466915174799806;0,0002456508382269496;
9000;0,0016592737581122285;0,000234837702635773;0,0017341418008829628;0,1225892946530239;0,0032392141842613443;0,00022471910480487101;
10000;0,0016592737581122285;0,00017565858231589812;0,0016615094453982934;0,1225892946530239;0,0027460832064321937;0,00021207838076575517;
12000;0,001160886000863982;0,0001646998910453348;0,0011612254544392376;0,1225892946530239;0,0017748528923772495;0,00017911511691801727;
14000;0,0009854719110430812;0,0001646998910453348;0,0011041519165074808;0,1225892946530239;0,0011475860083525256;0,00017911511691801727;
16000;0,0006041785917515676;0,00015893434769757929;0,0010642736888624943;0,1225892946530239;0,0008239780606290161;0,0001646998910453348;
18000;0,0004893994013403166;0,0001531688043498238;0,0009990696287264444;0,1225892946530239;0,0008239780606290161;0,0001646998910453348;
20000;0,00044284215907582536;0,0001531688043498238;0,0009702964298074803;0,1225892946530239;0,0007065974950350658;0,0001471593717566123;
25000;0,000415833529057506;0,00013570450880620946;0,0005949137349102277;0,1225892946530239;0,0005311628979300974;0,00011536400017684319;
30000;0,00028114481568963844;7,798085654471891E-05;0,0003712182750814363;0,1225892946530239;0,0004877008075436979;0,00010086177142471439;
35000;0,0002384145293413679;6,646211204800484E-05;0,0003343057306974828;0,1225892946530239;0,00037039936719864924;9,421248059426597E-05;
40000;0,0001817120178640979;6,646211204800484E-05;0,00031954970897840157;0,1225892946530239;0,0002806666832270832;8,53155596253343E-05;
45000;0,00016441369333286096;6,068213656480628E-05;0,000282003551524409;0,1225892946530239;0,00023359792436937818;6,646211204800484E-05;
50000;0,00016441369333286096;4,864274611310348E-05;0,00021040399942362785;0,1225892946530239;0,0002270134313807276;6,646211204800484E-05;
55000;0,0001531688043498238;4,864274611310348E-05;0,00021040399942362785;0,1225892946530239;0,00021579510213912693;6,646211204800484E-05;
60000;0,00014246891728244903;4,7888267083683586E-05;0,00018363760741050186;0,1225892946530239;0,00019317036188773614;5,373842354363368E-05;
65000;0,00012951765541149358;4,7888267083683586E-05;0,00018107213512313615;0,1225892946530239;0,00017086893589745428;5,373842354363368E-05;
70000;0,00012538136743311232;4,5644917091690436E-05;0,0001799031762842614;0,1225892946530239;0,00016546868589555145;3,961879003234975E-05;
75000;0,00011366486296911144;4,234069675338019E-05;0,0001740084964555486;0,1225892946530239;0,0001468250370922552;3,9433389983351466E-05;
80000;9,810808356947812E-05;4,08146355904582E-05;0,0001740084964555486;0,1225892946530239;0,00012297507124897956;3,5800880170106886E-05;
85000;9,810808356947812E-05;3,475911803937617E-05;0,00014714436081982125;0,1225892946530239;0,00011666428380509746;2,9847853611251183E-05;
90000;9,092110920345682E-05;2,859153598143431E-05;0,00014020786003884802;0,1225892946530239;0,00010905321273296109;2,4060864369919217E-05;
95000;8,343444189516097E-05;2,7335218351617432E-05;0,00013954855525409186;0,1225892946530239;0,00010318789467671853;1,8273875128587248E-05;
100000;8,018278255207707E-05;2,7335218351617432E-05;0,00013954855525409186;0,1225892946530239;9,856060185157526E-05;1,8273875128587248E-05;

==========================================================
===> Melhores f(x) para cada execução:
execucao;AGEO1;AGEO2;AGEO1var;AGEO2var;AGEO1var_5;AGEO2var_5;
1;0,0003518866951940699;6,646211204800484E-05;1,5870544892419822E-05;0,08239612318356741;0,00011703326577511778;5,257468600565964E-05;
2;7,897503890225352E-05;6,646211204800484E-05;3,945351130221012E-05;0,7882628614705963;1,3864600491273174E-05;7,124241620630472E-06;
3;0,00027338230569297193;0,0001646998910453348;0,00013888925046933568;0,7724124561272245;4,175775811707988E-05;1,8273875128587248E-05;
4;1,3864600491273174E-05;5,490216108160771E-05;1,3864600491273174E-05;0,018536238143742632;8,139052620190061E-05;1,6272330808828494E-05;
5;0,00012726628060791284;1,6529512633522721E-06;0,00027345583711822557;0,06546241079040829;0,0005808365578012719;6,052344200316405E-06;
6;9,765556528738099E-05;1,6529512633522721E-06;4,5484053800107144E-05;0,2383299494079988;7,696267528896706E-05;1,4664375473771773E-05;
7;7,124241620630472E-06;8,353841395834384E-05;0,00015408086160079447;0,006365488312212335;3,4426180491873114E-05;0,00013061941720634912;
8;0,0001251355108009436;1,3864600491273174E-05;7,044318421630633E-05;0,0008981049258996979;0,0001725821066773191;2,9847853611251183E-05;
9;0,00010401006636198237;4,220673460361349E-06;2,021315536048899E-06;0,7724291791260058;2,998218487880782E-05;3,9784068762489366E-05;
10;0,00020921290529001826;7,124241620630472E-06;7,623185957499665E-05;0,02192912758995749;1,7719288467843232E-06;6,646211204800484E-05;
11;7,623185957499665E-05;0,0001531688043498238;2,8009219129710222E-05;1,0005063782105634;3,4722062112888553E-06;3,4722062112888553E-06;
12;0,0002814954734028374;1,6529512633522721E-06;0,00014020786003884802;2,287419770637041;0,0011303700201770312;2,25576640389694E-05;
13;1,6529512633522721E-06;2,9847853611251183E-05;0,0003265999188834146;0,7724291791260058;0,00011300564917751684;2,021315536048899E-06;
14;0,0001317690302150743;8,801785615547957E-05;0,0021980082237965043;0,14383968390546234;0,00025833985293613975;2,021315536048899E-06;
15;0,0001143268604280585;1,8273875128587248E-05;0,0005071432768782658;0,020972503909904495;0,00023753358339809996;0,0001531688043498238;
16;6,0256301069729945E-05;3,260800216012979E-05;8,943976822938578E-05;0,20091884602913546;8,757222642747132E-05;1,4270771576420211E-05;
17;3,218849167572097E-05;1,8273875128587248E-05;1,7719288467843232E-06;0,0006180217342012978;0,00012032291843267807;2,8771350992162275E-06;
18;3,4722062112888553E-06;0,0001531688043498238;1,8273875128587248E-05;0,5538643454643447;0,00010123365786687396;9,856060185157526E-05;
19;0,00012562722406528104;2,25576640389694E-05;0,00030104488289737466;0,06546241079040829;0,0001531688043498238;7,474542290168473E-05;
20;3,9560277382889675E-05;2,378284925332508E-06;0,00018145303459576677;0,06278875679218741;7,805350791297944E-05;1,2732530238028651E-05;
21;0,00017565858231589812;2,8771350992162275E-06;7,918313194727006E-05;0,039895408155052464;2,378284925332508E-06;1,6529512633522721E-06;
22;2,9847853611251183E-05;4,2175759878706286E-05;2,9847853611251183E-05;1,000506371958274;1,4664375473771773E-05;5,619396557289526E-05;
23;0,0002384145293413679;6,646211204800484E-05;0,0001691557651175895;0,7882628614705963;9,402268240680229E-05;1,118248750616245E-05;
24;9,856060185157526E-05;1,6529512633522721E-06;0,00039858958662706927;0,11478897686141128;2,9847853611251183E-05;1,3995789577468062E-05;
25;0,0001531688043498238;2,021315536048899E-06;0,00017911511691801727;0,029017691583743697;0,0010310884455778887;0,0001531688043498238;
26;3,4722062112888553E-06;2,7335218351617432E-05;0,00034201154251155096;0,2746439076697468;0,000166866027862493;1,8273875128587248E-05;
27;3,218849167572097E-05;1,8715330567691556E-05;0,00011703326577511778;0,11383223019912031;0,0003553697056063516;2,021315536048899E-06;
28;9,765556528738099E-05;4,7888267083683586E-05;0,0001518875669812707;0,001958527689568142;9,856060185157526E-05;1,6272330808828494E-05;
29;0,000207225606857455;2,0303968399015835E-05;0,00017886122779350768;0,022843937912022515;9,856060185157526E-05;0,0001531688043498238;
30;0,00017911511691801727;1,8273875128587248E-05;0,00026612340255253097;1,0005063782105634;3,8377629631470756E-05;9,402268240680229E-05;
31;6,482254401603816E-05;5,490216108160771E-05;0,0002915157972509805;0,024360621492995716;0,0003158727666088114;0,0001646998910453348;
32;0,00012726628060791284;0,0001646998910453348;0,0005694893687051746;0,7724291791260058;2,608004460028996E-05;2,8771350992162275E-06;
33;0,00021144952905351167;3,945351130221012E-05;5,054029490123827E-06;0,5792781017978655;0,00017911511691801727;5,054029490123827E-06;
34;6,250688609132E-05;1,6529512633522721E-06;0,0004022653563306585;0,06659138367878786;0,00010127501306503172;5,490216108160771E-05;
35;8,139052620190061E-05;2,0303968399015835E-05;1,4270771576420211E-05;5,462509531559323;7,623185957499665E-05;3,218849167572097E-05;
36;2,4828680233688943E-05;2,8771350992162275E-06;1,4270771576420211E-05;0,0032550668005309584;4,2175759878706286E-05;3,9413268664492804E-05;
37;2,8771350992162275E-06;1,8273875128587248E-05;0,0001927724726770356;2,298765401271758;0,00016407134392860994;1,5214416266896902E-05;
38;1,8273875128587248E-05;3,691023391862255E-05;0,00035497620537468857;0,1303896124446365;3,9560277382889675E-05;3,945351130221012E-05;
39;1,5214416266896902E-05;1,7719288467843232E-06;4,175775811707988E-05;0,7724124561272245;0,00021799629772205215;2,9847853611251183E-05;
40;7,242329913109398E-05;5,257468600565964E-05;0,00019465852717254873;5,845959924364111;0,0002296622653406564;0,00017911511691801727;
41;8,268223067078929E-05;6,646211204800484E-05;4,0552063198347245E-05;0,03701740519222814;6,482254401603816E-05;7,474542290168473E-05;
42;4,494483669484696E-05;5,257468600565964E-05;0,00012562722406528104;0,04009367758587348;0,00012562722406528104;7,124241620630472E-06;
43;8,418665311953264E-05;7,124241620630472E-06;0,00011703326577511778;0,0651977267573183;0,0004996084836222359;1,8273875128587248E-05;
44;3,218849167572097E-05;8,353841395834384E-05;0,00022210273367994805;0,6263635777606458;4,1086076796969526E-05;1,669579807043213E-05;
45;2,0303968399015835E-05;2,7335218351617432E-05;0,0001806912356505055;0,004141944785249512;0,00010123365786687396;1,4664375473771773E-05;
46;3,4722062112888553E-06;0,0001646998910453348;6,0256301069729945E-05;0,1726761328376823;4,250563362805409E-05;7,474542290168473E-05;
47;0,00029769007167396275;4,7888267083683586E-05;9,757437393373132E-05;0,06154614128828304;2,2718672504251656E-05;5,490216108160771E-05;
48;6,125043136550164E-05;4,250563362805409E-05;0,00022210273367994805;0,7882628614705963;1,669579807043213E-05;1,4270771576420211E-05;
49;0,0002020326854067486;1,6529512633522721E-06;0,00011824021326259513;8,353841395834384E-05;0,00022436459742079885;9,154810992615023E-05;
50;4,220673460361349E-06;5,054029490123827E-06;0,00014020786003884802;2,717613346612942;0,00026612340255253097;1,6529512633522721E-06;











============================================================================
Função: schwefel
============================================================================
parameter;AGEO1;AGEO2;AGEO1var;AGEO2var;AGEO1var_5;AGEO2var_5;
meanNFE;100000;100000;100142;100142;100142;100142;
meanFX;867,3580017421639;512,6419875332703;825,9010112082723;943,8830336308478;818,3207904015409;268,9510597657509;
melhorFX;511,50332333034794;103,20593294559058;452,40532816376253;434,36626953730956;525,1332561589506;0,5393876014477428;
piorFX;1359,7472529572115;981,83111084746;1113,7042408742395;1480,7987873437282;1253,4745994029195;578,8640024669539;
medianFX;878,1239490804337;546,4883636395061;837,328109477985;917,6436827558482;810,6206410774448;272,4782156528199;
sdFX;206,33139405740548;199,71298744031122;152,05101828237247;282,8174477813248;156,5305448836387;121,07018995920085;
==========================================================
===> f(x) médio para cada NFE:
NFE;AGEO1;AGEO2;AGEO1var;AGEO2var;AGEO1var_5;AGEO2var_5;
5;4024,9213668615616;4037,469352222009;4024,9213668615616;4037,469352222009;4024,9213668615616;4024,9213668615616;
50;3875,6720736087905;3875,6720736087905;3875,6720736087905;3875,6720736087905;3875,6720736087905;3875,6720736087905;
100;3769,5199738195083;3769,5199738195083;3769,5199738195083;3769,5199738195083;3769,5199738195083;3769,5199738195083;
500;3475,8509816158635;3373,1628349117364;2841,983727008499;2296,3068237957013;2914,4040739993998;2251,4306772539076;
1000;3247,303441176299;2488,0541722067283;2455,3396643436135;1176,8750673236136;2423,924400560251;1163,5855943370882;
1500;3053,6484456993358;1877,2055820489386;2186,9658056129333;961,5948362767797;2082,260109025615;923,3483473072276;
2000;2880,906505015767;1561,3621547172015;2016,0276731065496;930,6653420103942;1940,751759746466;892,3431042815998;
2500;2814,2506502375745;1375,2397813271152;1843,9620466406834;915,6111741804075;1807,6532179834333;882,1914587372951;
3000;2745,051039609716;1160,9474807654892;1729,8871841353111;915,4656164657022;1768,6747619142918;881,347806750882;
3500;2625,23121286203;1079,4458291436547;1622,723016658813;915,4656164657022;1725,9510235212585;858,8517477354128;
4000;2551,0934287306304;1011,7599948377333;1605,219110459121;915,4656164657022;1683,9788250084741;856,4472077588409;
4500;2445,9130918283354;970,4068955669525;1516,8194852278584;915,4656164657022;1641,0850712661627;811,4515558585229;
5000;2263,2340646844364;936,6523011767158;1485,035946289266;915,4656164657022;1602,4916648261021;790,1658155699636;
6000;2163,1989798641985;917,9020264701633;1468,5062985471045;915,4656164657022;1526,266573265003;743,406401080134;
7000;2120,94897422409;910,5138950589733;1456,8567640724782;915,4656164657022;1445,1996030688817;734,3426020134805;
8000;1973,8032995658452;904,7751237056284;1373,2191884358203;915,4656164657022;1426,469232465221;713,1548159212132;
9000;1877,3929747843094;902,3746171123441;1359,8459666950396;915,4656164657022;1371,6546184005101;640,6603758790693;
10000;1829,0979507570084;900,5323513466619;1338,9171279012592;915,4656164657022;1323,5815956855276;618,139929309511;
12000;1623,337230097;892,6763564754119;1282,7145818404008;915,4656164657022;1275,1424084267546;593,4493171859351;
14000;1584,468037297546;871,1784583520987;1228,3310510568008;915,4656164657022;1259,5869135443577;558,0615021630606;
16000;1567,5566648949107;823,4142019432518;1218,7859999574987;915,4656164657022;1256,8641581455645;481,5678426379586;
18000;1497,4527152164223;768,0560825309706;1211,1000658810005;915,4656164657022;1229,752542465662;467,00608879882475;
20000;1468,92801107888;759,3781609247519;1153,147871905097;915,4656164657022;1211,487668654352;454,94886538272294;
25000;1364,7123936769697;759,1798497166812;1096,8857245852594;915,4656164657022;1171,5765207971258;442,6609449616219;
30000;1274,8697838708058;750,0907349336087;1068,8937823237625;915,4656164657022;1131,835639543247;413,8865513255771;
35000;1219,7296687859725;713,9748775094527;1051,3268108463635;915,4656164657022;1092,7034163904284;397,69615982569894;
40000;1209,3371825715299;698,8921678347047;1051,3268108463635;915,4656164657022;1020,1173177307085;394,06605486198305;
45000;1132,0139429877772;681,3666609320428;1026,1382960504375;915,4656164657022;1002,4316868850212;382,2973228179585;
50000;1111,1074005965943;658,6332106866037;1007,3258106293849;915,4656164657022;993,3525195158716;349,0556177894921;
55000;1082,2993219899802;640,130008689383;972,4865727016047;915,4656164657022;973,912870875426;329,1369692886128;
60000;1049,6902022108454;629,4974493689219;946,0095579114657;915,4656164657022;952,0881803104548;309,4634148540829;
65000;1018,1685324555228;614,5617070060664;946,0095579114657;915,4656164657022;899,178542374229;307,38631725596633;
70000;994,6449822411294;592,7383344479558;903,5332793260782;915,4656164657022;859,5761160531199;307,38631725596633;
75000;942,4314912760799;588,2164491981612;878,3626763487907;915,4656164657022;840,0840924415163;297,05578428273384;
80000;896,612047032801;563,5942588167802;861,9405710861101;915,4656164657022;840,0840924415163;289,4450881344667;
85000;885,3913524346474;563,5942579809323;856,3423127376975;915,4656164657022;834,2882401894865;288,08010106922234;
90000;880,3160586645108;546,4132053358574;845,5876384840617;915,4656164657022;821,4181017470953;288,08010106922234;
95000;874,1562910802643;546,4123993142871;837,7547326638035;915,4656164657022;811,782656711862;288,08010106922234;
100000;874,1562910802643;546,4123938262942;828,4386619310894;915,4656164657022;806,7618861265939;271,20744379860616;

==========================================================
===> Melhores f(x) para cada execução:
execucao;AGEO1;AGEO2;AGEO1var;AGEO2var;AGEO1var_5;AGEO2var_5;
1;1130,7514825116787;546,9097984577243;949,4538220425275;487,19328570716243;1253,4745994029195;268,91849545734476;
2;1245,189655030657;546,3364240130823;716,0808566139858;975,4059756351621;801,1035354569467;137,3959121004541;
3;870,1886330800949;103,20593294559058;661,5538927534108;434,36626953730956;892,9674180269185;171,6854347217759;
4;882,5081682485879;271,6050241982066;751,8667773474781;943,499061508252;632,6779321841555;339,9847572783451;
5;688,2939069310896;387,9428728228081;715,2092465648475;758,9877988706262;913,7616440491988;378,4796751863105;
6;713,6911609617928;520,8918005939145;901,6761681464627;900,8676936900279;1010,6111790405148;288,0280020298642;
7;694,439240282089;221,7492504264619;1010,8039927477112;913,2875501755561;802,1746637777383;380,05769957057555;
8;904,036703875196;662,9424193391133;1003,8530136441095;1257,1576930200881;949,9355274897243;318,4067894616346;
9;891,9248155788214;557,7617942508423;667,7560973924228;1258,8932738527742;747,4924257808434;389,9453033928262;
10;1130,5860358049536;786,8242207750432;1006,3036209870074;705,1618023839906;1038,774132779528;302,73294033524826;
11;597,3275296140673;520,767066452745;884,5189578455579;887,6880626075399;704,5874907730899;54,990458568507165;
12;997,651333774299;636,5221838733783;838,1813558496219;1050,6743826330076;987,1148612536126;61,722802015035995;
13;1133,2764034638758;546,4883636395061;669,1264307217393;543,8775240646896;856,2216648003409;290,79916730498644;
14;1292,721154235318;170,2868749816853;964,6045549088476;1144,125873688648;860,3977045436541;305,69235226310275;
15;1013,0602339152442;475,4925409449297;1013,2203949334225;746,4865790326362;654,0907238194186;255,9440417564333;
16;1172,7277080834006;752,4740469745129;733,1601879130553;1200,555394629654;708,5207930546867;119,08669949757086;
17;580,3456382971372;556,6905868627459;634,8888279812445;1311,5091300035074;911,4911912894095;221,42940545512056;
18;807,5985811510113;709,673011824148;525,6263687561923;989,6401363386653;654,2600487071059;365,34963587771836;
19;908,1988256672453;506,9584459228972;997,2780136538245;1017,6538952117398;829,7430298098384;318,29645000638993;
20;616,6693302427443;250,51629057461378;1018,884014116963;759,7167263727702;799,5760620959527;303,31240126048124;
21;608,3312663850952;647,1644807142466;1072,9454138988322;728,3022314283171;658,7947303005576;407,16806915141206;
22;1060,6952211631915;284,31784266216255;745,0995612290203;831,3701299927425;782,7292663722233;0,5393876014477428;
23;609,005430738579;743,756581991307;922,5476008065984;1040,3912655954837;725,4052086445918;449,87251588907566;
24;585,1163980066549;620,4580079468301;868,8778143598997;649,0215445206986;709,7839993131602;68,91143284347709;
25;799,8104926499136;809,9916555670911;765,640842745916;706,7853411461278;919,8850002036484;463,5638471433126;
26;511,50332333034794;657,7868162074337;709,6930331548542;1224,9770607088408;996,4924416792715;165,884331391635;
27;972,1026074958227;153,161580744631;852,9939211185015;806,0302048158251;802,903131175743;132,8818123239139;
28;760,7168111710512;486,5688127723856;1085,3819184184576;1158,7384036004278;841,334734313898;451,2952969945627;
29;663,4677432519093;659,9243072485897;779,4661348295031;1218,6721256205033;960,7108804972395;365,37056024528283;
30;901,2992784867806;372,47011698311144;591,3360049471671;1455,396904638255;858,7545275625857;166,1043364167067;
31;740,0516350858293;718,7201588844964;805,0716282729163;707,8095563919574;905,3896667215395;288,1322001085805;
32;809,3352257555689;187,35442157689295;616,9536084367019;512,1891148382201;929,0148529931444;302,9909371798981;
33;798,8030099773423;591,0233581521898;452,40532816376253;1110,5011948794545;590,3712153640377;268,5562646848598;
34;937,6545699105955;299,89757191481294;713,7339127643208;1179,546312198317;525,1332561589506;179,83717222059113;
35;878,1239490804337;494,2438859015233;934,8480252486443;513,0068778872596;565,8067697694219;339,9774885708357;
36;744,4532426413839;631,4002159130005;964,6592423110164;1432,1331765663867;598,927044291368;149,79283311070094;
37;883,1706833673261;516,640399731974;1113,7042408742395;595,1375313203525;1055,6635025331952;410,59416012452675;
38;887,6120215019687;621,554229279649;819,5492143841939;1262,2412408175878;981,7152874489116;187,35026045531185;
39;1099,296655652839;981,83111084746;751,0806027436847;830,6344506254095;756,8527021806372;290,7579761603529;
40;566,6971230092681;421,7437521078855;711,7637277628919;689,9653344109461;782,9394099839292;187,45607932264647;
41;765,5836425058524;649,1293027884772;803,2660901716122;1397,2100838005126;642,4947061155995;263,9800358993143;
42;781,6546949249932;508,8219417519749;864,1904378153267;656,5548991576625;688,8360839965608;578,8640024669539;
43;926,1441383389733;352,4785410872596;970,7392543865608;1227,5254808204172;655,7535799646021;264,76264197530236;
44;720,8955749414536;559,5102237948959;980,313903092193;1224,8360923079554;800,5474033349055;459,02767894218005;
45;1359,7472529572115;508,2626590317923;872,2063948520235;1480,7987873437282;1055,6550120598004;269,1218642197623;
46;1083,9011047236945;112,23298022914787;859,6907043568935;732,1664066216313;810,6206410774448;153,16287739753488;
47;1204,3246290448433;621,203580172587;708,970300219431;917,6436827558482;581,8129933777668;247,93829563207828;
48;737,3696574199671;717,575928347504;643,3950008527345;907,4745755816934;812,9446723462793;118,98531867834345;
49;775,8884258944195;699,4503161725984;837,328109477985;1101,883187097556;813,0931736843522;272,4782156528199;
50;923,9577369455906;271,3856462656422;813,1519937972944;608,4603750884489;1096,6969984760822;269,9366719443924;











============================================================================
Função: ackley
============================================================================
parameter;AGEO1;AGEO2;AGEO1var;AGEO2var;AGEO1var_5;AGEO2var_5;
meanNFE;100320;100320;100048;100048;100048;100048;
meanFX;15,69176490779977;0,42652179980739546;16,08192647507432;1,378507994363132;16,009188559289637;0,6539791389703083;
melhorFX;11,496029888420022;0,0018422427591282542;14,2439828759134;0,0035471763658421196;14,188433042888889;0,0032762085009458985;
piorFX;17,923342537452708;2,0133259622320168;17,34841230964534;2,7481452496007464;17,400714463347143;1,7780419088219865;
medianFX;15,869333421171067;0,004970117891605952;16,258891056397164;1,6462654259281386;15,98588310464132;0,012785184510686776;
sdFX;1,4956051534061996;0,729716182241512;0,8033954876476068;0,7373917947161411;0,6996470945721618;0,7139809871706255;
==========================================================
===> f(x) médio para cada NFE:
NFE;AGEO1;AGEO2;AGEO1var;AGEO2var;AGEO1var_5;AGEO2var_5;
5;20,977061301733567;20,977061301733567;20,977061301733567;20,977061301733567;20,977061301733567;20,977061301733567;
50;20,963024265111194;20,963024265111194;20,963024265111194;20,963024265111194;20,963024265111194;20,963024265111194;
100;20,956376423868583;20,956376423868583;20,956376423868583;20,956376423868583;20,956376423868583;20,956376423868583;
500;20,895807253092713;20,905108912104836;20,55029930680452;20,489987722810856;20,60807623863589;20,498952256376747;
1000;20,86349665082951;20,832262377176534;20,274622821048542;19,687532932425448;20,194705538636207;19,63174006690982;
1500;20,82447160475847;20,74663060809266;20,101428381111774;18,108939499240346;19,934620916493607;18,101235199806545;
2000;20,80092764725631;20,609168009434484;19,752824304732727;15,873993463372194;19,658396405297438;16,064341649510133;
2500;20,7920207534762;20,450539125528586;19,405679187712806;13,341315745766778;19,536016842562745;13,581785485861655;
3000;20,768727264308886;20,270436864067506;19,204349330588855;9,983495105515244;19,312951660532335;9,83508088784704;
3500;20,718837049927792;20,072753568222293;19,129249038223826;6,522070409418838;19,10825168663084;5,6367968322772235;
4000;20,689495712502328;19,834362961236103;19,107574229492254;3,1756207108303247;18,94509037663162;3,105073448691181;
4500;20,66009871164198;19,59363410630776;19,041780634234506;1,981856531896124;18,861520120461964;2,1329412902616944;
5000;20,64616107108857;19,298274682305944;18,906029962637;1,8971816592254331;18,757188292891648;1,852550904655617;
6000;20,62270033518554;18,596169530025534;18,727066957214312;1,647578151280774;18,689022373850133;1,6829826335616378;
7000;20,587730413422854;17,687270286290627;18,57788467603443;1,6466662111446517;18,642816355230522;1,6465033294703115;
8000;20,507405391573215;16,694656922036426;18,50289253471697;1,646284361044282;18,467520232419865;1,6464070454721504;
9000;20,444245200127256;15,787270510173396;18,33817191738958;1,6462727314147987;18,417293654420426;1,6463988918659123;
10000;20,384527171533037;14,970432459672464;18,094358075124667;1,6462727314147987;18,330901203659877;1,6463988918659123;
12000;20,33048504581268;13,405505487552514;17,900173110571636;1,6462649895848465;17,92554475864972;1,6463988918659123;
14000;20,19523145185709;11,900893737339896;17,754028951016554;1,6462649895848465;17,64640471370885;1,6463210232337566;
16000;20,089271513389647;10,647103080322537;17,654196948696967;1,6462649895848465;17,537167012044097;1,6462997811268671;
18000;19,97004714746119;9,525252278247688;17,552171546284765;1,6462649895848465;17,41694349087458;1,505205429718206;
20000;19,82940181633598;8,479556649929568;17,484326835617715;1,6462649895848465;17,37402568953618;1,5018076357474914;
25000;19,470862874242346;6,226818749699982;17,308236675161623;1,6462649895848465;17,30479389312624;1,5018026185230493;
30000;19,189239302954533;4,687271332865635;17,171367117316414;1,6462649895848465;17,152488931673133;1,5017969062780878;
35000;18,943178047575998;3,6138656888053973;17,02690294378793;1,6462649895848465;17,006982850622624;1,5017924188995764;
40000;18,587192710159307;2,6503569920241414;16,946582549742427;1,6462649895848465;16,97172812452062;1,5017871496774973;
45000;18,17519933801694;2,041905088840524;16,774691937967;1,6462649895848465;16,857688826418183;1,421726153825233;
50000;17,961416998957823;1,569727324905898;16,7538070660892;1,6462649895848465;16,79621070500638;1,3408201240001265;
55000;17,566776453187146;0,8487832431632611;16,716764871933428;1,6462649895848465;16,642384529550807;1,3404878445922925;
60000;17,288110997098137;0,401979736106842;16,662163601676856;1,6462649895848465;16,532648996809755;1,3404825113903787;
65000;17,159364078706282;0,18859995258692486;16,52706529103721;1,6462649895848465;16,469488119185684;1,34047031538503;
70000;17,054342529148926;0,10669638738170661;16,46192753539593;1,6462649895848465;16,415739523987405;1,340467255135918;
75000;16,854736107927216;0,06113973958650121;16,386757933206553;1,6462649895848465;16,366633117022936;1,3404653803300892;
80000;16,52569228350032;0,03460074620094744;16,297302533319762;1,6462649895848465;16,329933205598532;1,3404640201486906;
85000;16,28906552476146;0,02068423887414994;16,28287518469295;1,6462649895848465;16,329933205598532;0,6055693834604483;
90000;16,188970676237275;0,012941202691349574;16,26256156003978;1,6462649895848465;16,110826297729652;0,02121407188737834;
95000;15,971262373315335;0,008044818149370414;16,26256156003978;1,6462649895848465;16,052385578782616;0,02121407188737834;
100000;15,859074863081505;0,004970117792389317;16,22623494827188;1,6462649895848465;15,97368203900905;0,010843869137501017;

==========================================================
===> Melhores f(x) para cada execução:
execucao;AGEO1;AGEO2;AGEO1var;AGEO2var;AGEO1var_5;AGEO2var_5;
1;15,239344350479662;0,005677449490729458;16,427331872821135;1,8997854530241582;16,736550148789533;1,5024285349978506;
2;15,760889908995887;0,0035471763658421196;16,258891056397164;1,5017988596467156;17,400714463347143;1,3404765400616618;
3;17,050300122863366;0,007024555924516562;15,555474377883778;0,003919747742624935;15,96148097337678;0,003919747742624935;
4;16,220259792639613;0,005760058806593804;16,91178483411496;0,003799474734588415;16,849221056496177;1,501799484319637;
5;16,689708899961712;0,004036568559182996;16,30685931298874;0,004036568559182996;15,718981816007421;1,3405119960493614;
6;15,755902070235102;1,3478950456403815;14,67467443819745;1,7781195904978127;14,730906128545277;0,003919747742624935;
7;15,848816304991942;0,0028230650595801876;15,901189903501704;1,3411215662269562;16,79322188711345;0,0036754150363513816;
8;16,626018818285093;0,0032762085009458985;16,86982006528265;1,8997866477669554;15,723712738742883;0,004036568559182996;
9;16,117344296751355;0,0022845021664927856;14,904867725349318;1,7780879500550775;15,98588310464132;1,34047516368884;
10;17,410828376927626;0,003132240873735981;15,778906398703613;1,340798333213776;15,539052848109257;1,340456503641743;
11;17,065671452607443;0,0036754150363513816;16,079741967403308;1,7780692470119241;15,511221306525607;1,3405156014582786;
12;14,766679918173606;0,004036568559182996;16,617841850385;1,8998036756923184;15,625683987754822;1,3404780105467822;
13;14,937487647439884;0,005841561545732787;15,968429053039237;1,899792649266768;15,774258441271039;0,005677448895436754;
14;16,82567819416424;0,0018422427591282542;16,636635329005856;1,5018017586064865;14,807256243050519;1,3404688176814474;
15;14,441372434610642;0,0036754150363513816;17,215909046522018;1,8997995515156347;16,414376461619586;0,0296429592640699;
16;13,302413151745128;0,0045777709108349995;16,15480265620043;0,003919747742624935;15,430763158328189;1,3404849867223447;
17;16,005036750768518;1,3410882142748228;17,010297850190955;1,8998014846984752;15,829807416592885;1,7780419088219865;
18;15,956694530997488;0,005063666432061353;16,01867358649529;1,8998003709706879;16,06700937563274;0,004036568559182996;
19;16,754305936569036;1,6464138007880038;16,62905580562834;1,7780471191547598;15,953673925879382;0,003919747742624935;
20;15,869333421171067;1,501831910653621;15,424646836892478;1,899788193703884;16,164179057010692;0,003919747742624935;
21;14,565156773804087;2,0133259622320168;15,629832596046814;1,8997954141028046;15,44824847761115;1,3404702945931852;
22;15,964180950341625;1,7780354986270694;16,745837869519004;1,5017908985481618;14,59189486803828;0,0043690145348946885;
23;17,923342537452708;0,0018422427591282542;14,772620654425003;1,5017959317201175;15,709091130664262;1,501802702884806;
24;17,070635831240388;0,004474558531409656;16,805573494232934;1,5018034389061619;15,308186043807481;0,012785184510686776;
25;17,901721076478545;0,004036568559182996;16,397517353565238;1,6462685986234113;16,396943322837185;1,3408235346815083;
26;17,62429287372318;0,0018422427591282542;16,81748796628994;0,003919747742624935;16,96381335449031;0,0041502251570300075;
27;12,384963129883662;0,0018422427591282542;15,369827832531715;1,8998066383242254;15,875295123640065;1,3404710515117237;
28;14,663627291908767;0,0018422427591282542;17,099123639774653;1,501799771976163;15,917449753733573;0,008902553764315257;
29;11,496029888420022;0,0018422427591282542;15,91134843218523;1,5018034389061619;15,695100192387544;0,006157363407208294;
30;14,361297029952546;0,007550750597580702;14,2439828759134;1,6468436086905989;15,410786766696193;1,3408167133187447;
31;17,050806454913783;0,005508717192906687;14,406393760325535;0,003919747742624935;16,59264425353021;1,6464195706478257;
32;13,772039580813011;0,006604341650788825;15,484500452298974;1,6462654259281386;17,026517138790002;0,0036754150363513816;
33;17,611506132128486;0,00879268468940353;17,34841230964534;1,778113447381294;15,533726371942587;0,0044745581345395635;
34;15,848548751717042;1,3407818085639391;16,349534031929256;2,7481452496007464;16,23204538473549;1,5017849801788685;
35;15,741363975474437;1,5017598495066942;16,2662320636824;1,8997771515746038;16,00157783632641;0,0032762085009458985;
36;12,680991260624928;1,778035325123696;16,51711411678592;0,003919747742624935;16,33632291120869;0,003919747742624935;
37;14,265349240679278;1,8997527037975743;16,098558692459207;1,6462645532415543;16,59889526281161;0,008222961856091615;
38;14,941545505425253;0,007739459532920989;17,00214202684374;1,3404697963088132;16,9389186333319;1,3405059013002614;
39;14,24579024700477;0,0018422427591282542;15,75285389935528;1,5017849801788685;14,188433042888889;0,0036754150363513816;
40;17,724295845413483;0,005593686483287286;15,915930136165974;0,0035471763658421196;16,504440513233746;0,0035471763658421196;
41;16,2605970557232;0,003414293635369603;16,33571401024236;1,3404729370524926;16,509527346764763;1,5017999713708683;
42;14,276042908036631;1,8997563794058756;14,419639050416306;2,2215839419873156;16,037761781932492;0,003799474734588415;
43;17,258922501926474;0,004970117891605952;16,75518524542326;0,003919747742624935;16,434535725137625;0,003919747742624935;
44;15,179591429620373;1,3404328586315692;14,47160748886074;0,0035471763658421196;16,617101508303662;1,3404650680697898;
45;17,4803890725881;0,004970117693172682;17,238431331207863;2,1201881568530645;16,640715083172363;1,5017972932747305;
46;15,576401780348688;0,004874859678970722;16,673319326172923;1,6462736911636817;15,082313412956486;0,005245993832428297;
47;13,683104909474574;1,7780180136719501;15,348775994026603;1,3404684393279886;16,972003870052145;0,004260967568406215;
48;15,537252072309116;0,0043690145348946885;16,1935788401466;1,7780827028755866;15,613338233982853;1,3404592223651441;
49;16,81430958859865;0,004474558630626291;15,874235448352133;1,5030835075061155;17,016929326638678;0,004036568559182996;
50;16,040063313584348;0,004260967568406215;16,505178847888143;1,7780666638449212;15,24691675400047;0,004036568559182996;











============================================================================
Função: beale
============================================================================
parameter;AGEO1;AGEO2;AGEO1var;AGEO2var;AGEO1var_5;AGEO2var_5;
meanNFE;100022;100022;100008;100008;100008;100008;
meanFX;0,00040903108484386053;0,00023155233347850343;0,0005100217253584397;0,8426411698049376;0,00037681476374582944;0,0002484114639480195;
melhorFX;9,355554833393201E-07;9,317427970502291E-07;6,928163829161841E-06;7,475136007207091E-06;9,355554833393201E-07;9,317427970502291E-07;
piorFX;0,006551540675332739;0,004285453450086661;0,004354640819521916;4,6005835039069485;0,0027492261983311198;0,003614917285654202;
medianFX;0,00017848941856192732;3,746925133348242E-05;0,0003275411167768472;0,6577100649722235;0,00015614682586098655;0,00015993533694804408;
sdFX;0,0009464684110828001;0,0006616478396468954;0,0007698101606182368;1,1562245561412652;0,000529407974582394;0,0005927236326127623;
==========================================================
===> f(x) médio para cada NFE:
NFE;AGEO1;AGEO2;AGEO1var;AGEO2var;AGEO1var_5;AGEO2var_5;
5;40,583968701948095;40,583968701948095;40,583968701948095;40,583968701948095;40,583968701948095;40,583968701948095;
50;5,786214204006704;4,790255780435237;3,88130801597448;2,7799577372955557;4,961446474920124;6,989792392980699;
100;3,136434752844886;1,3717031932701047;2,671200642984007;1,1485603737287202;1,804576320466468;2,1528561897910556;
500;0,8879868375832449;0,6862450303934211;0,7533047043854094;0,6584230445960345;0,2931344462370804;0,6584230445960345;
1000;0,6239114638318627;0,6577420664430833;0,2362582240227876;0,6577100649722235;0,11652601982960283;0,6577100649722235;
1500;0,2951149142655619;0,6577100649722235;0,09626959714596778;0,6577100649722235;0,09084761384125456;0,22345600849997183;
2000;0,11334490416113303;0,6577100649722235;0,038659843138033126;0,6577100649722235;0,03365672638791864;0,22250900883597124;
2500;0,0772993438595033;0,5800439461459466;0,026095010116869526;0,6577100649722235;0,019737628913828936;0,1713459953658206;
3000;0,05302485283325528;0,2720924111422097;0,02496295082828094;0,6577100649722235;0,012394781025405383;0,06423380207598235;
3500;0,026901409421765075;0,2224542432523621;0,022123375210837057;0,6577100649722235;0,00989257910946659;0,04549725986121762;
4000;0,02034299531962957;0,21518814139533773;0,021696002935554015;0,6577100649722235;0,00942799150609112;0,037823959206861615;
4500;0,016748419969344237;0,21518814139533773;0,01715296777947592;0,6577100649722235;0,00942799150609112;0,024060015830429694;
5000;0,015769224140624264;0,05939616271334971;0,014255112466771474;0,6577100649722235;0,00942799150609112;0,02101633945975806;
6000;0,014332208872186052;0,027009497603415172;0,011786245360681881;0,6577100649722235;0,007740371816221362;0,015672990195720868;
7000;0,013685330128057158;0,015331575617666212;0,008584557604253001;0,6577100649722235;0,00490216603731169;0,011407488066262003;
8000;0,011102628411397194;0,013806067305277999;0,007623173953384972;0,6577100649722235;0,003796174933862591;0,010034823021626445;
9000;0,009609700878160552;0,013806067305277999;0,007054947552464745;0,6577100649722235;0,003694202508330297;0,00770649909958058;
10000;0,004876161591261622;0,011822324827694347;0,0055188207996377785;0,6577100649722235;0,0034881738172792987;0,00654012359953211;
12000;0,003849801836444654;0,009706110830261804;0,0029149963772252385;0,6577100649722235;0,0029534942788485546;0,006050895839958451;
14000;0,002099786001864131;0,008446334807808896;0,0027376523609854526;0,6577100649722235;0,002380541667310227;0,005160930613207521;
16000;0,001853010837127724;0,007030687790001924;0,0021321430795460247;0,6577100649722235;0,0016833803273610343;0,003154567219586028;
18000;0,001853010837127724;0,005878950944235663;0,0019603300600728652;0,6577100649722235;0,0016833803273610343;0,0015495876114248858;
20000;0,0014915252871693465;0,001074298362759744;0,0017203252313715634;0,6577100649722235;0,001516219814461645;0,0015495876114248858;
25000;0,0011535562834260823;0,0003778033549437533;0,0014750779453643805;0,6577100649722235;0,0012076760418974512;0,0010262691128654718;
30000;0,0007410824368380479;0,0003182377409203077;0,0010637183167214763;0,6577100649722235;0,0009210610443756821;0,000562006025848641;
35000;0,0006349365714432328;0,0001682263293417081;0,0008557663276505909;0,6577100649722235;0,0007478858432558222;0,0003580389064616349;
40000;0,0004963404545588354;0,0001617563368718918;0,0008067964263636735;0,6577100649722235;0,0006827122644951417;0,0003580389064616349;
45000;0,0004270419982519729;0,0001617563368718918;0,0007773124868122716;0,6577100649722235;0,0003191002551469188;0,0003580389064616349;
50000;0,00034779794514595613;0,0001532075778553618;0,0006869507951799841;0,6577100649722235;0,0003184346263430628;0,000294704431823516;
55000;0,0002714498681324403;0,00010437056729452131;0,000595604595756238;0,6577100649722235;0,0003184346263430628;0,00020787512121677593;
60000;0,00024164466424223186;0,00010437056729452131;0,0004940265001879729;0,6577100649722235;0,00030317218971710833;0,0001889546967103481;
65000;0,00024164466424223186;0,00010437056729452131;0,0004524043779292455;0,6577100649722235;0,0002763608042379298;0,00016344736614349616;
70000;0,00023623877768529596;9,242884663855994E-05;0,0004129892995872434;0,6577100649722235;0,00021674587064664605;0,00016344736614349616;
75000;0,00023623877768529596;8,990262088345593E-05;0,0003895842830879933;0,6577100649722235;0,00020170653554434835;0,00016260185150769398;
80000;0,00023623877768529596;6,17988427702749E-05;0,0003538830390740685;0,6577100649722235;0,00020170653554434835;0,00016260185150769398;
85000;0,00018906032516386527;3,746925133348242E-05;0,00032808131794767874;0,6577100649722235;0,00017902831182704243;0,0001617563368718918;
90000;0,00018906032516386527;3,746925133348242E-05;0,00032808131794767874;0,6577100649722235;0,00017902831182704243;0,0001617563368718918;
95000;0,0001742618453829238;3,746925133348242E-05;0,00032808131794767874;0,6577100649722235;0,00015762876835333852;0,0001617563368718918;
100000;0,0001742618453829238;3,661608509890576E-05;0,0003228246452589597;0,6577100649722235;0,00015102859523264919;0,00014046131144986637;

==========================================================
===> Melhores f(x) para cada execução:
execucao;AGEO1;AGEO2;AGEO1var;AGEO2var;AGEO1var_5;AGEO2var_5;
1;0,0003012331548966811;9,242884663855994E-05;0,0008250685267036104;0,05764521587384193;0,00014591036460431182;0,0001617563368718918;
2;0,00025894071421272296;7,475136007207091E-06;0,00021226017352782474;4,304710311535181;0,00013601120167624646;5,242114918098313E-05;
3;0,00018959070599695014;0,00011631228795048268;0,00038132551152244816;0,6584230445960345;0,001979049813100242;5,902142703587165E-06;
4;0,00011631228795048268;1,2974838538169858E-05;0,000907994373323849;0,015295768431531992;0,00011750823992092365;9,355554833393201E-07;
5;0,00027530650611623324;6,928163829161841E-06;0,0006485905109391479;3,0777044260763784;0,0012898171329280934;0,0008542769433329556;
6;0,00017003427220392027;5,902142703587165E-06;0,0007118549353502951;0,0023025875660296863;0,000426728605573913;0,00016344736614349616;
7;6,928163829161841E-06;3,746925133348242E-05;0,00021914272090063674;0,7056035077550746;0,000534668012576595;1,698093320868849E-05;
8;2,013323178046364E-05;8,356661392220401E-05;0,0007000494435636702;0,00016344736614349616;0,0005988461062481544;1,2844014822479987E-05;
9;0,0007580958871474754;8,737639512835192E-05;9,096348810675631E-05;0,9227775878277241;0,0003181963502323534;0,00020787512121677593;
10;0,00011750823992092365;5,902142703587165E-06;0,00016395197222536547;0,7056035077550746;0,00116395438252719;0,00016344736614349616;
11;0,000278208360319001;0,001294319782186532;0,0003791445590296267;3,06930287456389;0,0002290245830129897;1,7900643270717355E-05;
12;0,0003033284376280734;9,317427970502291E-07;9,242884663855994E-05;4,264752330384156;0,000515239394916803;5,155735311171338E-06;
13;0,00017848941856192732;7,475136007207091E-06;0,00010483494679814513;7,475136007207091E-06;0,00013601120167624646;7,475136007207091E-06;
14;5,9268201471512436E-05;1,698093320868849E-05;0,0004865540185919289;0,6577100649722235;6,306989559565603E-05;0,00016395197222536547;
15;0,0009686187669100361;5,902142703587165E-06;0,0010710087075749574;0,06164712733382393;0,0001591107108456905;0,00023197877218438635;
16;3,816730233234857E-05;9,355554833393201E-07;7,475136007207091E-06;0,009692888940616878;0,0008430668941175253;0,0002607873445285217;
17;0,0004833979198391055;9,317427970502291E-07;1,1939411157068087E-05;0,0357944039124864;0,00031952760784006545;0,00012089507372088542;
18;7,475136007207091E-06;9,242884663855994E-05;0,0007133412350341297;0,012873056791058872;0,00011702771618493665;9,317427970502291E-07;
19;0,000460644392867957;5,902142703587165E-06;0,0010036798662148628;0,015295768431531992;0,00028814802920186326;9,355554833393201E-07;
20;9,355554833393201E-07;9,355554833393201E-07;1,8728913897592613E-05;1,6685256456442985;0,0004717372481944782;0,0001617563368718918;
21;0,000257115218015675;2,354953477044512E-05;0,0018368490895316115;0,6577100649722235;0,001017387697936975;0,0001617563368718918;
22;0,00012231889929758413;0,0001617563368718918;0,000478080150284578;0,01489809175917952;0,0003733240537033202;0,00052212019485087;
23;0,000507017212059531;0,0001617563368718918;0,004354640819521916;0,42766047537443197;9,355554833393201E-07;0,00021219433953015965;
24;4,371545262522528E-05;7,475136007207091E-06;0,00038155692552592913;0,007052315260964876;9,482101590847078E-05;9,242884663855994E-05;
25;1,9846976254766896E-05;0,004285453450086661;0,00039924999360057385;1,2415817217749021;2,4599950640568122E-05;7,617777862661646E-05;
26;0,0007035730242120339;0,0001617563368718918;0,0001029197189131212;0,027009497603415172;7,211365895886093E-06;5,155735311171338E-06;
27;0,00013388696182979628;2,1634927710220337E-06;0,0007695198534082255;0,6584230445960345;0,0001344086312642967;0,0001617563368718918;
28;0,00016395197222536547;5,242114918098313E-05;0,0009357549477951644;0,6577100649722235;0,0002044671582803024;0,002287170629803743;
29;0,00010249291622007403;1,7900643270717355E-05;0,00020510747867241244;2,3636253946989494;8,47684507873672E-05;7,211365895886093E-06;
30;0,001541413069640837;0,0001446588188388318;6,306989559565603E-05;0,8554354790639681;0,0001315180987326586;0,0002668942057719984;
31;0,00020062327935864655;0,0001617563368718918;0,0003181081737410722;0,08851054714797339;0,0002533348344699552;2,354953477044512E-05;
32;0,00021914272090063674;0,0011904333490574707;3,5762918864329115E-05;0,7833046019441438;3,378241508701319E-05;6,928163829161841E-06;
33;0,0001544162104457901;0,0001617563368718918;0,00032990236453330683;0,7056035077550746;1,6075362171633847E-05;5,902142703587165E-06;
34;0,0001552169378579874;0,0006884340176846872;0,00015993533694804408;1,0285360770502026;7,078758917565255E-05;0,0002693874653789914;
35;9,916612301766174E-06;2,354953477044512E-05;0,00020808637812381027;1,097532464502353;0,001151726512078187;0,00021914272090063674;
36;0,006551540675332739;0,0002508803849972968;0,0031323405881351256;0,6577100649722235;0,00010648402292992697;0,00012098728595168865;
37;9,916094120411125E-05;0,0001617563368718918;0,0004478776735293462;1,130599204947802;0,00015614682586098655;0,0003874562938047595;
38;0,00013388696182979628;2,1634927710220337E-06;0,00017848941856192732;0,6584230445960345;0,000907994373323849;1,2974838538169858E-05;
39;0,00034606765505188137;0,001319577722444647;4,3374292105437605E-05;0,6584230445960345;3,171433157509815E-05;0,0001617563368718918;
40;9,242884663855994E-05;2,1634927710220337E-06;0,0003275411167768472;0,00016395197222536547;0,00013388696182979628;4,3374292105437605E-05;
41;0,0003194483889297806;9,671744544606985E-06;6,928163829161841E-06;1,340857292714933;2,6498772408950856E-05;0,00016395197222536547;
42;0,0002461155512461917;3,5762918864329115E-05;3,5762918864329115E-05;4,6005835039069485;8,07830724737317E-05;5,201484019050296E-05;
43;0,00028976764468031225;3,378241508701319E-05;0,000426728605573913;0,015295768431531992;0,00019894591280839434;0,00016344736614349616;
44;7,029575458616046E-05;3,746925133348242E-05;3,42161238686336E-05;0,0341460069471111;0,00043608933664778486;6,566671455932179E-05;
45;0,0014908813384617574;3,746925133348242E-05;5,955289792083155E-05;0,22657885207150144;0,00012089507372088542;9,242884663855994E-05;
46;0,0001471071673465652;9,242884663855994E-05;0,00012477088345887833;0,010289032088913528;0,0002099522351608294;0,00016344736614349616;
47;0,0008273397516696268;3,746925133348242E-05;0,00010605420566070546;0,014625744941967986;0,00010117598390457368;0,003614917285654202;
48;0,00010249291622007403;0,0003874562938047595;0,0007835169357578571;0,6577100649722235;0,0027492261983311198;3,790299736490265E-05;
49;0,00012477088345887833;3,5762918864329115E-05;0,00013642958259304196;1,0437848751944374;3,8179415618887784E-05;0,0002508803849972968;
50;0,0002829856468153554;5,902142703587165E-06;0,0003286215191185103;0,22244364852383994;9,096348810675631E-05;0,00015993533694804408;



Execution Time: 2170.516 s
