




============================================================================
Função: Griewangk
============================================================================
parameter;GEO_can;GEO_var;AGEO2;AGEO1var;AGEO2var;AGEO9var;
meanNFE;100100;100100;100100;100100;100100;100100;
meanFX;0,12285612721250978;0,010532361705860912;0,06262801448259667;1,2634141457288572;0,22205236617238516;0,005769188170825459;
medianFX;0,11111859051392237;0,005295543518706425;0,04120189229495508;0,6553764903843088;0,15772467385172884;0,004844090388842148;
sdFX;0,07377134552911054;0,009578732650327973;0,06187613617807579;3,6828712758870785;0,18510244957487937;0,0036485191738354046;
==========================================================
===> f(x) médio para cada NFE:
NFE;GEO_can;GEO_var;AGEO2;AGEO1var;AGEO2var;AGEO9var;
5;276,14970301245637;276,14970301245637;276,14970301245637;276,14970301245637;276,14970301245637;276,14970301245637;
50;244,60537970200812;244,60537970200812;244,60537970200812;244,60537970200812;244,60537970200812;244,60537970200812;
100;234,180432515755;234,180432515755;234,180432515755;234,180432515755;234,180432515755;234,180432515755;
500;135,91912067794175;1,7764887380595327;172,95721240474887;14,074257672084826;45,84298068001455;55,58015186160596;
1000;74,91914579777057;0,682451766393165;71,1035454478526;2,563945466795073;1,115702471015353;1,5085732583703213;
1500;36,72354602350356;0,3912490503748842;24,789962280237752;1,4897161196311033;0,4072915691491061;0,5206181880989471;
2000;19,40461077073468;0,2651449424677851;9,514106005419254;1,4660488709151542;0,2580707480464666;0,31668812684684344;
2500;9,519029456004052;0,22611790830452233;4,670290827867525;1,466022058326557;0,24272297902018652;0,2965173363055134;
3000;5,516772203036576;0,1976655088152402;2,451889988362686;1,274942106437467;0,22544880038417703;0,2673300267698441;
3500;3,9256582124875385;0,18427619901993914;1,6361721434703167;1,274942106437467;0,22538203992376502;0,21559962947858735;
4000;2,5726138932537603;0,15426150721265813;1,2241313453432956;1,2634141457288572;0,22538203992376502;0,1843577791613177;
4500;1,726461907546004;0,13333523973988642;1,0429119325671126;1,2634141457288572;0,22345348616012095;0,16778300655991724;
5000;1,3854331650102765;0,1269377242942805;0,8881061733037205;1,2634141457288572;0,22205236617238516;0,1528898632545668;
6000;1,0288750136868443;0,10897585304829653;0,6242584342987151;1,2634141457288572;0,22205236617238516;0,12073590458441648;
7000;0,8089150296054568;0,10857947036449203;0,4082006665920713;1,2634141457288572;0,22205236617238516;0,10696236516604558;
8000;0,6361575721926858;0,09509797997684051;0,32990218436950197;1,2634141457288572;0,22205236617238516;0,10222133374802245;
9000;0,5316519009319758;0,0930417207108079;0,29739945787614647;1,2634141457288572;0,22205236617238516;0,08865710133958464;
10000;0,42664264962845994;0,08503532137173626;0,27449533646240043;1,2634141457288572;0,22205236617238516;0,07685464042888737;
12000;0,33790532089724384;0,07149637438304127;0,23731272542572493;1,2634141457288572;0,22205236617238516;0,05459707720427087;
14000;0,30287760235009803;0,06613774178234628;0,21348369550575455;1,2634141457288572;0,22205236617238516;0,04190357254198142;
16000;0,28728674660515574;0,053088870114230156;0,1937540953267836;1,2634141457288572;0,22205236617238516;0,034780235245263975;
18000;0,27868132628603237;0,04680332393942207;0,19037357846321204;1,2634141457288572;0,22205236617238516;0,03252970774826556;
20000;0,2699163806792181;0,04358745266420697;0,17465240174144486;1,2634141457288572;0,22205236617238516;0,028428149776847145;
25000;0,24671071085445676;0,03935361505195034;0,15391663908116726;1,2634141457288572;0,22205236617238516;0,020156756664045112;
30000;0,23507271605770952;0,03096528567356952;0,1331158052734152;1,2634141457288572;0,22205236617238516;0,01733425173838743;
35000;0,2253881504822385;0,028471345396955526;0,12998396393399053;1,2634141457288572;0,22205236617238516;0,01470859441773446;
40000;0,20658537031065158;0,024137189079393443;0,11450296654720235;1,2634141457288572;0,22205236617238516;0,01364745171962467;
45000;0,20298344015240413;0,0200708861051414;0,10987178704879419;1,2634141457288572;0,22205236617238516;0,011119632477037475;
50000;0,1943592668054135;0,017922042190288433;0,09506900249442421;1,2634141457288572;0,22205236617238516;0,010121383582082763;
55000;0,18568934736307346;0,017707201476692653;0,09132667054364221;1,2634141457288572;0,22205236617238516;0,009202105985409492;
60000;0,16810811339958803;0,01736944178585735;0,08405059220857536;1,2634141457288572;0,22205236617238516;0,008966548429028758;
65000;0,1560181659753816;0,0171821298525741;0,08289749534982241;1,2634141457288572;0,22205236617238516;0,008143763847147361;
70000;0,1498613512889654;0,016195632092905733;0,07573696959971436;1,2634141457288572;0,22205236617238516;0,007917603709967755;
75000;0,14659880413661242;0,015556468982647764;0,07142266026982322;1,2634141457288572;0,22205236617238516;0,006769132781779266;
80000;0,13914117299477646;0,013126083826732433;0,06818293304034406;1,2634141457288572;0,22205236617238516;0,006749049783211619;
85000;0,1327385391562288;0,011253813347616886;0,06802422139959523;1,2634141457288572;0,22205236617238516;0,006412556129346087;
90000;0,13038553690228608;0,010817039569022687;0,06489855005060188;1,2634141457288572;0,22205236617238516;0,006130815672770481;
95000;0,1283648305178513;0,010559175926922956;0,06371287275388308;1,2634141457288572;0,22205236617238516;0,006101045522781212;
100000;0,12299135354071142;0,010532361705860912;0,06262801448259667;1,2634141457288572;0,22205236617238516;0,005769188170825459;

==========================================================
===> Melhores f(x) para cada execução:
execucao;GEO_can;GEO_var;AGEO2;AGEO1var;AGEO2var;AGEO9var;
1;0,1282758868035141;0,004001689557726951;0,10560165354902251;0,9761462070891633;0,1676365015524064;0,005965280963119324;
2;0,13950058026239032;0,004699565947345774;0,02070643035636255;1,0236315696224074;0,5813919004481574;0,006632261313605836;
3;0,17046687054858223;0,005295543518706425;0,01033133341898973;0,01681342986318768;0,34048944907190415;0,01933832488762177;
4;0,05857132323082226;0,011999805853820433;0,03864567744124969;0,9034458266062053;0,13016833810291373;0,00452993390274159;
5;0,017696124714013717;0,0030394187422043695;0,015492165727511331;0,109235014282835;0,07523293996614933;0,0030394187422043695;
6;0,09435442869825583;0,01779125875328047;0,04833594161106525;0,9537087009018167;0,39543675289654356;0,004744187993657167;
7;0,21711447551845764;0,005020094271516284;0,07354266344180493;0,3227098549649805;0,13243173523953744;0,005020094271516284;
8;0,07891284255808884;0,004069603367931274;0,0019659232418319794;0,9465787960814127;0,15772467385172884;0,004069603367931274;
9;0,030159486422331017;0,0031756402216979174;0,09752903472104779;0,626466717476181;0,22665808986054226;0,0031756402216979174;
10;0,14220654189137827;0,02104656401940852;0,008734251670899917;0,8839993465008298;0,3303086969571106;0,0025635255120870504;
11;0,11572707973192309;0,0056518994263745626;0,12393074041271746;23,40318942475214;0,02212248886029755;0,0056518994263745626;
12;0,08498859812552084;0,011819602242536642;0,13045770772332976;0,9664522736295043;0,1566503121561722;0,003458033559057494;
13;0,2172659525612084;0,003710663739606157;0,11078740855508906;0,4370804296011972;0,013058256967339754;0,00714954238170229;
14;0,09979678366103883;0,011465233285071097;0,0019659232418319794;0,6637901950195394;0,3284691839066761;0,0039953489017838795;
15;0,2841548299421448;0,019541284801717573;0,1473728010664186;0,744080663654098;0,14976211973422526;0,005242639544642214;
16;0,011312718486025997;0,03576204672153149;0,06341315896276745;0,3616347738189004;0,06818805732639777;0,01800920014381724;
17;0,0923688873660633;0,0019659232418319794;0,19785228630344354;0,0019659232418319794;0,15760920604599726;0,0019659232418319794;
18;0,14276710747548327;0,004886563127494914;0,0019659232418319794;0,8266847856948004;0,004886563127494914;0,004886563127494914;
19;0,1787221645832341;0,016021535801295284;0,023755744182039518;0,010227200736807829;0,013877901761204958;0,00452993390274159;
20;0,11111859051392237;0,00363638271198663;0,008734251670899917;0,5292621036941032;0,44087366776821957;0,00363638271198663;
21;0,21288732342300865;0,005020094271516284;0,15190627873788443;0,9592612522844491;0,34241175483762787;0,005020094271516284;
22;0,07387244577049734;0,00377252459030486;0,040562400222483586;0,4885189894183428;0,05220684087352656;0,00377252459030486;
23;0,09990244426789885;0,006427757424721792;0,12519610464314412;0,9932261147644807;0,11880266741218848;0,0070726964788445645;
24;0,12925553149418012;0,02555616503693281;0,03179249306202414;0,5288588315342463;0,0033985974356538495;0,014166831673186775;
25;0,02021391679133;0,004835565776632245;0,023070370918372274;0,9229543401210776;0,38166234629801954;0,004835565776632245;
26;0,12601466042009746;0,005316801023432127;0,04120189229495508;0,005316801023432127;0,32871193363302753;0,008522080064522153;
27;0,303261121147701;0,003868021740404237;0,0019659232418319794;0,8390611329116432;0,4342328766459618;0,003868021740404237;
28;0,15100166202093102;0,028371987906145923;0,07186715994037429;0,6553764903843088;0,5233149591964414;0,005242639544642214;
29;0,07676484730906274;0,004844090388842148;0,05371434837942268;0,8559384077892922;0,3113200079247713;0,004844090388842148;
30;0,12572515056713063;0,004128999633670638;0,15431413627707247;0,3663671482666888;0,004128999633670638;0,005242639544642214;
31;0,08914503130113416;0,005736566550414324;0,0019659232418319794;0,028368614753551902;0,33695070438477104;0,005736566550414324;
32;0,0019659232418319794;0,0034049418734501957;0,02351021781435314;0,993477990624374;0,11691685976466115;0,0034049418734501957;
33;0,0684752849528768;0,004440972618309225;0,0019659232418319794;0,3395101896410456;0,07571947482717423;0,004440972618309225;
34;0,09906086606118047;0,021999681428727103;0,09047606971442534;0,009870285241390886;0,13221044132473503;0,00377252459030486;
35;0,10965167552826394;0,025560942517262264;0,05891456600816147;0,9337222301652687;0,24412261787090583;0,004645279139058434;
36;0,24610302761081282;0,02756518932052532;0,0019659232418319794;0,36579325508256755;0,051304604455122305;0,005867674873125339;
37;0,23020544360690165;0,003868021740404237;0,2597476021262928;0,48486864622517034;0,8310623550882738;0,003868021740404237;
38;0,07147678049460615;0,0039953489017838795;0,008734251670899917;0,23154508340031466;0,398129983311034;0,003868021740404237;
39;0,21513298400768732;0,032218642623733196;0,03911541178392142;5,294539534111046;0,222969024317209;0,00921076800225551;
40;0,048647695388858714;0,005761833514138948;0,0920125622025969;0,5328872541796627;0,07954076205961513;0,005761833514138948;






============================================================================
Função: Rastringin
============================================================================
parameter;GEO_can;GEO_var;AGEO2;AGEO1var;AGEO2var;AGEO9var;
meanNFE;100160;100160;100160;100160;100160;100160;
meanFX;19,728911970071728;8,287046044741306;15,03220378144492;22,840069353136055;23,45486060070205;11,790511495240867;
medianFX;19,041764760346354;8,031153299165666;15,204201351396605;23,057576817054887;23,861162620010916;12,023731203165902;
sdFX;6,310435358399228;2,932836097162509;3,877454421358427;6,171202720734387;6,553924128974494;2,0868124175701976;
==========================================================
===> f(x) médio para cada NFE:
NFE;GEO_can;GEO_var;AGEO2;AGEO1var;AGEO2var;AGEO9var;
5;223,1064829464069;223,1064829464069;223,1064829464069;223,1064829464069;223,1064829464069;223,1064829464069;
50;216,76392915017982;216,76392915017982;216,76392915017982;216,76392915017982;216,76392915017982;216,76392915017982;
100;213,86122200237804;213,86122200237804;213,86122200237804;213,86122200237804;213,86122200237804;213,86122200237804;
500;201,84935126176308;85,6614887139991;204,66561203643806;134,18094034572704;175,44501455377466;174,83955360450906;
1000;185,83308872955843;38,095833830406825;187,56185717245285;43,81129000031198;85,80067439801526;83,48425209250321;
1500;174,610645472354;29,533113962631425;165,80633584727767;26,911791888665732;47,54476097675301;45,97615124417685;
2000;159,03273892560958;25,59020591112712;138,9328313348471;23,133657757142537;26,17026124886566;27,543868376773975;
2500;148,9698427328356;24,191895640247605;120,82612800921886;22,886603257042484;23,867651124832022;25,002667669878697;
3000;137,26027644046144;23,01975848958454;99,31134069067403;22,84228618102292;23,46628462605323;24,585701015944146;
3500;129,49673565384927;22,321362136703176;88,25420058926078;22,84045390698455;23,457166908741097;24,570310138215348;
4000;116,97015128194782;21,952666162335525;73,97880083482498;22,840079001918053;23,455097483470716;24,56856514321391;
4500;109,62755199511426;21,5237368465268;65,01433374726453;22,840069353136055;23,454893632605355;24,568507827261932;
5000;102,5113114808191;21,22733982814993;58,013376122170186;22,840069353136055;23,454865380908814;24,568507827261932;
6000;87,0210481072036;20,583238311242987;46,4781632203658;22,840069353136055;23,454861205528523;24,170447961401997;
7000;76,90933654641393;19,877371166978747;37,94856090772597;22,840069353136055;23,454861205528523;20,752185073518405;
8000;68,4662692515262;19,251660289551833;32,17561438021229;22,840069353136055;23,454861205528523;19,194000426742285;
9000;59,4011309297161;18,539460769748462;27,516278360488705;22,840069353136055;23,454861205528523;19,17589411585887;
10000;52,6947931009575;18,38283146996186;24,64563241314691;22,840069353136055;23,45486060070205;18,98539644067386;
12000;43,556792078193084;17,22339521929425;21,841764629055856;22,840069353136055;23,45486060070205;17,46689792237894;
14000;37,926292569416034;16,879384815646596;20,80266550187418;22,840069353136055;23,45486060070205;17,347643981289405;
16000;34,242519567336366;16,28065556146671;20,311133934340322;22,840069353136055;23,45486060070205;17,12193855756641;
18000;31,51483886995724;15,652145222786004;20,10790145485425;22,840069353136055;23,45486060070205;17,04769122687453;
20000;29,70490078780366;15,121534989462504;20,025865510853137;22,840069353136055;23,45486060070205;16,795140900655195;
25000;26,440461472182857;14,20564564328925;19,95764453928688;22,840069353136055;23,45486060070205;15,716700414981881;
30000;25,113316758224734;13,26602714052483;19,945519858494244;22,840069353136055;23,45486060070205;14,205905937750384;
35000;24,00644563236015;12,676962395723482;19,920469806950443;22,840069353136055;23,45486060070205;13,645768449079146;
40000;23,69889175650882;12,15066455082749;19,675884304345864;22,840069353136055;23,45486060070205;13,442090693918093;
45000;23,431941743741724;11,59576203128855;19,18297772357147;22,840069353136055;23,45486060070205;13,237752212348889;
50000;23,229765362436943;11,215076381723918;18,498467874734203;22,840069353136055;23,45486060070205;13,081518652956394;
55000;22,644677361899404;11,003777852978185;18,151983901222486;22,840069353136055;23,45486060070205;13,040037157613563;
60000;22,20138404857847;10,733723607266729;17,627090807912616;22,840069353136055;23,45486060070205;12,994726806965293;
65000;21,7801723801763;10,190945106714558;17,4630994001597;22,840069353136055;23,45486060070205;12,843913423768862;
70000;21,46313364365841;9,559361313871044;17,014427222233955;22,840069353136055;23,45486060070205;12,682030091175113;
75000;21,292086168051714;9,44041929923617;16,651947008232504;22,840069353136055;23,45486060070205;12,568639378248596;
80000;21,15458095116376;9,190026360010886;16,248249306041807;22,840069353136055;23,45486060070205;12,533190686699166;
85000;20,696768937171463;8,927557728225866;15,906612716015085;22,840069353136055;23,45486060070205;12,126558269625615;
90000;20,259595876413574;8,661696554281658;15,594871154404268;22,840069353136055;23,45486060070205;12,073252460367973;
95000;19,90861385507842;8,441318709047755;15,403772325699128;22,840069353136055;23,45486060070205;11,977504812662795;
100000;19,728916799145654;8,287046044741306;15,03435381431424;22,840069353136055;23,45486060070205;11,79075818982734;

==========================================================
===> Melhores f(x) para cada execução:
execucao;GEO_can;GEO_var;AGEO2;AGEO1var;AGEO2var;AGEO9var;
1;17,01778853645265;15,056198204408254;17,987919265132554;29,087673921437336;32,20923023646681;15,967673735515596;
2;20,956638948256995;6,089393494333201;16,304990368050298;24,079306587061254;19,156957397177784;15,139155565591366;
3;19,013336863368934;13,194348404630794;17,990956294517808;20,11670361151102;17,040425165905482;15,006515980193832;
4;17,139383065957944;7,019715465253043;13,067305771084946;17,084547171421747;20,075376145494694;12,023731203165902;
5;33,246280313208445;11,315967967969193;16,145928612885527;30,09372028168849;14,975674126194754;7,998533544552224;
6;21,165096507502568;12,234098373872506;21,181295018184613;18,109312446277748;28,264214317049785;13,040143521332901;
7;12,07875740282195;11,097842220740063;11,105332860989968;14,172290256614026;27,089792069741897;12,122308639977177;
8;19,041764760346354;6,98472311776068;18,083108900029814;36,15364401769642;29,727803956342722;12,900044943819317;
9;23,065261173743103;8,976447813412577;21,09585813811219;26,10791556598008;23,861162620010916;11,04728202572359;
10;19,195411142841706;11,086234787755266;23,980009542562655;36,06673824690469;22,014548888163944;10,000189262133752;
11;34,62362347725684;7,055816010323511;11,985182597362254;24,017438901962933;33,08179196684233;13,072609018255228;
12;18,13513684077732;11,624100233503505;11,029304470393875;22,11254341256663;18,993218543669244;10,918092330250438;
13;23,019892877618318;8,063498490192877;14,146518747880044;15,990598452320356;10,948487385930015;7,965890707001691;
14;16,043446784056457;6,994149598877286;15,991478554240189;22,94028844573164;25,092432208056948;11,855276477381025;
15;34,22014057451307;5,054416663004645;18,147793836824874;28,009185715005533;13,170210047448123;11,886180429057546;
16;12,072343875043487;15,078345192576961;14,08250124987628;25,073448089413887;16,116162771112407;14,025861370532787;
17;17,426210408922458;6,049519460104804;15,136086564316592;19,105774187985148;24,90488253570515;12,916025516822152;
18;24,87156181456001;11,92396760735145;9,016462473074334;15,039359409074038;31,800908793521515;12,85376345453006;
19;22,359330652075748;8,193509177707377;10,217694376539278;16,990359331657253;18,0834700183975;8,9821849279979;
20;15,09850566168771;9,125793724355674;15,36387894641674;19,704098046025912;17,098080015172386;13,000059303339619;
21;20,843597449786557;7,217873489331417;18,174616611531953;25,316279836754383;28,197907135454642;9,90337461178084;
22;28,236632367264974;5,9695648872491205;18,082698480724936;18,05597968236672;18,163491098151162;13,065009662977772;
23;23,153358397305915;6,050296403419509;11,997659957282494;26,047084606716304;28,978657075260404;13,056871394367157;
24;21,98373807401518;6,133369007054206;15,204201351396605;23,051964945146516;19,97502149891571;11,987358162987299;
25;16,351007563844618;9,542193490655123;20,034601550276726;39,232267708025034;27,124108594716468;12,014690889559638;
26;28,95506028475747;4,925245954427325;12,801784615054167;18,01933470074225;26,10497978451037;11,006983134938139;
27;12,05013967167045;11,37700793485584;10,056659061777616;10,935974000680247;19,82706885495454;10,935726499202623;
28;14,135352245550273;4,985847576909848;11,04074570655576;23,064992392720335;19,18899059222921;13,056475130665895;
29;16,179504994009875;5,021027227596335;9,07982856425582;23,933992254597428;23,089932510965326;11,964522107626507;
30;12,973866357276222;10,445916895522032;16,11535811049248;24,10960356163949;26,884338027704693;14,977543587677147;
31;13,924355925566317;3,934573396867769;9,93366293784279;16,882094793112998;17,967425025850666;11,992252888942396;
32;14,078942497238039;3,9673505177408117;22,17200035280802;16,09917639976532;24,10908203682085;12,058127891591283;
33;26,246415450126946;8,031153299165666;16,03276738438634;23,057576817054887;39,115155274225664;6,019151444162645;
34;14,061979646994054;8,042081362801781;14,08741276510424;28,279231948847624;24,204630847042452;12,023953399630699;
35;23,06748808424733;3,973986218292872;13,965615887577457;14,919577549523325;34,864997750820635;10,94983107580218;
36;12,087707764348004;9,146767900655362;9,23776360009883;22,814027539137818;32,83603255294291;13,039586582955621;
37;8,971294627642642;7,03291186936714;10,974807146789942;28,91862581955245;13,884565759493483;12,884762117227368;
38;16,008818490856484;7,274649128878885;18,066131160392764;23,833204213280567;22,85773701937707;9,999231565016423;
39;24,991841894654982;9,101298512719062;18,145035332762028;22,10685294204235;17,989825716757757;8,916565037001668;
40;21,06546533470093;7,090640708008408;14,025194092211272;24,86998631540027;29,125647663483598;9,04692066834727;






============================================================================
Função: Rosenbrock
============================================================================
parameter;GEO_can;GEO_var;AGEO2;AGEO1var;AGEO2var;AGEO9var;
meanNFE;100022;100022;100022;100022;100022;100022;
meanFX;3,3535450289408635E-05;3,6509016341011185E-05;4,524725126642226E-05;0,26923578028178474;1,203291763888395;4,671281008114708E-05;
medianFX;1,2732530238028651E-05;1,8273875128587248E-05;3,8377629631470756E-05;0,0005114660970501874;0,5376003649951384;3,218849167572097E-05;
sdFX;4,9748469167839885E-05;4,244765681224898E-05;4,503069737722504E-05;1,0663384751511336;2,661895605062039;4,734762616769287E-05;
==========================================================
===> f(x) médio para cada NFE:
NFE;GEO_can;GEO_var;AGEO2;AGEO1var;AGEO2var;AGEO9var;
5;96,0523021784203;96,0523021784203;96,0523021784203;96,0523021784203;96,0523021784203;96,0523021784203;
50;19,652734206408915;18,27648326671318;34,278069207814255;35,10009829997059;13,563023102211897;26,616206619874173;
100;10,258300826382015;2,3807821942196536;2,7780206325296803;3,2759563163852286;3,0748044148947598;2,573503370171703;
500;1,379795520338765;0,9815917637374632;0,9284473257274941;0,5254659283567948;1,4067759104751059;0,7644109640048853;
1000;1,0195392112393706;0,44380254526083157;0,6451635165254885;0,4105092858521611;1,2115291501512822;0,41587422614333125;
1500;0,5963228030385566;0,3555511648049646;0,3768064621876268;0,34823124252998044;1,205655602964971;0,18072393911750423;
2000;0,5294747861022057;0,23645518596748438;0,32445916929714835;0,3239708646362104;1,203291763888395;0,0782862919182143;
2500;0,513821919907583;0,20116014007513677;0,17596180474685316;0,322587962795311;1,203291763888395;0,05464887233339164;
3000;0,3672840869609584;0,12121508587545385;0,14312607965565174;0,31003774488398356;1,203291763888395;0,014942363150206911;
3500;0,27451463227452827;0,0946300548981536;0,1369047636885252;0,29029836376767026;1,203291763888395;0,007292957291608939;
4000;0,2485281560068414;0,049579602984174145;0,11870590269448456;0,2874194779900432;1,203291763888395;0,003872854938006031;
4500;0,22143144552898297;0,04081630838110843;0,0573600352932654;0,2832833931566343;1,203291763888395;0,002556016038564909;
5000;0,18120583547240132;0,013880757557122477;0,04161522257772721;0,28275325060606454;1,203291763888395;0,001982053451691838;
6000;0,16943944512382836;0,005312189299193767;0,03299843476423548;0,27908997822691284;1,203291763888395;0,0018996826672992323;
7000;0,12066526426001105;0,003983721493334838;0,03263496631341935;0,27718235679058945;1,203291763888395;0,0017071339058057817;
8000;0,11213153010161289;0,0025758349750890667;0,011616003271917936;0,2767861088802532;1,203291763888395;0,0016650302836828431;
9000;0,07218323220054249;0,0019550584330227786;0,01122461983589267;0,27423312741517114;1,203291763888395;0,0016129240048425916;
10000;0,0549622334266632;0,00191619560609371;0,010349719133682152;0,2739623747748218;1,203291763888395;0,0011315468495184532;
12000;0,03175378007052672;0,0008045095908446222;0,006612505682284657;0,2728806531791565;1,203291763888395;0,0008124048986849416;
14000;0,010451503350175842;0,0005971949635623582;0,0019045167834738168;0,27224354205304907;1,203291763888395;0,0007859670018707332;
16000;0,0068000980425669405;0,00027785112057348606;0,0014618597131295858;0,27211770854297374;1,203291763888395;0,0005572091813406916;
18000;0,003377819039494241;0,0002365371751966028;0,0014431956213515488;0,2714142611647878;1,203291763888395;0,0005207671650514715;
20000;0,0028998900397810366;0,00018888308570614727;0,0009545878459882758;0,2710501500227641;1,203291763888395;0,00039296206505737546;
25000;0,0010382632207342067;0,00011977315440522532;0,0006862744078624376;0,27088212079736057;1,203291763888395;0,00018417104695908078;
30000;0,0007854796596393858;0,00011543256920313642;0,000255986552764128;0,2708320929752659;1,203291763888395;0,0001698106229087266;
35000;0,00013310154096647328;0,00011514429203574866;0,00022907064219262048;0,2702720671954898;1,203291763888395;0,0001510959353339879;
40000;0,00010928419735181495;9,137390895243622E-05;0,00015957046060553537;0,2698915448023861;1,203291763888395;0,00012228964089588452;
45000;7,993898471257802E-05;8,291351217123405E-05;0,00010435731287077675;0,26963574154401215;1,203291763888395;0,00010569816259042898;
50000;7,039709489975924E-05;5,970326469280166E-05;9,151248491905013E-05;0,26961161182616894;1,203291763888395;0,0001014012319003248;
55000;5,7209182339839205E-05;5,482362964459463E-05;8,140074984698388E-05;0,2695210438961214;1,203291763888395;8,422059300071302E-05;
60000;5,504151503229372E-05;5,290020602522395E-05;7,493839315285627E-05;0,2694454233651108;1,203291763888395;7,638419484901036E-05;
65000;5,23213839484422E-05;4,712442392737355E-05;6,65672830381418E-05;0,2693528825927099;1,203291763888395;6,845783317308133E-05;
70000;4,671730321173627E-05;4,405338268297715E-05;6,226435846970474E-05;0,2693165453297362;1,203291763888395;6,570198537039872E-05;
75000;4,2402981758933743E-05;4,3030723395373666E-05;5,567889116675439E-05;0,2692826459734755;1,203291763888395;6,505439964365178E-05;
80000;3,9028936809990984E-05;3,9234892443176567E-05;5,567889116675439E-05;0,269280711113804;1,203291763888395;5,483770198221261E-05;
85000;3,88864354765808E-05;3,886940795453966E-05;5,174546429583209E-05;0,269280711113804;1,203291763888395;5,195004959510686E-05;
90000;3,88864354765808E-05;3,6509016341011185E-05;4,722947717277863E-05;0,2692578312634915;1,203291763888395;4,8504218933019014E-05;
95000;3,6818294973242865E-05;3,6509016341011185E-05;4,6024420561886516E-05;0,2692371998841562;1,203291763888395;4,6993267614114695E-05;
100000;3,3535450289408635E-05;3,6509016341011185E-05;4,524725126642226E-05;0,26923578028178474;1,203291763888395;4,671281008114708E-05;

==========================================================
===> Melhores f(x) para cada execução:
execucao;GEO_can;GEO_var;AGEO2;AGEO1var;AGEO2var;AGEO9var;
1;1,7719288467843232E-06;9,68347953482746E-06;5,257468600565964E-05;0,0005114660970501874;2,9307648941047892;1,6272330808828494E-05;
2;4,137588455472557E-05;7,044318421630633E-05;1,8273875128587248E-05;0,0006029428863412921;0,7724124561272245;5,821730342612616E-05;
3;1,6529512633522721E-06;7,124241620630472E-06;6,24197042131614E-05;0,00044730366526730286;16,207914653297557;9,402268240680229E-05;
4;2,378284925332508E-06;3,8377629631470756E-05;3,945351130221012E-05;0,0016555260262573397;0,00027345583711822557;9,440227878172966E-05;
5;1,7719288467843232E-06;5,257468600565964E-05;6,052344200316405E-06;0,00012386272490909803;0,05464636735427702;1,3864600491273174E-05;
6;7,897503890225352E-05;1,6529512633522721E-06;3,8377629631470756E-05;0,00014769076309777861;0,00011824021326259513;1,8273875128587248E-05;
7;1,6529512633522721E-06;2,021315536048899E-06;4,7888267083683586E-05;7,897503890225352E-05;0,8167121237031137;4,464586500585507E-05;
8;1,8273875128587248E-05;2,4371252333433615E-05;5,257468600565964E-05;4,2175759878706286E-05;2,0913168560622166;2,8771350992162275E-06;
9;6,052344200316405E-06;3,9413268664492804E-05;2,021315536048899E-06;0,00022210273367994805;4,496169283292192;7,474542290168473E-05;
10;1,2732530238028651E-05;1,6529512633522721E-06;6,646211204800484E-05;6,600331440404743;0,0003460480791486659;5,490216108160771E-05;
11;1,6529512633522721E-06;0,00016587342649362452;1,8273875128587248E-05;0,002342947467911798;0,054011516141735175;3,9413268664492804E-05;
12;1,118248750616245E-05;1,3995789577468062E-05;1,8273875128587248E-05;0,07444609896671915;1,0005063782105634;1,3995789577468062E-05;
13;2,8771350992162275E-06;8,801785615547957E-05;1,8273875128587248E-05;0,00030015261555243957;1,0005063782105634;6,052344200316405E-06;
14;1,8273875128587248E-05;2,8771350992162275E-06;1,7719288467843232E-06;2,0303968399015835E-05;0,6427645878128075;1,7614634618971697E-05;
15;1,6529512633522721E-06;3,4722062112888553E-06;4,250563362805409E-05;0,0009342910567856484;0,0741390273452821;1,6272330808828494E-05;
16;0,0001531688043498238;7,653243688362505E-05;5,257468600565964E-05;0,0001646998910453348;2,4498320697068627;2,25576640389694E-05;
17;4,7888267083683586E-05;5,054029490123827E-06;1,8273875128587248E-05;0,0009466647967284971;0,5245986885826734;5,054029490123827E-06;
18;1,8273875128587248E-05;8,966491983249475E-05;7,124241620630472E-06;0,00012784273162882222;0,11385635975837817;5,054029490123827E-06;
19;1,6529512633522721E-06;3,218849167572097E-05;8,801785615547957E-05;3,4722062112888553E-06;0,5922342761041759;2,021315536048899E-06;
20;1,8273875128587248E-05;1,6529512633522721E-06;0,0001531688043498238;0,0007792631619728314;0,20626866034446248;2,608004460028996E-05;
21;1,6529512633522721E-06;1,6529512633522721E-06;6,24197042131614E-05;3,218849167572097E-05;0,00023673097713174338;1,669579807043213E-05;
22;2,8771350992162275E-06;7,044318421630633E-05;8,801785615547957E-05;0,7724291791260058;0,1378246756108279;1,8273875128587248E-05;
23;7,124241620630472E-06;1,3864600491273174E-05;4,7888267083683586E-05;0,0009850425704482143;0,057964983116298614;2,7335218351617432E-05;
24;5,054029490123827E-06;1,6529512633522721E-06;1,6529512633522721E-06;0,2746439076697468;1,0005063782105634;0,0001471593717566123;
25;1,6529512633522721E-06;6,646211204800484E-05;8,082893528632684E-05;0,0009283632533286617;1,0005063782105634;0,0001471593717566123;
26;3,945351130221012E-05;3,8377629631470756E-05;3,8377629631470756E-05;0,016770472482234365;0,5210404983462242;0,00015889886471552288;
27;1,7719288467843232E-06;1,6272330808828494E-05;1,3864600491273174E-05;0,0013362328943731046;1,5019127728911228;6,052344200316405E-06;
28;1,7719288467843232E-06;2,378284925332508E-06;2,0303968399015835E-05;0,0009786394504983386;0,007032942220298326;6,482254401603816E-05;
29;0,0001531688043498238;1,118248750616245E-05;0,0001646998910453348;0,00010401006636198237;0,5376003649951384;1,7719288467843232E-06;
30;1,2732530238028651E-05;6,125043136550164E-05;0,0001531688043498238;1,669579807043213E-05;0,007064711634547022;7,653243688362505E-05;
31;1,5214416266896902E-05;1,2732530238028651E-05;1,8273875128587248E-05;7,124241620630472E-06;0,08827553652715367;3,218849167572097E-05;
32;1,2732530238028651E-05;1,7719288467843232E-06;0,00014099746201605884;1,669579807043213E-05;0,04716353389549103;1,5214416266896902E-05;
33;6,24197042131614E-05;1,8273875128587248E-05;2,378284925332508E-06;1,0005063782105634;1,0005063782105634;0,00011703326577511778;
34;1,6272330808828494E-05;2,0303968399015835E-05;2,8771350992162275E-06;0,014766622986161411;1,0005063782105634;5,490216108160771E-05;
35;0,0001531688043498238;8,966491983249475E-05;2,021315536048899E-06;0,00024334786421930364;3,9314820233515415;3,691023391862255E-05;
36;0,0001531688043498238;0,00014099746201605884;1,8273875128587248E-05;1,0005063782105634;2,166029875292535;3,536302590329494E-05;
37;7,044318421630633E-05;0,00013061941720634912;5,257468600565964E-05;8,966491983249475E-05;0,08859266940252766;2,378284925332508E-06;
38;0,0001531688043498238;2,8771350992162275E-06;7,124241620630472E-06;1,0005063782105634;0,007222990751582065;4,7888267083683586E-05;
39;6,052344200316405E-06;1,4664375473771773E-05;8,801785615547957E-05;0,0003187955190801841;0,00030203518214668074;5,490216108160771E-05;
40;2,998218487880782E-05;1,8273875128587248E-05;1,7719288467843232E-06;1,5870544892419822E-05;1,0005063782105634;0,0001806912356505055;






============================================================================
Função: Schwefel
============================================================================
parameter;GEO_can;GEO_var;AGEO2;AGEO1var;AGEO2var;AGEO9var;
meanNFE;100000;100000;100000;100000;100000;100000;
meanFX;514,6718754303186;188,72838041838637;433,8472238591953;996,2178704260575;966,7408096725694;280,4519332116885;
medianFX;505,792151102753;176,20401457188564;444,75736730291464;1026,764252190671;966,6553690320243;303,09596028326314;
sdFX;187,70034212516381;94,13094475362965;160,68860240186083;274,973080518698;304,1440026544841;101,29862159358623;
==========================================================
===> f(x) médio para cada NFE:
NFE;GEO_can;GEO_var;AGEO2;AGEO1var;AGEO2var;AGEO9var;
5;3851,6093069893677;3851,6093069893677;3851,6093069893677;3851,6093069893677;3851,6093069893677;3851,6093069893677;
50;3654,39775856721;3654,39775856721;3654,39775856721;3654,39775856721;3654,39775856721;3654,39775856721;
100;3554,4507383640935;3554,4507383640935;3554,4507383640935;3554,4507383640935;3554,4507383640935;3554,4507383640935;
500;3179,0246254462318;1590,53826971322;3149,2511338147788;1509,2438860970701;2073,5170092753315;2347,8154050017765;
1000;2883,8404961707697;1108,726046603711;2353,3146035674617;1050,8795910756473;1051,5360010636546;1156,3712929741246;
1500;2629,6646541251876;992,0297697577382;1782,9313970412186;1041,5140760444217;967,8455858948779;1009,1015317327762;
2000;2430,279545615372;947,0161791864548;1468,4280460132914;1038,4111001239717;966,7612381979618;1004,7173112549742;
2500;2274,3674501695887;916,264189725554;1212,125671157599;1038,4111001239717;966,7419968599639;1000,8623372054702;
3000;2151,1235021986445;886,7471957526792;1084,800534815932;1038,4111001239717;966,7408096725694;969,1673466488561;
3500;2079,7548741505907;857,6196380098169;1022,3687624670972;1038,4111001239717;966,7408096725694;858,0094309445465;
4000;1934,337033840678;839,8208952400764;986,9202295367635;1038,4111001239717;966,7408096725694;816,8446702110316;
4500;1847,1046650567744;823,3355048630862;964,9961176976407;1038,4111001239717;966,7408096725694;815,9211677160256;
5000;1749,107138552664;800,9555695834982;953,2075112305978;1038,4111001239717;966,7408096725694;815,8121031142111;
6000;1572,452064051112;746,5191621712884;945,4903482289064;1038,4111001239717;966,7408096725694;732,0847653979711;
7000;1490,4821197666486;711,4975238903297;943,3873973779534;1038,4111001239717;966,7408096725694;716,3348624493868;
8000;1394,3931674427822;660,2856989994483;942,7182502000751;1038,4111001239717;966,7408096725694;677,4416337335182;
9000;1330,898316921201;609,6523234222799;940,1854998216531;1035,2429249321244;966,7408096725694;631,4717534073518;
10000;1277,422463853158;589,6051882516731;939,4839058898928;1028,7307581548403;966,7408096725694;623,7050174843386;
12000;1193,851202890244;542,4412777208861;912,9746257056601;1028,7307581548403;966,7408096725694;582,3477333257185;
14000;1101,8123246610735;477,0853182752817;875,8626082566985;1028,7307581548403;966,7408096725694;570,066487578006;
16000;1027,704022634202;434,4198933242218;857,5462548359743;1028,7307581548403;966,7408096725694;546,817026943799;
18000;979,7276058937896;421,7805117507998;839,3279825018614;1028,7307581548403;966,7408096725694;534,9077553073079;
20000;934,524765295953;396,94032063876614;796,9463588403155;1028,7307581548403;966,7408096725694;508,5027871894907;
25000;881,7143570089809;363,7273652665045;736,5826610264736;1019,7414404959876;966,7408096725694;476,22553999086097;
30000;836,4344218755562;346,61010154831894;695,1767161129958;1005,7704100810719;966,7408096725694;426,8536266236806;
35000;785,9017992873944;327,5447130475968;661,5174560783014;1003,57405081241;966,7408096725694;417,2041527692484;
40000;745,647828414075;298,26767025519786;626,0809143672434;1003,57405081241;966,7408096725694;387,26709084877416;
45000;701,992894679897;277,86866432900297;593,2257463783227;1001,0856564854232;966,7408096725694;371,7216109680792;
50000;687,8977669649928;244,45077114666304;565,0601016625328;1001,0856564854232;966,7408096725694;356,03516174587975;
55000;670,7455568517973;226,33003154462932;546,0084707800745;1001,0856564854232;966,7408096725694;340,33714431076027;
60000;636,3887242033193;218,29644505089337;524,4074285104799;1001,0856564854232;966,7408096725694;325,61280436454956;
65000;611,8809591957;211,38034257970156;506,3841248827055;1001,0856564854232;966,7408096725694;319,15118453858724;
70000;578,6514940092014;207,41730203923626;486,87983710939125;1001,0856564854232;966,7408096725694;313,4091563790178;
75000;561,8056240165691;202,1345046674644;477,84291790176985;1001,0856564854232;966,7408096725694;304,3116977225684;
80000;549,4774920511363;200,60783099587843;467,79925305293256;1001,0856564854232;966,7408096725694;293,7120789443255;
85000;532,5429922627743;197,11752581886057;452,2417001221303;999,4218796673986;966,7408096725694;283,32432884742286;
90000;524,203063266362;192,4808616484864;441,5207230184471;996,5604067357453;966,7408096725694;282,87386041367273;
95000;518,1219632166715;188,73073813973627;434,71333159836695;996,5604067357453;966,7408096725694;281,6881330447645;
100000;514,6718754303186;188,72838041838637;433,8472238591953;996,2178704260575;966,7408096725694;281,3640819693622;

==========================================================
===> Melhores f(x) para cada execução:
execucao;GEO_can;GEO_var;AGEO2;AGEO1var;AGEO2var;AGEO9var;
1;267,38691689669577;197,74118018914487;343,89964223986135;1411,408259385823;1067,8308336673044;153,0651449594502;
2;579,9142357815617;188,6933003272311;352,6986312719;879,3864254285018;1002,7657470023955;269,0218836213694;
3;375,7995212159958;311,2783882790386;445,14469792373984;909,9738305840065;1228,1926062373454;69,09200845093528;
4;257,4421672653534;242,01626836838386;238,0183856780659;687,8368785997814;594,3588479783625;307,5756425398381;
5;454,60814979959605;187,4966893226815;536,3804022424865;1124,9300480664583;836,7416852186534;205,1596583618998;
6;723,2113111888807;173,57497100929686;345,2871403061331;470,982788539819;627,9092423073794;119,25276784459356;
7;500,3615205435285;176,20401457188564;543,0557137211399;866,5100751603782;724,2594490248321;284,3264073105561;
8;505,792151102753;153,66413663848698;535,1633495278093;1228,978665590027;357,94417859544;376,0237494704843;
9;692,0364873740914;189,37884872697668;180,43479465922383;842,2786248067318;625,3100616786014;69,24391219608515;
10;633,2691166438376;191,69339815646435;674,6980112971551;738,6351625783113;766,3345399249638;345,245170044459;
11;363,8888569757587;407,2711869403347;399,7429273951989;1197,8855135633817;1472,799726660743;179,73093392850114;
12;453,0466187316797;257,29052319946777;372,87425543190693;968,3145905806246;923,3750248856309;360,87184972855766;
13;290,516124879387;234,93869784226808;486,7058297244248;1204,4841196502434;991,9153531946172;339,87523588612294;
14;397,06567058397286;235,6333578859876;393,7808093096619;652,8227735925147;880,2290935860669;241,44449661598128;
15;742,2252922126531;103,2742742269229;574,5333368360361;1563,6148470133635;1144,100032038522;303,09596028326314;
16;699,0899775427265;170,5772475097092;671,5681740295445;1191,0647127842753;1091,6154891421916;214,14431979379697;
17;285,82348599214356;340,3054287229461;271,9860430060644;541,6735296764423;966,6553690320243;235,3927658182347;
18;539,029876045593;143,03513487980763;760,4431143496695;1026,764252190671;1329,6995201311638;368,25981232022014;
19;551,3551685147136;69,9264796983125;712,4253443514608;994,3547935354763;1182,0358868823018;453,39274690973707;
20;768,1492541006419;320,3033159850261;427,7650476441804;374,274585909101;1193,28890398689;374,8344876067572;
21;432,37539293065674;403,479857905284;444,75736730291464;1040,3331356982244;914,1871051807834;234,25763879024635;
22;448,9058607656043;118,90980572070157;271,7713170558104;1135,5347940240827;898,4525584515527;255,78626848080467;
23;496,5232250683962;267,81820170587025;486,6933933436462;1284,9579427878966;958,2374503341498;421,6153954405286;
24;156,02547168746423;34,953198728215284;271,50050292241895;1312,2823746639087;1785,5177718084656;305,47530262734244;
25;258,65107094691484;122,98832390493862;505,5807559596424;1004,3439341741837;425,96934368170014;406,2483779226163;
26;592,6541073213675;39,284337516602136;250,51755355882733;1162,631682857229;1087,556340576216;165,78026179598146;
27;516,5647564548863;130,46854525035678;591,4414415048659;753,1960701179828;904,3474247300524;322,1046586978068;
28;430,8457057468554;131,64509149201422;629,1043040062291;1053,6542668972907;1067,019150415043;323,78313069914566;
29;865,2875237774124;267,66270686396;399,7409999909205;959,3030139136313;1284,734265897479;305,90014019294904;
30;205,0817911074887;324,603749812522;575,5667870581633;1572,895776933557;1359,9724822337944;103,43264779873516;
31;581,2715289091889;0,47789752490916726;525,4445441619673;1243,3589489229976;1024,1016123395698;314,84876294641344;
32;1013,4482482031399;153,62942709510662;505,32415558561433;887,5645458323065;870,8487028695513;187,65362684610773;
33;612,2570153333004;103,64693513715747;321,55693475857834;1093,7149204249504;1285,3377638408815;416,61266878964716;
34;454,25460702700093;119,77347987402118;284,7046877144817;1194,5908889177122;539,9844631893229;272,20298734120524;
35;448,89767092365673;153,3200963293816;234,39749157200322;704,992499780129;907,5742334825104;386,9383241880305;
36;592,0111454145454;232,59018878349298;625,5238807247533;1065,5415948304499;902,6472381058352;272,31319953377533;
37;371,6725859193157;118,75207022973063;179,84340139753886;565,1304665346102;271,7733373925639;424,7996301700591;
38;598,7183786625574;254,2535986345797;187,46067472594086;858,785936366889;906,5039510401339;249,94159231784033;
39;635,7951316880353;132,58461216343812;219,49672410517587;1064,134087786067;1251,9188910989706;179,94935873029908;
40;795,6218959333969;143,996249582799;576,8563859726478;1015,5934583422777;1015,5867090587726;399,38440146716357;






============================================================================
Função: Ackley
============================================================================
parameter;GEO_can;GEO_var;AGEO2;AGEO1var;AGEO2var;AGEO9var;
meanNFE;100320;100320;100320;100320;100320;100320;
meanFX;0,5389203465776251;0,02209215174084216;0,4971851700875372;1,482549969882055;1,5423131907087897;0,6258479073878307;
medianFX;0,004474558729842926;0,006458583812019469;0,005063666432061353;1,5018073312737563;1,646324441447483;0,2998783530148543;
sdFX;0,791867163921315;0,09873394697340578;0,7726159120346499;0,559543743788396;0,5775641894332328;0,6221963707438802;
==========================================================
===> f(x) médio para cada NFE:
NFE;GEO_can;GEO_var;AGEO2;AGEO1var;AGEO2var;AGEO9var;
5;21,084276420237906;21,084276420237906;21,084276420237906;21,084276420237906;21,084276420237906;21,084276420237906;
50;21,05060690547634;21,05060690547634;21,05060690547634;21,05060690547634;21,05060690547634;21,05060690547634;
100;21,034970565567395;21,034970565567395;21,034970565567395;21,034970565567395;21,034970565567395;21,034970565567395;
500;20,95302049295255;18,30061257851255;21,00839264001207;20,09592951676006;20,665828361073533;20,720290921553957;
1000;20,82076725838096;15,215644222099883;20,963463964465628;18,347375045755065;19,86318206033018;19,88963339309388;
1500;20,667729345402183;12,21058458426643;20,902251288987426;15,440638312774581;18,00075990664056;18,116710065821586;
2000;20,515192968822433;9,086199735317138;20,79948457118065;11,951077205285143;15,414754362786553;15,57911419923254;
2500;20,33854783553248;6,37455510783746;20,670748384268006;7,2107422020816205;12,187158161768329;12,20652226954147;
3000;20,1460333770193;4,167664739807279;20,520701815449435;3,759903196858371;8,48966079462178;8,614849131310798;
3500;19,93207482673631;2,815211457952663;20,354330024822506;2,0500923179948627;4,993930591408962;5,052777224315371;
4000;19,702721774896833;2,0927167190978846;20,17247477320757;1,6547581188211045;2,8969265356695706;2,8255978241607975;
4500;19,447029325607684;1,7746806821482957;19,946651308382332;1,5507189151582408;1,905099851601364;1,9461373975595126;
5000;19,153028534333632;1,6733924022689526;19,71838921027291;1,5135756729310554;1,6597541742247095;1,6597153461079581;
6000;18,498081710206385;1,5874683057933547;19,187943033643137;1,4841159769716017;1,5586499970891183;1,5712959293891178;
7000;17,790372161028976;1,5185961293205177;18,548680629001904;1,482724632961805;1,5442747787626971;1,5624725210561095;
8000;16,93219847311358;1,4621044431151997;17,80201693868169;1,4825557318174152;1,5425050889056444;1,5624722089400955;
9000;16,02487704798583;1,4265065837607473;16,980405448105312;1,482549969882055;1,5423192990264467;1,5624722089400955;
10000;15,172735926793147;1,4047869442312042;16,13594023279011;1,482549969882055;1,5423192990264467;1,555705695163219;
12000;13,569614203996162;1,3592801035928208;14,382182847783273;1,482549969882055;1,5423131907087897;1,458749334530595;
14000;12,076957039257605;1,2825949935901153;12,709162425211609;1,482549969882055;1,5423131907087897;1,3163266663369495;
16000;10,88858425387238;1,1819149156726407;11,475261718368717;1,482549969882055;1,5423131907087897;1,2724632449665698;
18000;9,728920774161049;1,0981642640214164;10,300383091782834;1,482549969882055;1,5423131907087897;1,2365294099097284;
20000;8,679026335323469;0,9979996297034;9,175491871018092;1,482549969882055;1,5423131907087897;1,1852397731843154;
25000;6,426500828936801;0,8208937383133824;6,817090075086357;1,482549969882055;1,5423131907087897;1,0945768341921276;
30000;4,798309460995242;0,6612911164182427;5,0551827087391;1,482549969882055;1,5423131907087897;1,0476879452524;
35000;3,6651658300009764;0,5106435913071772;3,8585237484425337;1,482549969882055;1,5423131907087897;1,0380553120933034;
40000;2,7091273581561777;0,47514413280474893;2,8676631258507337;1,482549969882055;1,5423131907087897;1,03290917676753;
45000;1,9744495303389002;0,4657194377907211;2,1288885476768464;1,482549969882055;1,5423131907087897;1,0286887165154013;
50000;1,3651650966633206;0,428588070485522;1,4848035471118188;1,482549969882055;1,5423131907087897;1,0262572190091017;
55000;1,012433038349938;0,3856251521481388;1,0826341004228766;1,482549969882055;1,5423131907087897;1,017740854483241;
60000;0,7860900205863466;0,3310053469462518;0,8819695309578176;1,482549969882055;1,5423131907087897;0,9445622858711704;
65000;0,6485986403888149;0,19700423124849778;0,6509524236756344;1,482549969882055;1,5423131907087897;0,8984003306456554;
70000;0,5925155973072394;0,14816741935493064;0,5634510044315157;1,482549969882055;1,5423131907087897;0,8208863781631017;
75000;0,5676978240882612;0,09664676878196037;0,5349377326923377;1,482549969882055;1,5423131907087897;0,7694624994756082;
80000;0,554865733875081;0,08171675070280733;0,5198982056282988;1,482549969882055;1,5423131907087897;0,7514605887766462;
85000;0,5473106570956136;0,07763595352750148;0,5108745625454667;1,482549969882055;1,5423131907087897;0,7028641505773536;
90000;0,5429950677827924;0,04502969691069891;0,5057777143497257;1,482549969882055;1,5423131907087897;0,6967132989862785;
95000;0,5404425761208167;0,041435093883216464;0,5027748953821474;1,482549969882055;1,5423131907087897;0,6852500961512711;
100000;0,5389533132188002;0,02673761903015901;0,4972074025476377;1,482549969882055;1,5423131907087897;0,6258479073878307;

==========================================================
===> Melhores f(x) para cada execução:
execucao;GEO_can;GEO_var;AGEO2;AGEO1var;AGEO2var;AGEO9var;
1;0,0053349335283101595;0,006079865553225261;0,005508717093690052;1,899787574006691;1,8998023742965024;0,12399231840423397;
2;0,002074951645681722;0,006676094790105225;0,0028230650595801876;1,9232359712129252;1,646274069927376;1,6463968889907683;
3;0,004577770811618365;0,006233950955277123;0,005508717192906687;0,004369014038807961;1,3404571115226922;1,340627269696963;
4;0,004474558729842926;0,00653184420245978;0,004036568559182996;1,501790374127399;1,646324441447483;1,5024265068454987;
5;0,0032762085009458985;0,007422465879123763;0,0035471763658421196;1,501806884357375;0,003799474734588415;0,020723632271689496;
6;0,0035471763658421196;0,006887144365624209;0,003799474734588415;1,3413974442789076;2,013355979738371;0,04878255009388255;
7;0,0029815481581145775;0,6309018316150592;0,0035471763658421196;1,5018031704454664;0,003799474734588415;0,1031902129067035;
8;2,221480456524308;0,008847771343070576;2,0731910071552875;2,2215942818002468;1,7780471191547598;0,045794915206048614;
9;1,6464007692468812;0,0066760971711943284;1,5017598495066906;1,7780728995984596;1,6462578265202907;0,0068871521037969785;
10;1,5017607603636698;0,0067471363610245305;0,0063845346224411514;1,7780584750772555;1,501797040263181;0,7925870136644662;
11;0,0028230650595801876;0,005841560652793731;0,0028230650595801876;1,5018066382227246;1,8997905858878603;1,5017956615498669;
12;1,5017577606567016;0,005760058012871383;1,6466654571352635;1,646617547158204;1,7780752121393881;0,07448514345317037;
13;1,5017577606567016;0,00856899674647238;1,5017577606567016;1,5018073312737563;2,1201788365025784;1,3405157518141984;
14;1,6463938324521834;0,00681748214978839;1,5017577606567016;1,5018066382227246;0,0036754150363513816;1,1529561748421635;
15;1,5017598495066906;0,007092318497019079;1,5017598495066906;1,5018002395863057;1,3404716739169338;0,8186550417306471;
16;0,004036568459962808;0,007614128253816688;0,00735754441253178;1,3404725516925886;2,221564300871332;1,5019811908322431;
17;0,0026554112793419904;0,006458581827796905;0,0032762085009458985;0,004036568559182996;1,3404670592289563;0,28627826046853144;
18;0,0022845021664927856;0,007024553047383364;0,0035471763658421196;0,003799474734588415;1,3411202859225817;0,417209656319816;
19;0,003799474734588415;0,005593686086424299;0,003799474734588415;1,3404749085025713;1,8997964169990844;0,10249248152456758;
20;1,6464554768386108;0,005922001769889107;1,6464527443763295;2,1201777801680066;1,501799771976163;1,3411729382372037;
21;0,0022845021664927856;0,0052459936339950275;0,0029815481581145775;1,5018029712965308;1,5017970402631775;0,7869856853262931;
22;0,0018422427591282542;0,00755074791890209;0,0018422427591282542;1,3404777651958106;1,899800854525708;1,34058001763864;
23;0,0022845021664927856;0,007422462605173763;0,0032762085009458985;1,6464865734521865;1,3404732857821813;1,6465029596999017;
24;0,005760058608160534;0,006233953733229214;0,005245993931644932;1,5018035976872888;1,7780982623461519;0,014067073212313375;
25;0,0026554112793419904;0,004474558531406103;0,0035471763658421196;1,6462786904112399;1,7780555338744577;1,5018073616101795;
26;0,0018422427591282542;0,006309666518003354;0,0018422427591282542;1,3404693173625013;1,501788084892297;0,2906652489540811;
27;0,007357545107019803;0,006157361522173943;0,007984613894400638;1,6464965330816455;1,8997738310515864;0,05459634120506962;
28;0,0032762085009458985;0,004874859480541005;0,003799474734588415;1,5018132814105591;1,646480839340665;0,7837209961661173;
29;0,0018422427591282542;0,006817482645846695;0,0018422427591282542;2,0133530917755706;1,6462697827587895;0,8142019557288691;
30;1,7780264836920843;0,005422485645116382;0,005063666432061353;1,7780450615207677;1,501801401229173;0,0071594813195545726;
31;0,004970117693172682;0,006604341154716309;1,5017679804444555;1,340805047284796;1,5017999511113622;1,1543378426434572;
32;0,006233954030872013;0,0071594828076264605;1,5030449448789724;1,778071044529181;1,6465676180123907;0,04466347106951929;
33;1,778055662952145;0,004970117395522777;1,778049365483838;1,7781161037100723;2,4108587680943465;1,6464093446345842;
34;0,0018422427591282542;0,005760057516791761;0,0018422427591282542;1,3411191900926802;1,5017950035639558;0,023709710546796714;
35;1,8997552007168927;0,008222965427549411;2,120130898619095;1,7781076674805867;1,8997969704325826;0,049831216727852734;
36;1,5017565825968404;0,006384533431880612;0,00515559720900427;2,3182436632414856;0,003919747742624935;0,2998783530148543;
37;0,0018422427591282542;0,0061573644985593035;0,0018422427591282542;1,340476887885064;2,0133562138673504;0,050963514311604285;
38;0,0032762085009458985;0,005760057913651195;0,004260967568406215;2,013355979738371;1,778089345275614;0,026416902776198015;
39;1,340435132852761;0,006001424160562152;1,5017607603636698;1,7780408133190448;2,013352858043053;0,06599403317164132;
40;0,0018422427591282542;0,006458583812019469;0,0028230650595801876;0,003919747742624935;1,5017977653230545;0,26247402479924276;






============================================================================
Função: Beale
============================================================================
parameter;GEO_can;GEO_var;AGEO2;AGEO1var;AGEO2var;AGEO9var;
meanNFE;100022;100022;100022;100022;100022;100022;
meanFX;0,00035155002211581087;0,00015295054803996953;0,00036610157285609207;0,34029625794611884;1,094258623849963;0,0002859633713670677;
medianFX;3,171433157509815E-05;0,00012143252413858597;1,9846976254766896E-05;0,0003733240537033202;0,6577100649722235;4,0270414429414084E-05;
sdFX;0,0014341736754145751;0,0002307106788628238;0,001186508433943886;1,522336536455649;1,6666315651473094;0,001113700771434319;
==========================================================
===> f(x) médio para cada NFE:
NFE;GEO_can;GEO_var;AGEO2;AGEO1var;AGEO2var;AGEO9var;
5;373,94004139862216;373,94004139862216;373,94004139862216;373,94004139862216;373,94004139862216;373,94004139862216;
50;7,267964497015527;6,449429957489921;7,870341719379978;4,547516914899963;7,378009158152142;5,2697585476154085;
100;3,03767507479187;3,1410821038550063;2,4400976012832793;2,3582267494255413;2,93581857688595;2,823918828437724;
500;1,0339602562076597;1,0839446786900162;0,9996375463998065;0,8067768973829497;1,3227549556495863;0,817207146612341;
1000;0,5985378633272289;0,5740394374521083;0,8236712606822092;0,5864913058302427;1,1021646706962147;0,6544094576240232;
1500;0,580758875138793;0,43069138383129263;0,45253257229875743;0,5247541998905322;1,094258623849963;0,4199402555272611;
2000;0,5556581414795331;0,3875714864473482;0,3862623447081332;0,4814571704163047;1,094258623849963;0,39132634790028664;
2500;0,4928605040335041;0,31127711371908284;0,3668967527272696;0,4331760706074534;1,094258623849963;0,368467156332989;
3000;0,42728556810882184;0,2632148378796716;0,34206041824748384;0,3903981152761129;1,094258623849963;0,34716779482369114;
3500;0,31182215767622345;0,18096808544674087;0,3055735748992111;0,387758017726441;1,094258623849963;0,2917013394482212;
4000;0,30865610086823636;0,15539198287528513;0,26767921580485426;0,3839607857915878;1,094258623849963;0,2320708072301294;
4500;0,2713598614767726;0,15480935621276132;0,23956235806950638;0,38323014846283165;1,094258623849963;0,2021297802676098;
5000;0,23203695883606829;0,15447787997033496;0,20352578064624877;0,37958782185442896;1,094258623849963;0,16997396772826473;
6000;0,19423866569438192;0,15192051474290263;0,139813900570656;0,366942506790057;1,094258623849963;0,14068823013124707;
7000;0,167765090510271;0,1334453891674594;0,11836097434328838;0,36174832647768457;1,094258623849963;0,10908061252275514;
8000;0,15562224672796154;0,11673171130777774;0,08095409128647343;0,35871452864670395;1,094258623849963;0,07696380834858284;
9000;0,1343438198383666;0,09406202503685245;0,06332542879045981;0,35181765610529425;1,094258623849963;0,07228854517081179;
10000;0,129854501864625;0,09123340575985979;0,04481020026326435;0,3515159813119747;1,094258623849963;0,053091439794576145;
12000;0,0955048500830728;0,07322722404803132;0,032931426262079566;0,3494026164203873;1,094258623849963;0,01123204520742065;
14000;0,06274725365140447;0,07197357431204407;0,017859656940535436;0,34855901417860496;1,094258623849963;0,008059026905161294;
16000;0,05924183234829494;0,03692568450790413;0,015061022442692511;0,3471130248492167;1,094258623849963;0,004717777588049072;
18000;0,04196897477850275;0,028596497229363478;0,0044653116903871385;0,345650233959817;1,094258623849963;0,0038277578580267146;
20000;0,04032044196174062;0,011391992972022615;0,003880965198647527;0,3444918021963843;1,094258623849963;0,003600994109610023;
25000;0,03977845210072938;0,008964903468938632;0,002139756013565737;0,34374166747838075;1,094258623849963;0,0024899768525859633;
30000;0,03600859294064432;0,005597365968254161;0,0015776066521040397;0,34374166747838075;1,094258623849963;0,001167966689335092;
35000;0,03463447099010405;0,004241298808785782;0,001545169895828071;0,3423491260190191;1,094258623849963;0,0008113724864217102;
40000;0,03370855430808672;0,0030583660499929563;0,0012523266665309912;0,3418277647202175;1,094258623849963;0,000732892087338825;
45000;0,033533230826368395;0,0025351641669763654;0,0010613113879827509;0,34147033222449835;1,094258623849963;0,0005900193858189503;
50000;0,017051693519525808;0,0022100915374974658;0,0010004702972989544;0,34125915902093873;1,094258623849963;0,0005648189104160805;
55000;0,0008807780476121979;0,001201110002182777;0,0006539061923460649;0,34123369343592774;1,094258623849963;0,0004720481945996083;
60000;0,0005424549031501046;0,0008521494367689237;0,0006102382457337545;0,34112436730241813;1,094258623849963;0,00044110772672221777;
65000;0,0005402133203052269;0,0006642384948656614;0,0005357572418490292;0,3408502672224185;1,094258623849963;0,00036272770339737455;
70000;0,0005324454986480987;0,0006139456231279418;0,0005157147934349235;0,3406220914425745;1,094258623849963;0,0003569618834595763;
75000;0,0004537555324326101;0,0004437322426070641;0,0005118028725294695;0,34058947654695715;1,094258623849963;0,00035453998857190767;
80000;0,00039880652572431795;0,0002589715677495973;0,00044945460249497466;0,340432835895745;1,094258623849963;0,0003405934512903055;
85000;0,0003745253935853033;0,00016562864235242846;0,00039297942347907305;0,34041378657289706;1,094258623849963;0,00033344184505638074;
90000;0,0003621735891092113;0,00015704324482322384;0,00037322870876717117;0,3403108322010189;1,094258623849963;0,00029326235020913987;
95000;0,00035538293067334227;0,00015704324482322384;0,00037004020344208975;0,3402970340977066;1,094258623849963;0,0002932030755563527;
100000;0,00035155002211581087;0,00015295054803996953;0,00036610157285609207;0,34029625794611884;1,094258623849963;0,0002859633713670677;

==========================================================
===> Melhores f(x) para cada execução:
execucao;GEO_can;GEO_var;AGEO2;AGEO1var;AGEO2var;AGEO9var;
1;6,928163829161841E-06;1,2844014822479987E-05;7,475136007207091E-06;1,5411289519253824;0,6577100649722235;0,0001696649142049734;
2;9,242884663855994E-05;9,242884663855994E-05;9,355554833393201E-07;0,0013674108755986414;0,6584230445960345;5,242114918098313E-05;
3;0,0001617563368718918;0,00013325891601918472;0,0018074062308312108;0,0013990651702902545;3,6804103991921826;7,081747362911367E-05;
4;0,0007679417389898253;2,1634927710220337E-06;9,355554833393201E-07;0,001815026999509071;0,4788129672633852;2,6498772408950856E-05;
5;2,1634927710220337E-06;0,0001617563368718918;0,0003874562938047595;0,0001401619299332933;6,122252209028417;0,00015783988969997152;
6;9,317427970502291E-07;0,00020819518886757533;0,00037568813731209377;0,0012505432960334233;1,6304807154837837;3,378241508701319E-05;
7;9,242884663855994E-05;3,790299736490265E-05;1,8728913897592613E-05;5,3722387275240975E-05;0,657713485744125;3,746925133348242E-05;
8;0,0007190902234996471;7,475136007207091E-06;1,1426409595611963E-06;0,00015711308576997222;0,721123567882966;9,242884663855994E-05;
9;6,928163829161841E-06;0,00015084915576590047;2,1634927710220337E-06;0,0008272708759136512;0,22246411652613457;9,355554833393201E-07;
10;9,317427970502291E-07;0,0013785671834280991;2,1634927710220337E-06;0,0014661551971518155;0,6577100649722235;5,902142703587165E-06;
11;0,0001617563368718918;0,00016344736614349616;1,7900643270717355E-05;3,42161238686336E-05;4,333746495243341;0,0005181416512339052;
12;9,671744544606985E-06;0,00012143252413858597;9,355554833393201E-07;0,7056035077550746;0,06266638182759252;3,378241508701319E-05;
13;9,317427970502291E-07;1,1426409595611963E-06;0,0007887831532619458;7,139656601869125E-05;0,5145364975095046;0,0006065487111097442;
14;0,009122650305940378;0,0001617563368718918;2,354953477044512E-05;0,0037491428809662986;0,6584230445960345;2,315035230701467E-05;
15;0,00037568813731209377;0,0001690250600401724;9,317427970502291E-07;0,00023531416483685814;0,6584230445960345;0,00016395197222536547;
16;5,902142703587165E-06;5,5504002141004255E-05;9,355554833393201E-07;0,0007726541628055096;0,22244364852383994;1,6241553550182453E-05;
17;0,00016395197222536547;0,00026654070971172017;5,902142703587165E-06;8,91654272494114E-05;0,6577100649722235;0,00016344736614349616;
18;0,00016344736614349616;0,00030738127992100794;3,5762918864329115E-05;0,0019968699826984197;1,361247105686237;3,378241508701319E-05;
19;3,171433157509815E-05;7,081747362911367E-05;0,006995716527907635;0,8064098866804535;1,3050400680868925;0,0001617563368718918;
20;0,0001617563368718918;5,902142703587165E-06;0,002516414253038667;0,00023270350167465428;0,6577100649722235;0,00010249291622007403;
21;2,013323178046364E-05;9,355554833393201E-07;2,354953477044512E-05;0,0003733240537033202;0,6584230445960345;2,1634927710220337E-06;
22;0,0001446588188388318;0,0003068646775482213;3,42161238686336E-05;0,00030830858564471624;0,22244364852383994;7,475136007207091E-06;
23;9,317427970502291E-07;0,00037568813731209377;5,902142703587165E-06;0,00044794068296039025;2,139137843880974;0,0001617563368718918;
24;0,0001617563368718918;2,354953477044512E-05;1,9846976254766896E-05;1,0191551567925914;0,22244364852383994;2,1634927710220337E-06;
25;0,00037568813731209377;2,2073089829384454E-05;0,00016395197222536547;9,510670337002608;8,117510745511986;5,155735311171338E-06;
26;0,0003535665377163914;9,355554833393201E-07;5,3722387275240975E-05;0,0001344086312642967;0,22433764785184113;9,242884663855994E-05;
27;1,8728913897592613E-05;0,00015406383000903683;5,902142703587165E-06;8,91654272494114E-05;0,6577100649722235;2,1634927710220337E-06;
28;7,475136007207091E-06;2,315035230701467E-05;9,242884663855994E-05;7,078758917565255E-05;0,22244364852383994;0,00012910194243467054;
29;9,317427970502291E-07;3,790299736490265E-05;9,355554833393201E-07;0,00046018611833012805;0,6577100649722235;0,0001617563368718918;
30;0,00029531922204907997;0,00016395197222536547;9,317427970502291E-07;0,00034649143332376396;0,6584230445960345;0,0008852471482515802;
31;1,698093320868849E-05;0,00041574741611766713;2,354953477044512E-05;8,972558980141701E-05;0,20294958785316752;1,2844014822479987E-05;
32;9,355554833393201E-07;3,5762918864329115E-05;7,475136007207091E-06;0,000687256096966639;0,36164644756575126;1,1939411157068087E-05;
33;7,475136007207091E-06;3,8179415618887784E-05;5,5694998481310944E-05;7,475136007207091E-06;1,3122367835398634;0,007065659052096212;
34;0,0001446588188388318;0,0003068646775482213;9,317427970502291E-07;0,00023982470514441104;0,01489809175917952;1,4143812631312847E-05;
35;7,475136007207091E-06;0,0003285031025559405;1,8728913897592613E-05;0,009123189571610082;0,6577100649722235;5,902142703587165E-06;
36;0,0003285031025559405;3,5762918864329115E-05;1,1426409595611963E-06;3,746925133348242E-05;0,007515317317888343;1,9846976254766896E-05;
37;5,902142703587165E-06;1,2844014822479987E-05;9,242884663855994E-05;3,1097322719092075E-05;0,6584230445960345;0,00016344736614349616;
38;9,242884663855994E-05;1,1426409595611963E-06;3,5762918864329115E-05;0,0005488355326156071;0,16124140505522166;2,2008779149405696E-05;
39;2,354953477044512E-05;0,0001617563368718918;0,0001617563368718918;9,916612301766174E-06;0,03638369273873221;4,0270414429414084E-05;
40;5,902142703587165E-06;0,00016395197222536547;0,0008542769433329556;0,00021914272090063674;0,6577100649722235;0,00016200482438925013;



Execution Time: 1313890 ms
