




============================================================================
Função: Griewangk
============================================================================
parameter;AGEO2;AGEO3;AGEO4;AGEO9;AGEO2var;AGEO3var;AGEO4var;AGEO9var;
meanNFE;100101;100101;100101;100101;100101;100101;100101;100101;
meanFX;0,11256119837011534;0,10884920212121506;0,11737246906364149;0,12907947118962387;0,4793110300349791;0,2717811510113945;0,25095045895496776;0,05301180193375903;
sdFX;0,08248031483220933;0,0547535750372992;0,07121075648399312;0,06126093504309519;0,31672868964097456;0,22116283378073454;0,21519244309599964;0,14471365327246022;
==========================================================
===> f(x) médio para cada NFE:
NFE;AGEO2;AGEO3;AGEO4;AGEO9;AGEO2var;AGEO3var;AGEO4var;AGEO9var;
500;131,28727677089745;0,5786254505520062;0,606271176922284;0,5465260677498304;0,6117307046692844;8,413844416452152;1,2500367268839923;7,911436892921647;
1000;40,30090083855087;0,502185420859443;0,5630166310538034;0,528983135950812;0,49841078469784905;0,6054307227681837;0,2897074261746151;0,5093129658071284;
1500;13,268531383379944;0,46153162327984765;0,5364340730937593;0,5283869710245742;0,4793110300349791;0,3088711238373662;0,26195446727335997;0,33976062581771765;
2000;5,4205271822218375;0,43176818708571113;0,5300047733550686;0,4996455460156132;0,4793110300349791;0,27186415514421247;0,25095045895496776;0,32885949778598933;
2500;2,9127638605969937;0,4139408123609396;0,5150001684318714;0,49156875502764613;0,4793110300349791;0,2717811510113945;0,25095045895496776;0,24674421853046272;
3000;1,7278149152505988;0,41334577462385264;0,5002053993451798;0,4742141386212459;0,4793110300349791;0,2717811510113945;0,25095045895496776;0,2297256981794668;
3500;1,2808011043592955;0,40525925644908234;0,47669363901682565;0,4533312410188997;0,4793110300349791;0,2717811510113945;0,25095045895496776;0,21866134785948485;
4000;0,9906509131569265;0,3973945199659855;0,4704690923183502;0,45118828530227006;0,4793110300349791;0,2717811510113945;0,25095045895496776;0,18496544812801397;
4500;0,8165712799266206;0,38525628856399313;0,4499187251340291;0,43293306464472225;0,4793110300349791;0,2717811510113945;0,25095045895496776;0,17315412056796625;
5000;0,6864342677422135;0,37157307971457276;0,42854753391692424;0,4231522313794961;0,4793110300349791;0,2717811510113945;0,25095045895496776;0,17145967292736483;
6000;0,4871130783740773;0,36363638135921056;0,3741710227603254;0,4128857314779357;0,4793110300349791;0,2717811510113945;0,25095045895496776;0,14644446825998103;
7000;0,3907818445927896;0,3443615142107901;0,36873773223041684;0,3954195272705377;0,4793110300349791;0,2717811510113945;0,25095045895496776;0,12614466076356998;
8000;0,3636571756355642;0,3293237919375501;0,365175950916386;0,3860673942570854;0,4793110300349791;0,2717811510113945;0,25095045895496776;0,11310575911378999;
9000;0,3516534738541693;0,32182148967561736;0,35786432957212677;0,3444635135031529;0,4793110300349791;0,2717811510113945;0,25095045895496776;0,10725883308100059;
10000;0,3404704154868236;0,3051515934363214;0,3413263270443086;0,3401241059248929;0,4793110300349791;0,2717811510113945;0,25095045895496776;0,1020993014332943;
12000;0,3108715292878061;0,2970061581881556;0,309518924725383;0,30241758569910576;0,4793110300349791;0,2717811510113945;0,25095045895496776;0,09347028463651608;
14000;0,2975622980678774;0,28104538635017023;0,28493307700645293;0,2857804192614235;0,4793110300349791;0,2717811510113945;0,25095045895496776;0,08555580367601227;
16000;0,28231199418748376;0,25998181776446566;0,28123463322364134;0,2654174446214437;0,4793110300349791;0,2717811510113945;0,25095045895496776;0,07958769200139865;
18000;0,2629663771691071;0,2512702187141463;0,27105956583722585;0,24580535172670448;0,4793110300349791;0,2717811510113945;0,25095045895496776;0,07895195532465205;
20000;0,2553118134998092;0,24033896918832423;0,2561472858564816;0,2350424736496166;0,4793110300349791;0,2717811510113945;0,25095045895496776;0,07854079408589824;
25000;0,23156535682035995;0,21770823032969386;0,23037306946021496;0,22117004918409391;0,4793110300349791;0,2717811510113945;0,25095045895496776;0,07297669924336395;
30000;0,206431731928087;0,20604992476863765;0,19731972589631688;0,21120688994421258;0,4793110300349791;0,2717811510113945;0,25095045895496776;0,06665376418145214;
35000;0,19791486568161176;0,1902437713932621;0,1762442372083836;0,19900603295032326;0,4793110300349791;0,2717811510113945;0,25095045895496776;0,06373778475263489;
40000;0,18604885393711385;0,17902699006891976;0,15909891143284918;0,19256990656940828;0,4793110300349791;0,2717811510113945;0,25095045895496776;0,06167729778670834;
45000;0,16767882144544585;0,17454471789183887;0,15550964813986876;0,18709888984578518;0,4793110300349791;0,2717811510113945;0,25095045895496776;0,05750117694990946;
50000;0,1621259610517423;0,1644575183525433;0,1488774482470088;0,18481252231912898;0,4793110300349791;0,2717811510113945;0,25095045895496776;0,05665432879762662;
55000;0,15194241058271465;0,15747948316084853;0,1412817378669027;0,1745340648706527;0,4793110300349791;0,2717811510113945;0,25095045895496776;0,054915196123309196;
60000;0,14831547614147678;0,14953348407273184;0,13774689604530896;0,17300990723522555;0,4793110300349791;0,2717811510113945;0,25095045895496776;0,05398962292868958;
65000;0,13966766696695992;0,14236058064532478;0,13039955641577813;0,1631307074118304;0,4793110300349791;0,2717811510113945;0,25095045895496776;0,05388921229311611;
70000;0,13413665645291645;0,13432117339675606;0,12798297353804128;0,15900935354611306;0,4793110300349791;0,2717811510113945;0,25095045895496776;0,05378284986985068;
75000;0,12090962105993273;0,13287214590425764;0,1273034597520679;0,15017252995792899;0,4793110300349791;0,2717811510113945;0,25095045895496776;0,053590886097943456;
80000;0,12048892679340914;0,12953554962635624;0,12568414946591522;0,14365316558132374;0,4793110300349791;0,2717811510113945;0,25095045895496776;0,053072756065418385;
85000;0,1173268565262632;0,12240615837601534;0,12333499796861097;0,14123875530724608;0,4793110300349791;0,2717811510113945;0,25095045895496776;0,053072756065418385;
90000;0,11335396875532844;0,11837317912591973;0,12067590324996505;0,13454711657631946;0,4793110300349791;0,2717811510113945;0,25095045895496776;0,053072756065418385;
95000;0,11298470058324045;0,11069485784162614;0,11754889676552058;0,13006230599273355;0,4793110300349791;0,2717811510113945;0,25095045895496776;0,05301180193375903;
100000;0,11256119837011534;0,10884920212121506;0,11747099082883086;0,12907947118962387;0,4793110300349791;0,2717811510113945;0,25095045895496776;0,05301180193375903;

==========================================================
===> Melhores f(x) para cada execução:
execucao;AGEO2;AGEO3;AGEO4;AGEO9;AGEO2var;AGEO3var;AGEO4var;AGEO9var;
1;0,0803549720012886;0,04810531110999283;0,3292327919783118;0,014464906816240686;0,3604816521627716;0,6144626071070292;0,6144626071070292;0,002637886322806593;
2;0,1277551328440888;0,07827348598487494;0,13869035631937632;0,15500266993406753;0,0028609632137904795;0,009611805137250462;0,0338237713962497;0,04099612789641083;
3;0,08529248780248988;0,10706692304896404;0,1772208784713437;0,0019659232418319794;0,28541851527547857;0,006427757424721792;0,006427757424721792;0,006427757424721792;
4;0,15140272856586057;0,11392641588037422;0,17156635448095658;0,13931165596272665;0,35190918574863406;0,23995502925901246;0,24252945309670282;0,008546709631213512;
5;0,0952002425640669;0,11813214436018593;0,12060319054365654;0,2584351413605469;0,5007751170399816;0,5167261492971545;0,13416120382923036;0,1362554797700989;
6;0,08124710067584484;0,097456183751082;0,10609199298306637;0,07800469512689956;0,439258547709671;0,1624733634967911;0,16472817811884277;0,005736566550414324;
7;0,04961582763933514;0,1511732995199767;0,12435386753577515;0,09803250451746282;0,32259182410729903;0,5668067519823428;0,5777114054245694;0,0032350896418886776;
8;0,21187920607125676;0,08796282518488441;0,10445120219297288;0,03571073357052601;0,37567497709917064;0,42013757802791973;0,25326161041306094;0,2706918012069688;
9;0,07149386346142583;0,09279302631581288;0,09589960813408538;0,1530823294397422;1,2833942203299455;0,4095006940898769;0,4095006940898769;0,004669983822538359;
10;0,12427699560871197;0,1295883971064402;0,2544775798582982;0,18045671017955756;0,5531306159209004;0,39615133371871536;0,40080159505790114;0,005876447469146728;
11;0,07583841042561079;0,19125063097040662;0,0901313735874606;0,16262509856741758;0,24231910095174258;0,24231910095174258;0,022903185028128603;0,029776403253391148;
12;0,018759862226906843;0,11299863096412122;0,09879505229401742;0,1471469188020027;0,2271128553588032;0,037977027112882866;0,039270069546745834;0,005295543518706425;
13;0,06303412003995568;0,13980085212622684;0,097456183751082;0,051048306106945884;1,1291134485634653;0,18490099290045037;0,18490099290045037;0,00603104208041505;
14;0,0019659232418319794;0,17518628931638058;0,09316690112921677;0,14987087798530196;0,9842981899196269;0,2369227022057282;0,24100744819888398;0,00422446261289855;
15;0,16906392702377548;0,14307219658568449;0,03864567744124969;0,17744988119109362;0,44464738199037435;0,044046460748551675;0,04596152047057356;0,006098802405549719;
16;0,018759862226906843;0,09607118384299407;0,16214488257730064;0,18057042693748349;0,2295875131513545;0,33080148842086743;0,683191235430629;0,6906619680714464;
17;0,13196530128731554;0,0775548558221939;0,02374000684434252;0,10717106343804239;0,39486444333595416;0,023582123830844348;0,026475208782402726;0,006452427527215532;
18;0,10766719018594073;0,12986073785461494;0,15455753140849038;0,11465204229410308;0,19419012869927454;0,38498329053998115;0,3910760292781724;0,004402675080813712;
19;0,2457659520041433;0,0805573730143595;0,10421986241839154;0,1622102683106068;0,46169351752069;0,17251725720492295;0,17251725720492295;0,005189642791807669;
20;0,037209901579167814;0,013817478372689984;0,07079408031612988;0,12846205809461186;0,23733053316827146;0,7984771585873733;0,7984771585873733;0,0033985974356538495;
21;0,13020537131589105;0,10619331863599202;0,15216607384151315;0,08487575487710919;0,2577341698571882;0,18108736577116447;0,18138647197709845;0,0056877052156514285;
22;0,10780084713560512;0,08351964187573302;0,27097087776504625;0,10470535246245194;0,6415068392894815;0,057993814521183684;0,057993814521183684;0,006926469149525993;
23;0,15503449628150734;0,21448285732717132;0,028710832974112588;0,2065802030440832;0,7839808988933377;0,698006883167777;0,698006883167777;0,013848903097497756;
24;0,02640943551956032;0,11732859700379072;0,06113399053445079;0,055893433320269637;1,0765491684624595;0,030998822578428564;0,038005265826727586;0,0032350896418886776;
25;0,050653594577843575;0,1945860296325811;0,04448732678181344;0,07982880608496501;0,5890720731462693;0,5200509253778021;0,5200509253778021;0,0019659232418319794;
26;0,2514570083736276;0,0927188950578608;0,20852124654786786;0,15761689390392764;0,6026203628920445;0,4725854879445206;0,574069881779086;0,005189642791807669;
27;0,1282758868035141;0,1670233836617656;0,1242459972131641;0,10709109771066949;0,4139085699320133;0,39784802120771245;0,39784802120771245;0,00377252459030486;
28;0,10139195951680469;0,1690508574434243;0,15332048724769498;0,2120629427221622;0,7241700595820092;0,06689287631274166;0,07158523607286527;0,005740586720335061;
29;0,0019659232418319794;0,0019659232418319794;0,1445133973331414;0,18237448802402167;0,24585663740764963;0,43620487177693135;0,43620487177693135;0,0056877052156514285;
30;0,10671178205388887;0,12333865061022864;0,008734251670899917;0,20941580565211693;0,2356699289325319;0,6165366451394312;0,08112780273354359;0,08112780273354359;
31;0,10499233023891175;0,1034222425120227;0,036290561494144336;0,21726121625710648;0,866112287834948;0,13143571515568142;0,1317605845618791;0,004476899180193672;
32;0,17557605763427608;0,025685058704286057;0,04100788735264649;0,17896378328948515;0,4882285923530225;0,29914022047977984;0,3090599489866338;0,005645268830016814;
33;0,1622380669163651;0,13376190490855633;0,10883519324354518;0,12954008894694935;0,6980762955410713;0,004519388458220974;0,004519388458220974;0,020672373024372415;
34;0,10822825947031511;0,04125964569510865;0,03136447323467717;0,04460820845037139;0,32581438864317847;0,04490382428096451;0,04906801314814724;0,005295543518706425;
35;0,03376711974047242;0,053715710570126474;0,1566121441459839;0,17405652411069195;0,20835087790270335;0,8784224591084385;0,5658755302231293;0,6190672444292313;
36;0,018759862226906843;0,12248563327798423;0,17887361591102313;0,17820678492117048;0,7943716816259623;0,3017311619423392;0,31931605189284984;0,0039335012872351305;
37;0,11914224361445591;0,18515205274172586;0,14603547220464008;0,04688346694375356;0,3007330023441276;0,37736412529846364;0,37736412529846364;0,002733491722417658;
38;0,12725044261887797;0,029094051662752696;0,07289408702982181;0,10666092727524268;0,2724594508607079;0,003710663739606157;0,007878700845618258;0,003710663739606157;
39;0,4601689964603235;0,13785810833840662;0,2086782748296111;0,08614177334538586;0,3028097421754632;0,23391462650511052;0,24772687236699642;0,004646632018949326;
40;0,08056057957999019;0,13954449130484337;0,23030817583746643;0,16218637686106607;0,33910827317516035;0,10175209181296663;0,11103360367696247;0,005585962837381553;
41;0,2521443867462153;0,1642478142781637;0,07791574598194595;0,2306816799809006;0,3306984183671423;0,02318924985052595;0,02318924985052595;0,005628401913991943;
42;0,1425847718040928;0,1121285036249533;0,050607849644332514;0,158281310533383;0,2193362229468433;0,0043497261629649175;0,0043497261629649175;0,0043497261629649175;
43;0,24064333639907054;0,25434189795188156;0,0019659232418319794;0,10429649612413061;0,31302361473887874;0,31302361473887874;0,4300631880486837;0,44501418027477857;
44;0,12084297003991462;0,018802333690258632;0,08089232832761661;0,043216085114802905;0,5415679224503214;0,3308673988129195;0,3308673988129195;0,0019659232418319794;
45;0,0932938129556502;0,11588951797971359;0,10122248265153477;0,17177605277634356;1,661262188663153;0,3910908505760632;0,3910908505760632;0,004939485078269135;
46;0,0513494255814142;0,11038504831093088;0,17118321263100766;0,07963951019261983;0,4705622284315133;0,24402000274051305;0,25342107161103;0,030446000954559183;
47;0,1975791565124153;0,04954568747250976;0,05902749965775478;0,03681040398354718;0,3371058240214967;0,20389239420223348;0,061845023661197374;0,06254183849696959;
48;0,026185743462633693;0,041766292842456254;0,20882632630635334;0,12891426677573792;0,4604183533113625;0,21080264696266604;0,21080264696266604;0,0050666756279635905;
49;0,06494231648148663;0,029069067779039504;0,03842872833436639;0,07350791347963759;0,18725949857077218;0,08129617935529232;0,08129617935529232;0,0033985974356538495;
50;0,039354727725980365;0,1194486467923932;0,11460961494654265;0,2062217004398792;0,25653119812894476;0,1326448245442392;0,13752723742094997;0,031683920000713406;






============================================================================
Função: Rastringin
============================================================================
parameter;AGEO2;AGEO3;AGEO4;AGEO9;AGEO2var;AGEO3var;AGEO4var;AGEO9var;
meanNFE;100161;100161;100161;100161;100161;100161;100161;100161;
meanFX;15,077716581076055;13,496456196277602;12,49734282087174;12,67533868194227;15,701604250193771;22,608315050669848;23,332557344715774;10,494352795181245;
sdFX;4,808245904627488;4,678548821862536;4,68290719330221;5,393336347043424;6,634023710199984;6,549713718905581;6,544824033206812;6,142473684653933;
==========================================================
===> f(x) médio para cada NFE:
NFE;AGEO2;AGEO3;AGEO4;AGEO9;AGEO2var;AGEO3var;AGEO4var;AGEO9var;
500;207,07260586741566;17,841304787569094;16,035317991358937;15,86672067473145;15,709201396085216;101,01141816565563;29,24225849402555;102,08073131792466;
1000;176,84795005649866;17,839706346540144;15,92984957186948;15,844372246476846;15,709201396085216;36,521256280203225;25,079244954828233;39,27447133711692;
1500;153,11605647828384;17,75733725786334;15,914520488213926;15,758742508142415;15,704228565876985;25,47710273319345;23,68028760442551;26,59150689794655;
2000;125,44230123051662;17,757178471445656;15,847264977801155;15,718262187341777;15,703592393978923;22,743070098098652;23,33855028205531;23,032663831955528;
2500;108,33171709112031;17,696998255858194;15,846763901794644;15,701404747271066;15,701633048337587;22,621302159841353;23,33319489812257;22,85607522430834;
3000;89,15544277977472;17,617293334818147;15,769213340429042;15,699182473174012;15,701604250193771;22,609816057101174;23,332661015060243;22,836452169671166;
3500;79,4735981182035;17,600578763200573;15,758939763477;15,677954924140668;15,701604250193771;22,60862604472584;23,332558164674815;22,8016112749897;
4000;67,14819131994678;17,541176980747068;15,711540608124132;15,677907826430623;15,701604250193771;22,60837046734672;23,332557344715774;22,52131987266167;
4500;59,6063275776457;17,52048237653616;15,691555681725664;15,647699759960867;15,701604250193771;22,608330564265383;23,332557344715774;21,870995926194727;
5000;53,05405991179298;17,467940242545225;15,610363368294893;15,58327302497946;15,701604250193771;22,608316471963985;23,332557344715774;21,10360592946613;
6000;43,017634196539554;17,377532648753597;15,547336173339081;15,530570118019838;15,701604250193771;22,608315050669848;23,332557344715774;20,74171313064569;
7000;35,38240309375977;17,318092595190645;15,408555362237507;15,501987511752366;15,701604250193771;22,608315050669848;23,332557344715774;20,53908017867259;
8000;29,943062027488295;17,27988745353413;15,387868493032975;15,481012687342863;15,701604250193771;22,608315050669848;23,332557344715774;19,577617595813397;
9000;25,750307686858328;17,245364777793373;15,368766512847401;15,404225451042775;15,701604250193771;22,608315050669848;23,332557344715774;19,20555534197574;
10000;23,11885131596405;17,186865324193615;15,287431701982273;15,40228482008353;15,701604250193771;22,608315050669848;23,332557344715774;19,173143874988703;
12000;20,045017812347822;17,030369541833334;15,24697433522443;15,29926412967064;15,701604250193771;22,608315050669848;23,332557344715774;18,42880771812238;
14000;18,62939386272135;16,85899982057405;15,11668955976618;15,298164265206312;15,701604250193771;22,608315050669848;23,332557344715774;18,04926792003976;
16000;17,98190192677319;16,80365525126575;15,046813550371523;15,177793171949586;15,701604250193771;22,608315050669848;23,332557344715774;17,44720537470498;
18000;17,7853230620176;16,72556139569302;14,970880419315618;15,097170789814388;15,701604250193771;22,608315050669848;23,332557344715774;16,782533192693432;
20000;17,70340647222599;16,652832134324793;14,76956485707513;15,076848639132798;15,701604250193771;22,608315050669848;23,332557344715774;16,617977162435118;
25000;17,637401202647112;16,42108488251521;14,569878342695027;14,899719431817484;15,701604250193771;22,608315050669848;23,332557344715774;15,494240306678073;
30000;17,625833651588856;16,217967777567758;14,30758973668849;14,563795747380066;15,701604250193771;22,608315050669848;23,332557344715774;14,362654876088197;
35000;17,624116382133412;15,987068774776947;14,1849577904561;14,394659412875285;15,701604250193771;22,608315050669848;23,332557344715774;13,746030311472309;
40000;17,506642332678517;15,839152466830946;13,903637165516738;14,143114185608578;15,701604250193771;22,608315050669848;23,332557344715774;13,213548013785358;
45000;17,171716567462493;15,591516580136426;13,670830492066871;13,991242720975363;15,701604250193771;22,608315050669848;23,332557344715774;12,607423504390976;
50000;16,878123476099294;15,530645911495377;13,602824531147549;13,79185107873875;15,701604250193771;22,608315050669848;23,332557344715774;12,308252242860728;
55000;16,698455950239346;15,255628489041777;13,280686653452838;13,647026306714322;15,701604250193771;22,608315050669848;23,332557344715774;12,006045626373034;
60000;16,29978139467192;14,968421620639592;13,162881567604348;13,424373605057278;15,701604250193771;22,608315050669848;23,332557344715774;11,692769656419904;
65000;16,143770560749385;14,786676043583979;13,108428730179048;13,402755145206445;15,701604250193771;22,608315050669848;23,332557344715774;11,466677638933628;
70000;15,974137722936296;14,637097914963608;13,046632420476387;13,263924346509313;15,701604250193771;22,608315050669848;23,332557344715774;11,25806955814589;
75000;15,840988408371459;14,377907013757524;12,858788495021566;13,138641655436643;15,701604250193771;22,608315050669848;23,332557344715774;10,858781749963459;
80000;15,701835188288248;14,238854171174117;12,769247914291121;13,017906003523565;15,701604250193771;22,608315050669848;23,332557344715774;10,790492507339463;
85000;15,598794039972686;13,884545032817112;12,717991041922566;12,897198234428208;15,701604250193771;22,608315050669848;23,332557344715774;10,705626423490305;
90000;15,359257297850426;13,673901715154534;12,61718462418406;12,858118161067699;15,701604250193771;22,608315050669848;23,332557344715774;10,592285464332562;
95000;15,278565642314256;13,5815181282872;12,597510000510795;12,776211176957082;15,701604250193771;22,608315050669848;23,332557344715774;10,497456572292233;
100000;15,08153110953826;13,49654501980199;12,49734282087174;12,67533868194227;15,701604250193771;22,608315050669848;23,332557344715774;10,494352795181245;

==========================================================
===> Melhores f(x) para cada execução:
execucao;AGEO2;AGEO3;AGEO4;AGEO9;AGEO2var;AGEO3var;AGEO4var;AGEO9var;
1;6,995700364372837;5,014893690157606;5,015545096979892;5,965572859938327;14,942430855430707;20,63463409879619;20,944433374304417;10,059876850363445;
2;12,024821446365664;10,942796683577043;10,942796683577043;6,025905358451006;7,134854515805543;17,20628595477951;17,206684751341392;5,967887429769327;
3;8,867092888552435;9,990519985112805;7,040539485137259;12,05694550961384;13,040328056030596;22,172826506097714;22,172826506097714;12,04901760359305;
4;15,039562835923867;19,097298458778127;19,00674360918466;18,005690542287084;17,30366832651388;17,130068217679785;17,130889521176464;10,056280553738361;
5;9,966669420997064;10,090973705180105;7,047597238135715;5,0474899752637725;6,031047502171525;36,050187700413446;36,05163321533436;7,932852824620284;
6;15,037977565667198;15,989419422213835;13,388086970043801;10,05806476247875;13,990929328571987;17,864766833698773;17,864766833698773;4,031597486523502;
7;8,040712656351097;4,983335719868457;5,966506338781471;6,967216932191093;7,015973336957785;15,071532089239398;15,073761821229077;5,999707781379698;
8;21,20512367054414;18,17915561768251;19,09640689415218;15,131826455910918;20,19864132121854;13,865611951057303;13,865611951057303;8,032185497648243;
9;16,19401659928934;16,156886752410195;13,163817383960975;12,114412913488259;12,114421734694297;16,056915499780494;16,056915499780494;6,0637069924177425;
10;16,146498269315977;18,140939723081104;16,049206490234916;14,147195725904417;22,10836850919042;22,738418277549393;22,738418277549393;6,983630760052449;
11;8,948234382839274;13,131016342688419;13,099071464404538;15,03300085010148;17,379545977673793;23,029803777862462;23,029803777862462;10,605252808299156;
12;13,039544703299008;11,040037403721072;11,040037403721072;15,098668818699679;23,089092261514573;28,150152304009342;28,150880692028366;14,66163698973623;
13;7,014252111634811;9,04629880030651;6,982301780866813;5,015545096979892;5,998926379326292;29,950422928883167;29,950422928883167;9,00916262166205;
14;8,01583928787516;7,014246659150693;7,997638757903637;9,871623834505364;18,936458493994998;29,101283339034545;29,102971034505202;5,016029179491525;
15;20,073470302540272;22,07209222026546;10,088603940061496;14,022091918347492;17,909345063353342;29,14081239353137;29,14151271214585;7,048507590806302;
16;10,949735066848149;10,949735066848149;6,983707481567954;9,105277041646325;13,820386951481623;33,19775719143003;33,19775719143003;12,057336622033887;
17;20,955001857487474;20,204885298992515;19,28789744184256;23,375809440921792;24,372352594703294;28,290422870627097;32,9616380903888;31,158533555815232;
18;21,1876122341137;20,236127326925846;14,023403254217868;16,054759244145252;21,006612996626664;21,736320637319857;20,500292826542776;4,951688948914843;
19;17,035137951168032;12,082393987004345;14,017398734381153;13,07260667992768;16,973203439151334;26,18191957107834;26,183311074285292;6,981689269115456;
20;12,998205639825642;11,137277739273856;8,983377277062978;8,983377277062978;14,975317723565446;23,82772727447629;23,82772727447629;14,147216789531257;
21;10,112652052299019;11,008323153929766;15,956749543882836;10,057515224766277;11,007398067973682;23,22176853390033;23,22176853390033;8,238118628525598;
22;16,00001638410408;8,916244923373235;2,0322128048025903;2,982790105473505;3,998983245499005;19,221693565271764;19,221693565271764;9,041421950377647;
23;24,872158321320462;18,08222686471496;16,237318501883102;13,19560894960675;13,19571480352738;22,17303112573481;22,173790414874908;10,977334796702259;
24;12,090551944504192;6,0309197607355145;6,030868317207229;9,07894652894096;19,13463649872255;23,047909957888635;23,047909957888635;16,18043328552818;
25;12,056447415429652;10,086898002915142;6,949654052232361;6,981612687325736;6,981612687325736;18,163289412081866;18,163963780247258;10,024082739969757;
26;14,122846749537082;12,137527306085076;19,154984984043324;28,570250760830536;33,15862709014807;22,231212276674242;22,23156414910553;4,032346118236305;
27;23,295348315632644;21,279135317031397;10,05806476247875;7,046894387785137;10,980229053433035;20,05665006746029;20,05665006746029;7,983263639475062;
28;23,25155781002512;16,562463016302438;16,17839170407158;9,096457965371407;9,096460905774343;15,11492741884011;15,11492741884011;10,899821223810498;
29;15,131826455910918;15,131826455910918;10,105412526141372;14,147042413266327;21,06333815091375;21,98494139171983;21,98494139171983;9,01596502199471;
30;14,147042413266327;13,131016342688419;7,014949509501264;6,063516045841688;7,046894387785144;14,083468291518088;14,085026951763354;6,950457713411069;
31;16,179094554422143;12,121358931567876;8,089199527540131;10,114883009238575;15,081072046929684;22,015115228031362;22,015452957811917;5,9993031719783545;
32;13,104034423160769;11,104809195603686;13,062429191039172;14,180244162983847;16,146446825787685;16,149105439606664;30,379308933780273;30,379308933780273;
33;14,114176612435912;16,1720230446142;16,139375315979755;23,187158144880563;28,108081115488538;20,172642624459478;20,173860660634666;14,056315743927463;
34;24,112981230703923;12,153303809851764;16,1464468257877;17,162524339893885;20,085706589626227;29,12325410994045;29,12325410994045;10,073824911089126;
35;11,008092525437192;5,967732854518317;10,920192663943205;11,903941358634846;11,914612487004874;17,983426645344288;17,983426645344288;10,057098012324857;
36;13,098420057582246;12,974715698196029;11,071982282004953;8,742510345504584;9,015928475223973;9,983552724508932;9,983552724508932;5,998232350184544;
37;22,13956359346748;18,172130307486142;15,131123605560362;18,08267808890136;18,082681029304304;31,10909855744566;31,110450493397398;6,983794854479598;
38;12,121358931567876;17,958308565883364;14,056925031049765;11,072686792925964;11,072691013161403;11,074087713155244;30,135609821613222;30,136683680391897;
39;14,139109452339092;8,064326159064187;11,105332860989975;10,121251668695948;11,105335801392911;33,048358477635496;33,0494984009068;6,9527592845766435;
40;20,107910346413412;17,155401386557664;20,22912238299353;21,246487588396946;30,18758477242796;21,124588752139076;20,27815573603823;6,031650237867744;
41;16,09743628921239;16,097629230986165;18,650352198984493;18,908555653388014;18,93279997891586;34,008092115516526;34,008092115516526;13,99087303566585;
42;19,082327594728923;17,11468887552715;20,031996603167535;16,28249542886796;25,9499577265924;22,189393907381287;22,189393907381287;3,015444978984199;
43;14,056183302112032;14,056887344330974;12,05681776817783;10,08930679041206;10,089345015605716;30,994166356354437;30,99600977511827;7,04691203020279;
44;14,089038860237622;9,48343875577497;10,088603940061496;12,179582879028843;12,179585819431779;20,238157146776246;20,239413650141493;11,0580935130804;
45;8,089199527540131;5,014842246629328;8,948176044847628;14,816937046318905;16,94074328347623;24,29681009042475;24,297170432507237;5,998273515728187;
46;16,022490779290756;15,008572434154729;14,8632241323767;18,015183641272294;20,970753463125668;16,943019982310048;16,943019982310048;13,925647904465528;
47;22,065918606847298;20,016853578087357;17,00152198920935;15,034586120358142;18,96791991857645;40,10494686077976;40,1060801826562;17,06507256442474;
48;20,197110938834022;21,08891436974026;13,130313492337855;6,063516045841681;6,063516045841681;18,998993278746056;18,999440056489654;11,931990352149676;
49;17,130031187967887;15,114268155919426;13,098547799018256;13,098547799018256;19,089509957218887;19,13076039812165;19,13076039812165;11,934241616856454;
50;12,115693122461074;12,115693122461074;22,106166956055013;21,090140885477105;21,090140885477105;21,0314206663804;21,0314206663804;15,925075793360811;






============================================================================
Função: Rosenbrock
============================================================================
parameter;AGEO2;AGEO3;AGEO4;AGEO9;AGEO2var;AGEO3var;AGEO4var;AGEO9var;
meanNFE;100023;100023;100023;100023;100023;100023;100023;100023;
meanFX;2,193661337227531E-05;2,4206504153708474E-05;2,3437264430612924E-05;2,8968138595712816E-05;0,5747984372047209;0,2694807344294945;0,17641397342428008;0,00016930122763099555;
sdFX;3,117521777400565E-05;3,600994740429203E-05;2,941215730863925E-05;3,234140270718213E-05;1,1006854788600502;0,8821960690544478;0,47575790190092915;0,0002210779070975434;
==========================================================
===> f(x) médio para cada NFE:
NFE;AGEO2;AGEO3;AGEO4;AGEO9;AGEO2var;AGEO3var;AGEO4var;AGEO9var;
500;0,9395444178965119;0,5406299390676372;0,8491575865646511;0,6514857743478024;0,664198270239272;0,3523720340875042;0,2260280804742819;0,09702470199033975;
1000;0,8135844170843112;0,4154623453141377;0,46362401425891453;0,4409765462952769;0,6122466608527879;0,305542007647216;0,18256381873969107;0,05792051404545024;
1500;0,41458899460155396;0,33234041087548966;0,23412633868876245;0,36014684563499266;0,583597165810051;0,28022343048952736;0,1800607593045635;0,03815246738343439;
2000;0,3621845477429663;0,29234380543678423;0,1762818178441572;0,32280239152104917;0,5778102758243697;0,2787615766627491;0,17842214656888136;0,034288809968746496;
2500;0,31741673002661824;0,25043952628626515;0,14910853057395085;0,27950358634997857;0,5778047618424451;0,27287226577670504;0,17842214656888136;0,030386409309179515;
3000;0,21072414458284064;0,1454318299531039;0,13162043585576366;0,2474641945435213;0,5771240006278975;0,27197721390153284;0,17842214656888136;0,021827310876491857;
3500;0,1874570080264718;0,11582187012608086;0,11851564304698056;0,22360612575318708;0,5771240006278975;0,27197721390153284;0,17768992652556034;0,02174411891514728;
4000;0,14623894352434502;0,09542627605197464;0,09299671569428951;0,11736502520780684;0,5771240006278975;0,27197721390153284;0,17768992652556034;0,0169143269946762;
4500;0,14542242743246567;0,09234384387713926;0,08168700226076413;0,06682092539693235;0,5771240006278975;0,27197721390153284;0,17768992652556034;0,01615908968672781;
5000;0,1285221790190228;0,09073858583957924;0,06892646357343472;0,06588067795804513;0,5765039181258833;0,27197721390153284;0,17768992652556034;0,01615908968672781;
6000;0,10371787555405744;0,09041204141563258;0,04597588640942022;0,06245017369177629;0,5759218980257627;0,27139141861649085;0,17765682610014924;0,01537380354194683;
7000;0,07207827414604957;0,057138697876119623;0,018051233857373273;0,04462874402011388;0,5758781205945783;0,27113735517168924;0,1773870086618231;0,014211944664914562;
8000;0,07117323776286251;0,039018880235857034;0,008749872946153018;0,032265727643071604;0,5758781205945783;0,2705564172271464;0,1773870086618231;0,004238174890586091;
9000;0,05125691542220538;0,013392624117021029;0,008473527541564815;0,030965040363216633;0,5747984372047209;0,2696629156007744;0,17689093661252772;0,003602588570463884;
10000;0,047383639657042405;0,013037687267982373;0,004408820552752871;0,028980075092408134;0,5747984372047209;0,2695894598311792;0,17689093661252772;0,003153426539021594;
12000;0,02842025395307752;0,007862675651972273;0,004031220397077482;0,027302029423115336;0,5747984372047209;0,2695894598311792;0,17665167483324973;0,0028067994802979035;
14000;0,02646478531371727;0,002874738717941709;0,003385792775924016;0,010681160394805697;0,5747984372047209;0,2695891751806949;0,17665167483324973;0,0014825151211279534;
16000;0,006938986206296802;0,0018381117571768064;0,0017232505003427774;0,003495632588372335;0,5747984372047209;0,2695891751806949;0,1766074451810897;0,001262376438987163;
18000;0,0045588593356503185;0,0006103945714031525;0,0005571540019424138;0,0031836735581439956;0,5747984372047209;0,2695891751806949;0,1766074451810897;0,001030694876036617;
20000;0,0040227636557995695;0,0004833459757924717;0,0004712901565214582;0,0017394136179766425;0,5747984372047209;0,2695891751806949;0,1766074451810897;0,0010306484791575002;
25000;0,0003879306602025304;0,0002498509137166594;0,00028512769874577634;0,0008507775177103123;0,5747984372047209;0,26955343383514374;0,1766074451810897;0,0006608860316611341;
30000;0,0001052025834930601;0,00014456067834160016;7,29880824768015E-05;0,000849278398416796;0,5747984372047209;0,2695116115744385;0,1766074451810897;0,0005308483255630924;
35000;8,204510297539941E-05;0,0001376131839148031;6,110018888326876E-05;0,000835160118513676;0,5747984372047209;0,26949095878887497;0,17659723796618138;0,00048192821462590956;
40000;6,372825227045402E-05;0,00012557623662866088;4,5649774121563357E-05;7,908230490381725E-05;0,5747984372047209;0,26949095878887497;0,17654717377945428;0,0004651840768867706;
45000;5,828154203621294E-05;6,064800157609083E-05;4,19190829354216E-05;7,229629307725839E-05;0,5747984372047209;0,26949095878887497;0,17653299277465462;0,0004128639237083117;
50000;5,4602348463749965E-05;5,338236549089196E-05;3,9085542133510165E-05;6,510151891525556E-05;0,5747984372047209;0,26949095878887497;0,17653299277465462;0,0003594054090186774;
55000;5,1172966775005046E-05;4,804221465613893E-05;3,8240409363441325E-05;6,349996139297673E-05;0,5747984372047209;0,26949095878887497;0,17653299277465462;0,00032471875169030336;
60000;4,8684952587303604E-05;4,235914570675809E-05;3,717542516707621E-05;5,860813275888094E-05;0,5747984372047209;0,26949095878887497;0,17653299277465462;0,00029516477272243736;
65000;4,4469109621558525E-05;4,0017732579592806E-05;3,5050356007751184E-05;5,484927760249328E-05;0,5747984372047209;0,26949095878887497;0,1764233938302458;0,00026318731451691215;
70000;4,402299444154535E-05;3,93854138540957E-05;3,4984355005873706E-05;4,5290733052685646E-05;0,5747984372047209;0,26949095878887497;0,17641470518110622;0,00024260427047021436;
75000;4,402299444154535E-05;3,6587008746522435E-05;3,206463904233405E-05;4,301546564045195E-05;0,5747984372047209;0,2694839100193949;0,17641470518110622;0,00020813071076811044;
80000;3,626577224270382E-05;3,0654650177371335E-05;3,0510593970737833E-05;3,8091959526627856E-05;0,5747984372047209;0,2694839100193949;0,17641470518110622;0,00020166537779582467;
85000;3,183945289662354E-05;3,0654650177371335E-05;2,9728183544233937E-05;3,704300754898968E-05;0,5747984372047209;0,2694839100193949;0,17641470518110622;0,00019865650009219543;
90000;2,77981574723734E-05;3,0654650177371335E-05;2,5725428792497574E-05;3,559045524961733E-05;0,5747984372047209;0,2694839100193949;0,17641470518110622;0,00019342761345946194;
95000;2,558830543938288E-05;2,4206504153708474E-05;2,4561387712794156E-05;3,3941934464094936E-05;0,5747984372047209;0,2694839100193949;0,17641470518110622;0,00019170372051724677;
100000;2,193661337227531E-05;2,4206504153708474E-05;2,3437264430612924E-05;2,924643092665549E-05;0,5747984372047209;0,2694807344294945;0,17641397342428008;0,00016930122763099555;

==========================================================
===> Melhores f(x) para cada execução:
execucao;AGEO2;AGEO3;AGEO4;AGEO9;AGEO2var;AGEO3var;AGEO4var;AGEO9var;
1;9,68347953482746E-06;0,0001531688043498238;1,6529512633522721E-06;6,052344200316405E-06;0,018762330694569684;0,003148845256434379;0,0007231733279227272;0,0003335678086326657;
2;1,118248750616245E-05;1,8273875128587248E-05;1,118248750616245E-05;2,0303968399015835E-05;0,08790958961547024;0,00016964529919147382;0,0006315682999856596;0,00037012396834898366;
3;2,8771350992162275E-06;1,2732530238028651E-05;9,856060185157526E-05;5,1414622596705615E-05;1,000506371958274;0,7724498419900255;0,01744860797344221;3,4426180491873114E-05;
4;2,021315536048899E-06;1,6529512633522721E-06;1,7719288467843232E-06;2,021315536048899E-06;0,02686587670990904;0,02686587670990904;0,04026405102614711;1,669579807043213E-05;
5;2,25576640389694E-05;4,250563362805409E-05;1,6529512633522721E-06;6,052344200316405E-06;2,518389498703154;1,0005563966721196;0,019312163969549184;1,2732530238028651E-05;
6;2,25576640389694E-05;6,24197042131614E-05;1,6272330808828494E-05;4,464586500585507E-05;3,6603263985183454;0,41758344713208495;0,14632883403692784;3,9413268664492804E-05;
7;0,00014099746201605884;1,6529512633522721E-06;5,490216108160771E-05;2,0303968399015835E-05;0,000207225606857455;0,000207225606857455;0,000207225606857455;0,0003518866951940699;
8;1,7719288467843232E-06;1,6529512633522721E-06;6,24197042131614E-05;2,0303968399015835E-05;0,0002516970703700729;0,0016374292787679164;0,0016374292787679164;0,0006634034982441382;
9;4,137588455472557E-05;2,8771350992162275E-06;3,945351130221012E-05;1,8273875128587248E-05;0,02845199169089139;0,013961873472499014;0,013956151686915254;7,242329913109398E-05;
10;1,7719288467843232E-06;1,6272330808828494E-05;4,220673460361349E-06;6,646211204800484E-05;0,00033549758893843895;0,0002737037218762984;2,102913091038933;0,00020509920998934626;
11;1,8273875128587248E-05;2,8771350992162275E-06;2,8771350992162275E-06;1,6529512633522721E-06;0,7887143366463394;0,01243337269377598;0,010952902796644914;0,0001646998910453348;
12;2,0303968399015835E-05;1,6272330808828494E-05;1,8273875128587248E-05;2,7335218351617432E-05;0,043392696300476055;0,012078717642913303;0,012707630064750872;2,8771350992162275E-06;
13;5,054029490123827E-06;4,7888267083683586E-05;2,378284925332508E-06;8,372710973122832E-06;0,7724291791260058;0,1574313428745632;0,005485111507026462;3,536302590329494E-05;
14;1,6529512633522721E-06;3,4722062112888553E-06;2,378284925332508E-06;3,536302590329494E-05;0,05791288469025769;0,0029869949600333547;6,646211204800484E-05;0,00023233841455543356;
15;6,24197042131614E-05;2,021315536048899E-06;3,536302590329494E-05;1,6529512633522721E-06;0,04017588283314377;0,0342280426629114;0,00014227474631899878;0,00013061941720634912;
16;6,24197042131614E-05;1,7719288467843232E-06;1,8273875128587248E-05;2,8771350992162275E-06;0,0023204230001462227;0,002370872874543926;0,00021144952905351167;0,00048073936195472595;
17;3,536302590329494E-05;2,021315536048899E-06;1,6529512633522721E-06;1,8273875128587248E-05;1,8273875128587248E-05;2,246189907815023;1,000506371958274;0,00011953373306898476;
18;5,054029490123827E-06;1,6529512633522721E-06;1,6272330808828494E-05;2,8771350992162275E-06;0,0038679837633333832;0,0038679837633333832;0,0004704455591361353;0,0004704455591361353;
19;1,8273875128587248E-05;6,24197042131614E-05;3,945351130221012E-05;2,8771350992162275E-06;0,006065977191307039;0,0018143843533849507;0,0018143843533849507;1,7719288467843232E-06;
20;1,4482537600036451E-05;5,1414622596705615E-05;1,6529512633522721E-06;2,9847853611251183E-05;0,07486411493315043;0,0066150801148437;0,0018107027168174099;4,137588455472557E-05;
21;6,24197042131614E-05;1,6529512633522721E-06;3,536302590329494E-05;6,052344200316405E-06;0,0003848688115078039;0,0002965197028840732;0,0002965197028840732;1,2732530238028651E-05;
22;2,378284925332508E-06;0,00010266424547288746;1,6529512633522721E-06;6,24197042131614E-05;0,026645359452029702;0,002091517557124879;0,0008981049258996979;0,0005808365578012719;
23;1,6529512633522721E-06;1,6529512633522721E-06;1,118248750616245E-05;3,4722062112888553E-06;5,282539798430097;5,800566723390156;0,10245375124707409;0,00010890298969481058;
24;8,372710973122832E-06;4,220673460361349E-06;5,490216108160771E-05;2,8771350992162275E-06;0,13523073519798912;0,0012281748432288867;0,00022436459742079885;0,00025787902341773225;
25;5,054029490123827E-06;1,6529512633522721E-06;1,6529512633522721E-06;1,6529512633522721E-06;0,04233675123974405;0,04233675123974405;0,005318148991224555;0,0001531688043498238;
26;2,378284925332508E-06;2,378284925332508E-06;2,8771350992162275E-06;9,757437393373132E-05;1,0005563779152515;0,05762109558119742;0,05762109558119742;4,7888267083683586E-05;
27;2,0303968399015835E-05;1,8273875128587248E-05;1,2732530238028651E-05;8,801785615547957E-05;0,01669851757638511;0,016549836842775036;0,016549836842775036;4,2175759878706286E-05;
28;1,6529512633522721E-06;7,124241620630472E-06;3,4722062112888553E-06;9,154810992615023E-05;0,00044873503113521075;4,7986533649742076E-05;2,246189907815023;2,1273577412949717E-05;
29;1,8273875128587248E-05;2,7335218351617432E-05;0,0001531688043498238;3,945351130221012E-05;0,12295982288162635;0,02535410543264594;0,04847931555984502;5,490216108160771E-05;
30;3,4722062112888553E-06;8,353841395834384E-05;8,082893528632684E-05;1,6272330808828494E-05;0,002145814733839441;0,0019718840315142805;0,002015298414374217;0,0008995572643376547;
31;1,8273875128587248E-05;0,0001531688043498238;2,7335218351617432E-05;4,666049583221434E-05;0,7724291791260058;0,053545187807710164;0,0006226503976908918;2,2718672504251656E-05;
32;2,0303968399015835E-05;2,8771350992162275E-06;3,945351130221012E-05;2,4828680233688943E-05;0,007273632130774449;0,007273632130774449;0,0029869949600333547;8,966491983249475E-05;
33;1,7719288467843232E-06;2,378284925332508E-06;5,054029490123827E-06;1,6529512633522721E-06;0,0004497929276319215;1,5214416266896902E-05;0,25951375688847134;0,00013061941720634912;
34;7,124241620630472E-06;8,372710973122832E-06;3,9413268664492804E-05;5,257468600565964E-05;0,0001928978141669307;0,00041965454034162506;0,08565589663643312;3,4722062112888553E-06;
35;6,052344200316405E-06;1,7719288467843232E-06;5,1414622596705615E-05;1,7719288467843232E-06;0,7724291791260058;0,2383299494079988;0,0612778384569794;0,00024816056954881505;
36;2,25576640389694E-05;2,4828680233688943E-05;3,536302590329494E-05;0,0001531688043498238;0,000207225606857455;0,00016587342649362452;0,00016587342649362452;9,68347953482746E-06;
37;2,378284925332508E-06;1,6529512633522721E-06;1,8273875128587248E-05;6,646211204800484E-05;0,18763785373651354;0,11094523407626809;0,0917687350432941;4,666049583221434E-05;
38;8,372710973122832E-06;6,646211204800484E-05;1,6529512633522721E-06;4,7888267083683586E-05;3,6460284818141133;0,7887143366463394;0,1115642935386859;1,6529512633522721E-06;
39;5,490216108160771E-05;3,8377629631470756E-05;1,6272330808828494E-05;1,6529512633522721E-06;0,0029646810767435315;0,0005243565349926727;1,3995789577468062E-05;1,3995789577468062E-05;
40;1,8273875128587248E-05;5,490216108160771E-05;2,378284925332508E-06;1,6272330808828494E-05;1,0005063782105634;0,14518945054659435;0,0018658708852316618;0,0008842805082831995;
41;1,7719288467843232E-06;1,6529512633522721E-06;1,118248750616245E-05;1,6529512633522721E-06;1,0005063782105634;0,1466058289576925;0,0011564254987195413;1,6529512633522721E-06;
42;4,137588455472557E-05;5,054029490123827E-06;1,2732530238028651E-05;2,8771350992162275E-06;0,7724291791260058;0,4731655787318183;0,08087176799148639;0,00011703326577511778;
43;1,6529512633522721E-06;2,9847853611251183E-05;1,6529512633522721E-06;3,945351130221012E-05;0,0005388866601213694;0,00025352269484880583;1,0005563966721196;3,218849167572097E-05;
44;0,0001531688043498238;1,8273875128587248E-05;5,490216108160771E-05;1,6529512633522721E-06;1,0005563966721196;0,06897768227357201;0,15341681731306017;4,494483669484696E-05;
45;1,8273875128587248E-05;1,6529512633522721E-06;1,8273875128587248E-05;2,8771350992162275E-06;2,4627460639179497;0,5368117405872008;1,0005563779152515;2,0303968399015835E-05;
46;1,8273875128587248E-05;1,6529512633522721E-06;1,6272330808828494E-05;7,897503890225352E-05;0,7724291791260058;3,8377629631470756E-05;3,8377629631470756E-05;2,25576640389694E-05;
47;2,0303968399015835E-05;1,6529512633522721E-06;1,6529512633522721E-06;5,257468600565964E-05;0,03549885978950896;0,03400307008963718;0,0007940425098088665;0,0004497929276319215;
48;5,1414622596705615E-05;2,0303968399015835E-05;2,378284925332508E-06;1,8273875128587248E-05;0,4052163613693958;0,06610139464360229;0,052750527933611166;0,0001614733600868524;
49;1,6529512633522721E-06;1,8273875128587248E-05;2,8771350992162275E-06;2,25576640389694E-05;0,057380555684515604;0,057380555684515604;0,057380555684515604;0,00013888925046933568;
50;2,8771350992162275E-06;1,6529512633522721E-06;2,4828680233688943E-05;1,8273875128587248E-05;0,08078568632480218;0,0806405005984141;0,00010510077628840534;6,646211204800484E-05;






============================================================================
Função: Schwefel
============================================================================
parameter;AGEO2;AGEO3;AGEO4;AGEO9;AGEO2var;AGEO3var;AGEO4var;AGEO9var;
meanNFE;100001;100001;100001;100001;100001;100001;100001;100001;
meanFX;463,6390307144929;379,3565591117744;303,8468165680361;318,57386267957526;582,7147640100246;904,9791689878834;963,6730110002748;423,7821569648357;
sdFX;186,01635330473786;197,36644402734825;178,70445283311696;187,19937773499365;227,28799292511113;316,0777901787764;238,7135040810261;346,7064980603472;
==========================================================
===> f(x) médio para cada NFE:
NFE;AGEO2;AGEO3;AGEO4;AGEO9;AGEO2var;AGEO3var;AGEO4var;AGEO9var;
500;2890,062968400604;645,1083924956667;613,3258317395769;572,9820313891363;596,4156318381632;1305,603983279183;1089,2505940928177;1310,4607861488155;
1000;2036,5423675143911;639,5949888854553;598,3006015309412;571,5586080157982;585,8150213816346;950,9742702978629;1010,7275181435216;1014,7448898580815;
1500;1597,578656534184;631,7348225850661;597,612806142566;565,6956800264993;582,7254015476412;921,0614695742839;1009,1703479712077;996,1798536334317;
2000;1292,87329654177;630,6568361172172;586,9001050235821;560,6587205091262;582,7148975284721;908,8911280292862;1009,1529586887436;975,0948663272383;
2500;1121,993813737317;626,2906439451743;583,7440559474508;560,1978652768779;582,7147640100246;904,9961573032836;1009,1527233659201;950,6020017947354;
3000;1031,3806661350566;623,855520503797;574,9885491630923;558,9175012609118;582,7147640100246;904,9800410544382;1009,1527233659201;946,5255391624335;
3500;983,7619001047192;623,0721239797942;571,9748844694112;555,4052934604288;582,7147640100246;904,9791689878834;1009,1527233659201;938,1134418844056;
4000;951,9852935516939;622,831874418388;568,3286784389255;550,5500977606782;582,7147640100246;904,9791689878834;1009,1527233659201;917,7336198849996;
4500;938,519753858156;620,8955312550116;565,1268127732749;549,345590441233;582,7147640100246;904,9791689878834;1009,1527233659201;912,9311090381193;
5000;931,2683811193003;612,2231916330588;560,6819689172421;543,8440179012231;582,7147640100246;904,9791689878834;1009,1527233659201;905,7206387063856;
6000;924,6366872835989;606,7949423739685;552,6244764278439;537,5950627662302;582,7147640100246;904,9791689878834;983,5242645985497;875,1646999089992;
7000;922,9629970196958;601,4371168097729;540,7419546400823;525,3696943515323;582,7147640100246;904,9791689878834;983,3923870352221;865,2778276266312;
8000;922,4888875076748;585,6435984127567;531,7172371184054;507,65945165272984;582,7147640100246;904,9791689878834;980,5475619362477;852,9707166664952;
9000;917,0411364113563;579,4175795481544;525,86152474911;499,71797477725283;582,7147640100246;904,9791689878834;980,5475619362477;836,2285967246877;
10000;910,1567182104582;571,3710019723414;525,84302853939;493,61709648671024;582,7147640100246;904,9791689878834;980,5475619362477;827,7860439025079;
12000;881,6894542489866;567,2218299198241;510,2052921735514;486,03259524002016;582,7147640100246;904,9791689878834;980,5475619362477;794,6845001248812;
14000;866,2026440193372;559,7993819101683;501,0299989750991;485,49585963397965;582,7147640100246;904,9791689878834;980,5475619362477;747,408478026359;
16000;858,140600893591;555,5317205577747;483,2884999123677;481,3837560681062;582,7147640100246;904,9791689878834;980,5475619362477;727,6995546824563;
18000;835,5640426722345;540,8312060379292;479,41100904338316;469,84002371953534;582,7147640100246;904,9791689878834;980,5475619362477;697,3785540844239;
20000;810,7511850407867;529,3985133175179;476,81928667233586;465,52782695075706;582,7147640100246;904,9791689878834;980,5475619362477;658,3544021502989;
25000;791,1925882285639;522,6566550334265;466,5739143403331;447,8957155190204;582,7147640100246;904,9791689878834;965,9984578211205;631,461892582433;
30000;743,8250965808193;508,38630844165544;444,1803932023909;426,7107787318418;582,7147640100246;904,9791689878834;965,9984578211205;587,052786531004;
35000;717,4800965421306;501,77952830383117;432,31216316714614;411,9163374417751;582,7147640100246;904,9791689878834;965,9984578211205;576,4298491082006;
40000;679,2226112038204;490,9543194611941;417,1802564926746;401,73992106312176;582,7147640100246;904,9791689878834;965,9984578211205;544,628627581282;
45000;649,4179032570838;482,7237702878234;402,307771344226;392,5772593742481;582,7147640100246;904,9791689878834;965,9984578211205;521,9585448364049;
50000;620,7944323892834;469,5708138726518;387,9698681021501;382,9038875115608;582,7147640100246;904,9791689878834;965,9984578211205;511,2805556256806;
55000;604,244640093767;458,9449750041695;372,80729992722013;370,62055005141667;582,7147640100246;904,9791689878834;965,9984578211205;494,0872937144865;
60000;580,6920462692019;457,42241571754903;360,83110100155966;365,3373445934875;582,7147640100246;904,9791689878834;965,9984578211205;485,8494177957245;
65000;561,8980604133906;439,96587965832964;350,0805288655654;354,37220708298645;582,7147640100246;904,9791689878834;965,9984578211205;479,005322709127;
70000;551,7784193853113;431,9778596035548;344,94854122005216;351,59928042181093;582,7147640100246;904,9791689878834;965,9984578211205;459,8966523402348;
75000;539,3592494725044;420,6842182942377;340,97271501319324;350,7150441098521;582,7147640100246;904,9791689878834;965,745142507477;450,68404042966375;
80000;534,3037140328237;405,64948496890895;333,98507115398263;346,8837114740906;582,7147640100246;904,9791689878834;965,745142507477;440,68328452249864;
85000;521,4336123750874;399,90028003506484;323,78226081813546;345,6057254730139;582,7147640100246;904,9791689878834;965,745142507477;435,0176117827203;
90000;506,8684120921771;399,09259483359614;318,3629449750549;339,7543129743363;582,7147640100246;904,9791689878834;965,745142507477;429,2351064653079;
95000;487,10391802923806;394,46109220468446;308,92191318437057;327,73176883646147;582,7147640100246;904,9791689878834;963,6730110002748;427,45666854167627;
100000;463,6390307144929;379,3565591117744;303,8468165680361;318,5739377085743;582,7147640100246;904,9791689878834;963,6730110002748;423,7821569648357;

==========================================================
===> Melhores f(x) para cada execução:
execucao;AGEO2;AGEO3;AGEO4;AGEO9;AGEO2var;AGEO3var;AGEO4var;AGEO9var;
1;367,92976015211707;602,8169405345543;559,8224103137745;118,87365681649362;791,99943532924;816,2557081488549;1154,9712296916546;1154,9712296916546;
2;438,3360746083408;471,49307719956505;322,2121967830408;118,86741667413253;153,05467247980823;1432,2473401499778;1314,5079874069625;311,92315999591847;
3;153,16715479523145;305,6858549474837;200,11172521705612;518,7803101249979;638,0279587293976;638,133124348436;1220,8555767401235;1220,9270874040467;
4;574,1617512097182;421,6435325941952;68,91049658658812;403,2489538684981;886,6161633339243;791,4322342450141;791,4666081833316;322,53821991765744;
5;165,77322926912075;165,77322926912075;406,46406481564236;728,0455671674135;867,9907039652503;1012,5648008560893;1012,5648008560893;475,0881455901349;
6;522,391480233754;471,4868699851618;302,84232980311117;237,41282416234162;237,41387896943706;359,78167835244085;590,1078808076281;555,1744233709151;
7;353,1559071753136;609,0257169524198;137,49945287629998;344,00653785700206;459,8492347245028;460,06595008737304;873,2992863793424;873,4015861785074;
8;533,7116992300435;249,9230028366078;199,7910273896464;95,41538005144048;437,23096705711805;1379,0212534437333;1055,1439342226222;1228,140504061621;
9;337,4918645503867;571,5665418653139;786,7545321462621;540,0751854784767;808,8295536595915;1098,877477733915;1098,877477733915;61,50599039053759;
10;513,7953742324044;318,40090482524465;61,77024826937668;34,93704299118144;772,7663271449801;770,96602123621;770,96602123621;249,59739612996782;
11;676,4157897192331;221,5933604183051;27,15793596356434;175,1151511021917;586,0723713597495;1032,2958235739557;1032,5231064726863;309,7166555814333;
12;893,2639550393942;492,3363902194037;359,56924961109917;365,410911062826;365,410911062826;1790,2576800824754;867,092040563979;867,092040563979;
13;459,8222674819317;583,3056771925903;488,6974772074245;621,893207589826;603,5507628362902;603,6246464239389;1200,6972966700564;1200,6972966700564;
14;641,9351695319192;355,2727138679347;187,35505306899995;96,01181066501886;414,94040030887936;415,01791666005283;833,7301683976575;833,8289676014174;
15;436,84355342827575;191,01416240689377;255,72352006900746;165,88605973464155;165,88248471080215;1002,8816081462701;1002,9442841332339;269,14442119966316;
16;438,24706930737466;387,129533324322;355,51495117426657;629,2024691626334;702,8548707242053;896,6759132349307;689,3198444850977;689,4699850700085;
17;299,89756093882716;34,616987631864504;187,77888312185632;296,82197672508573;925,9743375120233;1159,823584836617;1159,823584836617;345,6262077500469;
18;368,0369637269414;27,423496843399334;173,7604989940187;164,32310676428278;415,0471333229607;1012,747016872625;1012,747016872625;276,63206612975773;
19;768,2417450549042;449,45797357714673;415,2671427476321;153,27469288046495;153,27533534855775;1227,7139818392034;1085,472726890484;152,95559759509706;
20;271,3923350167738;505,5801354435216;288,45000845348795;322,14962373904655;395,0376078135869;395,0442837359542;900,7811485926145;900,883601948538;
21;512,4080144269574;34,616345163772166;154,77772553577506;54,766693500112524;428,14392137065624;1039,8228398972255;571,5671843334067;571,8986818983303;
22;268,90353975278185;284,32406085255207;271,3998145196815;271,5060896207019;617,363946361766;574,7604410909748;574,7604410909748;283,9966442634368;
23;191,48036917782883;157,29023962440442;187,8676937723112;307,3473188433172;584,4759674076467;770,8674059510968;770,8674059510968;256,16743518269095;
24;428,98811242363354;402,3355888192041;276,37987150635126;474,8814819617792;725,3186886411854;1003,4667763163302;887,4746622137295;887,639816409855;
25;518,5056337846204;483,99272494535944;165,55941608286594;191,47749543007967;191,48107040578634;1062,1942568231298;1042,7037385434564;284,11068988689794;
26;532,9490622744011;399,9548241531611;449,44835394196525;544,9064530151495;740,9664385352507;571,3534667169843;571,680988923456;301,4355092641081;
27;602,0254124017019;237,0914728908533;0,6429025443503633;289,3109565457321;483,99895411173566;1340,491588997288;1146,3938834381547;118,65982167826724;
28;380,76110554284014;402,4423108572996;199,85422094976138;286,806283843604;556,605034980963;1217,5994395610287;1114,018940945562;187,66826972180615;
29;502,51531760998705;187,4550880276588;152,95398407707034;403,95442687791683;753,3469051075822;1145,35685200733;1145,4312857862028;236,99306180473423;
30;391,235227620512;316,94943361719334;567,5733129781202;234,04022474720887;399,74429607234924;399,80673703038383;1340,0182733935635;539,8677992515536;
31;387,13079733398035;200,4089752333848;372,28096769390095;467,5796551417475;702,9904423987509;747,5931961895212;1341,551496144084;153,06104111788545;
32;499,99981069181194;709,9079443032274;302,0669344999269;294,3023377761574;946,8928903088704;778,2524721051573;778,2699960990594;68,80434998232158;
33;818,9887818345223;742,2312348247451;640,7291427707191;382,75046823521143;778,1750150197768;1139,898312860068;1139,898312860068;153,3822743394062;
34;329,60459892141444;421,4228916774164;376,40754678694384;799,1585652086442;483,77897052000753;483,82168276069524;1326,453897736053;1176,0995756138523;
35;624,1184977182165;884,0104275835852;683,2052809047423;275,51908601716696;510,7646565359173;795,0407365121714;795,2263779449231;591,4557937847376;
36;590,7655339320436;460,0704587626128;237,19947986513398;237,19949084111977;400,96059390403207;1443,3241499188557;1443,3241499188557;330,83905833567724;
37;387,44878463793066;303,1989761117834;329,9170083428253;406,67516505136246;861,7794114563499;540,3614479235198;540,3614479235198;187,5766148565076;
38;510,40614200084974;660,0359844928607;303,304608744711;225,8820586858792;579,253463488687;1014,3241160828497;1014,3241160828497;221,76269937636562;
39;310,8512212519681;436,6297512180072;390,42266346293354;199,74605137242088;500,9258164369453;990,909106037629;990,909106037629;241,33522793343172;
40;271,17247554748064;187,0287685433077;318,29145886063;586,9841355054882;849,2510001005667;1032,4630143645686;1032,4872919631716;241,44343919432094;
41;187,45591505078346;187,45591505078346;221,81513583194965;153,4810139161309;253,95588643297333;1189,548692570807;1189,548692570807;256,3934885415797;
42;237,52450140661176;510,90928324699007;273,15090056637837;372,2796827577158;521,5258019512635;721,9635996145685;722,0854558185233;435,517029071721;
43;103,20401651729799;180,0498850362642;234,04147675543754;34,61569171969222;506,70584455535754;1134,6919088001628;1134,6919088001628;165,67059892882708;
44;642,9034031458664;137,43561684809265;165,77322926911984;387,1308083099666;870,7981491258788;475,05116425212555;475,097243680897;197,93685135751002;
45;590,3883558747098;474,57992918101036;675,0118797782161;393,9642739916849;628,6320654655719;1102,2880418027362;1102,2880418027362;68,69807875273727;
46;427,80937021732825;392,1737897212647;505,467804755172;627,8238861121304;997,262471673982;614,2717231051629;614,2717231051629;103,10169094178582;
47;448,25466920809504;345,073969587972;179,83735678619587;214,13151918499807;462,23824326281056;1009,8756617617946;1009,8756617617946;68,91663436029648;
48;743,9743226413848;391,3422968166992;153,0602482021045;68,90921165040254;598,3479878389649;979,8540887827094;980,0606079637419;302,98942819076865;
49;625,5493636191486;187,8407807697995;68,90987607046736;131,37280274528393;980,2823279235126;902,0301657269706;987,8688761849103;34,94357252273767;
50;900,6184744559209;814,0228856924041;549,5373279338887;480,4379207519578;437,94682871295754;732,2473198222624;732,2473198222624;221,4280888366652;






============================================================================
Função: Ackley
============================================================================
parameter;AGEO2;AGEO3;AGEO4;AGEO9;AGEO2var;AGEO3var;AGEO4var;AGEO9var;
meanNFE;100321;100321;100321;100321;100321;100321;100321;100321;
meanFX;0,5884780403032446;0,3822918014561036;0,2866250165633503;0,220785477402963;0,23522947180710452;1,4666323140654327;1,5266297605749883;0,6993729527119362;
sdFX;0,8002469631854611;0,6884746215601449;0,6163263590940379;0,5508090950875341;0,5570325626974058;0,632190476006985;0,555984368288953;0,7748740107415671;
==========================================================
===> f(x) médio para cada NFE:
NFE;AGEO2;AGEO3;AGEO4;AGEO9;AGEO2var;AGEO3var;AGEO4var;AGEO9var;
500;20,927442130517864;0,6006904784733995;0,507280157657914;0,2944765649615919;0,298383918442966;18,115959275823613;2,6326068585694027;18,382176268252103;
1000;20,811587261153043;0,6006460341197919;0,4972588410568676;0,29388169355035343;0,298383918442966;16,185900644721045;2,5026270416621994;16,570611439288957;
1500;20,66216934037649;0,6001715373875394;0,48898626904480336;0,29267604734357283;0,27326612547450013;13,556847349438142;2,3972345986458183;13,618224633481852;
2000;20,482298142460735;0,597406200023475;0,4100884060145333;0,29256434516870866;0,25985849379279957;9,887170731038434;2,110716948771896;10,168450889190728;
2500;20,275217823375446;0,5919337208362029;0,3946498461894176;0,29254963542335877;0,24867423772781805;5,408983430402451;1,901117987078207;6,444379981935576;
3000;20,05324835165857;0,5886067303444157;0,3915347548643108;0,2925048226810654;0,23919416607651114;2,891926115925456;1,6669901091836932;3,2675421076893025;
3500;19,807771529151367;0,582050273749351;0,3904169376707198;0,29247398264516633;0,23685274887835603;1,7662412572795605;1,5848007017866639;1,9857243863255798;
4000;19,531313137073745;0,5814897953854866;0,3898819991059321;0,2924362978686112;0,23588563676251803;1,5830414058142381;1,5522855253544634;1,6049404312104787;
4500;19,240516786413092;0,5813186465212121;0,3893505227850978;0,2924336187837237;0,2356598089419984;1,542811516862601;1,5459440801292152;1,5413386259146258;
5000;18,92593511277487;0,5812452824117504;0,3891354350141508;0,2924220095930349;0,23551600226808916;1,5070056566111256;1,5346625246925116;1,5359407784468515;
6000;18,23470097449623;0,5810804785827132;0,3889895804363723;0,29241735541530384;0,23522947180710452;1,470081423249606;1,5270092006694682;1,5339724716629672;
7000;17,4326931843506;0,5810035692670253;0,3889321567614892;0,29241735541530384;0,23522947180710452;1,4668688544413846;1,526638605763136;1,5177684385706474;
8000;16,569539756134656;0,5809506168740368;0,38889370960854586;0,29241646661027265;0,23522947180710452;1,4666392405009112;1,5266297605749883;1,475865582650091;
9000;15,661766228206206;0,5809178776768442;0,3888727146384279;0,29241621437791226;0,23522947180710452;1,4666323140654327;1,5266297605749883;1,428263845575594;
10000;14,786364463841284;0,5808973181208702;0,3888702433358152;0,2924161233072284;0,23522947180710452;1,4666323140654327;1,5266297605749883;1,3937156785191411;
12000;13,164846147156622;0,5773192054120916;0,3888699939885229;0,2924159947360901;0,23522947180710452;1,4666323140654327;1,5266297605749883;1,3828133432170717;
14000;11,63982641951991;0,5721192633220266;0,3888699939885229;0,29241581476021383;0,23522947180710452;1,4666323140654327;1,5266297605749883;1,3765039597624138;
16000;10,358688084634673;0,5583338499850385;0,3888696852724237;0,2924111431100549;0,23522947180710452;1,4666323140654327;1,5266297605749883;1,3672267049733602;
18000;9,118441955183576;0,5466585069941904;0,38885736273994115;0,29240761365504747;0,23522947180710452;1,4666323140654327;1,5266297605749883;1,3164473301716102;
20000;8,114732362565919;0,5349966960424853;0,38885187853681386;0,29240167837110453;0,23522947180710452;1,4666323140654327;1,5266297605749883;1,2771574226955258;
25000;5,962391948382297;0,5220289265225516;0,38274759159144495;0,2863270906857597;0,23522947180710452;1,4666323140654327;1,5266297605749883;1,2041319213009414;
30000;4,447286815459638;0,5218122152280433;0,3803137180837656;0,2862990784445325;0,23522947180710452;1,4666323140654327;1,5266297605749883;1,1421441319659607;
35000;3,4373958277578316;0,5208860245164417;0,3761315865232538;0,2862988864998233;0,23522947180710452;1,4666323140654327;1,5266297605749883;1,1336871622467077;
40000;2,5630063723032004;0,49322813308555863;0,37612142614330957;0,28629043911997953;0,23522947180710452;1,4666323140654327;1,5266297605749883;1,0718689933371057;
45000;1,8790531288508572;0,46593797431768125;0,376109547046229;0,2849208095653753;0,23522947180710452;1,4666323140654327;1,5266297605749883;1,020250219190757;
50000;1,3479187582485315;0,46249617189948755;0,3761095381279218;0,27138559675825;0,23522947180710452;1,4666323140654327;1,5266297605749883;0,9632922855587981;
55000;0,974708340340066;0,46247126815880824;0,3761095381279218;0,25498441250673765;0,23522947180710452;1,4666323140654327;1,5266297605749883;0,9020221461181537;
60000;0,7923981966435512;0,44902433457090557;0,37109089366466397;0,25398578968795626;0,23522947180710452;1,4666323140654327;1,5266297605749883;0,841453961289057;
65000;0,6832584316821769;0,42787170884856124;0,361559389056003;0,25078137926882266;0,23522947180710452;1,4666323140654327;1,5266297605749883;0,8220802521505474;
70000;0,6394777783102462;0,4198607226520222;0,34692058097859124;0,2507748203044228;0,23522947180710452;1,4666323140654327;1,5266297605749883;0,8165699225763435;
75000;0,6186993063785273;0,4196323127443663;0,34394368589831265;0,23815939033049766;0,23522947180710452;1,4666323140654327;1,5266297605749883;0,7909056611897899;
80000;0,6075748615000235;0,41473369876576577;0,330759287989204;0,22437005116641898;0,23522947180710452;1,4666323140654327;1,5266297605749883;0,7372636247485522;
85000;0,6011959760981369;0,4090540965591443;0,3147036535048955;0,2208363887381256;0,23522947180710452;1,4666323140654327;1,5266297605749883;0,7343569798891957;
90000;0,5975907792402444;0,39028011119905615;0,30749723874266544;0,220785477402963;0,23522947180710452;1,4666323140654327;1,5266297605749883;0,7312542128336336;
95000;0,592785132614797;0,38549594262986353;0,2882198377820021;0,220785477402963;0,23522947180710452;1,4666323140654327;1,5266297605749883;0,7258912663837759;
100000;0,5885057208554544;0,3822918014561036;0,2866250165633503;0,220785477402963;0,23522947180710452;1,4666323140654327;1,5266297605749883;0,6993729527119362;

==========================================================
===> Melhores f(x) para cada execução:
execucao;AGEO2;AGEO3;AGEO4;AGEO9;AGEO2var;AGEO3var;AGEO4var;AGEO9var;
1;1,5017598495066906;0,0018422427591282542;0,0018422427591282542;0,0018422427591282542;0,0018422427591282542;1,7780214241432795;1,7780214241432795;0,013514718770601064;
2;0,005841561545732787;0,0018422427591282542;0,0018422427591282542;0,0018422427591282542;0,0018422427591282542;0,002074951645681722;0,0018422427591282542;1,5024231173096148;
3;0,0018422427591282542;0,0018422427591282542;0,0018422427591282542;0,0018422427591282542;0,0018422427591282542;1,6464096598758076;1,6464096598758076;1,5017606759690416;
4;1,3404328586315692;0,0018422427591282542;0,0018422427591282542;0,0018422427591282542;0,002074951645681722;1,646282232430682;1,646282232430682;1,501798637945953;
5;0,0075507499030926795;0,0018422427591282542;0,0018422427591282542;0,0018422427591282542;0,0018422427591282542;1,5017633967954573;1,5017633967954573;0,002074951645681722;
6;0,0022845021664927856;0,0018422427591282542;0,0018422427591282542;0,0018422427591282542;0,0018422427591282542;1,5017706752821347;1,5017706752821347;0,0022845021664927856;
7;0,0029815481581145775;0,0018422427591282542;0,0018422427591282542;0,0018422427591282542;0,0018422427591282542;0,0018422427591282542;0,0018422427591282542;0,07568371216988012;
8;1,6462438061174467;1,3415700060490394;1,3404318550231409;0,0018422427591282542;0,023405406650898186;1,646397069389927;1,646397069389927;0,0022845021664927856;
9;0,0018422427591282542;0,0018422427591282542;0,0018422427591282542;0,0018422427591282542;0,0018422427591282542;1,7780778064838891;1,7780778064838891;1,5017634790620882;
10;0,0036754150363513816;0,0018422427591282542;0,0018422427591282542;0,0018422427591282542;0,002074951645681722;1,5017738731591201;1,5017738731591201;1,501768255022352;
11;0,004369014435678054;0,0018422427591282542;0,0018422427591282542;0,0018422427591282542;0,0018422427591282542;1,4910518773116586;1,5017618612188883;1,8997686441453467;
12;1,7780268705248048;1,6464018523476014;1,6464018523476014;1,6462924961886252;1,6463392109711847;2,1201475978630917;2,1201475978630917;0,0026554112793419904;
13;0,0041502251570300075;0,0018422427591282542;0,0018422427591282542;0,0018422427591282542;0,0018422427591282542;1,646402956984094;1,646402956984094;0,002074951645681722;
14;0,0029815481581145775;0,0018422427591282542;0,0018422427591282542;0,0018422427591282542;0,0022845021664927856;1,5017685169018726;1,5017685169018726;0,0026554112793419904;
15;1,5017913488219818;0,0018422427591282542;0,0018422427591282542;0,0018422427591282542;0,0018422427591282542;2,1201340062142826;2,120130898619095;1,6462487642558479;
16;0,003799474734588415;0,0018422427591282542;0,0018422427591282542;0,0018422427591282542;0,0018422427591282542;0,005422486637279178;0,0018422427591282542;0,005422486637279178;
17;0,0022845021664927856;0,0018422427591282542;0,0018422427591282542;0,0018422427591282542;0,0018422427591282542;1,7780647963454506;1,7780647963454506;0,0018422427591282542;
18;0,0018422427591282542;0,0018422427591282542;0,0018422427591282542;0,0018422427591282542;0,0018422427591282542;1,5017634790620882;1,5017634790620882;0,0018422427591282542;
19;0,0018422427591282542;0,0018422427591282542;0,0018422427591282542;0,0018422427591282542;0,002074951645681722;1,7780195347108645;1,7780195347108645;1,646256450564799;
20;0,003799474734588415;0,0018422427591282542;0,0018422427591282542;0,0018422427591282542;0,0022845021664927856;1,5017770710328229;1,5017770710328229;2,013393759877424;
21;1,7780170126940753;1,5017615822197996;0,0018422427591282542;0,0018422427591282542;0,0018422427591282542;1,340437067088164;1,340437067088164;1,5017949226483438;
22;0,0028230650595801876;0,0018422427591282542;0,0018422427591282542;0,0018422427591282542;0,0018422427591282542;1,7780305154938816;1,7780305154938816;0,002074951645681722;
23;1,340434497607692;0,0018422427591282542;0,0018422427591282542;0,0018422427591282542;0,002074951645681722;1,64626602074366;1,64626602074366;0,002074951645681722;
24;2,120130898619095;1,7780080950123143;1,7780070357392823;1,6463392109711847;1,6463392109711847;1,8997700440229046;1,8997700440229046;1,5017685169018726;
25;0,0022845021664927856;0,0018422427591282542;0,0018422427591282542;0,0018422427591282542;0,0022845021664927856;1,6464333132891653;1,6464333132891653;0,8048037085441884;
26;0,0029815481581145775;0,0018422427591282542;0,0018422427591282542;0,0018422427591282542;0,0022845021664927856;0,005245994427728107;1,5017781096939125;1,5018351610109555;
27;0,0026554112793419904;0,0018422427591282542;0,0018422427591282542;0,0018422427591282542;0,0018422427591282542;1,5017780202648972;1,5017780202648972;1,3470156973979925;
28;1,5017588496155092;1,5017588496155092;1,5017607603636698;1,6462338792730762;1,6462344778584672;0,0026554112793419904;0,0026554112793419904;0,0026554112793419904;
29;0,0029815481581145775;0,0018422427591282542;0,0018422427591282542;0,0018422427591282542;0,0018422427591282542;2,013336312913353;2,013336312913353;1,3408033277750384;
30;1,6463866151929665;1,6462344778584672;1,6462338792730762;1,6462338792730762;1,5785323567737422;0,0024767432856656058;0,0024767432856656058;1,340450890452086;
31;0,005422486240412638;0,0018422427591282542;0,0018422427591282542;0,0018422427591282542;0,0018422427591282542;1,7780214241432795;1,7780214241432795;0,0018422427591282542;
32;1,6465354276957633;1,5017607603636698;0,0018422427591282542;0,0018422427591282542;0,0018422427591282542;1,778017589949485;1,778017589949485;1,7780776847849644;
33;1,7780174022030373;1,6464348142214256;1,5017615822197996;0,0018422427591282542;0,0492864711000891;1,6462771953865882;1,6462771953865882;0,002074951645681722;
34;1,3407896319288888;0,0018422427591282542;0,0018422427591282542;0,0018422427591282542;0,0018422427591282542;1,340435470844092;1,340435470844092;0,002074951645681722;
35;0,003919747742624935;0,0018422427591282542;0,0018422427591282542;0,0018422427591282542;0,002074951645681722;1,3407952280277122;1,3407952280277122;0,002074951645681722;
36;0,0018422427591282542;0,0018422427591282542;0,0018422427591282542;0,0018422427591282542;0,0018422427591282542;1,7780214241432795;1,7780214241432795;1,340437067088164;
37;0,0018422427591282542;0,0018422427591282542;0,0018422427591282542;0,0018422427591282542;0,513495137071633;1,6468549813027131;1,6468549813027131;0,0022845021664927856;
38;0,0028230650595801876;0,0018422427591282542;0,0018422427591282542;0,0018422427591282542;0,0018422427591282542;1,7781123214251515;1,7781123214251515;1,3404395859049743;
39;1,8997644271816831;1,7780170126940753;1,692650372960987;1,6926096252665523;1,8654807736023535;1,778045112785584;1,778045112785584;1,6462596765296347;
40;0,0018422427591282542;0,0018422427591282542;0,0018422427591282542;0,0018422427591282542;0,002074951645681722;0,005334933925176699;1,5017812205894252;1,5018319619691702;
41;0,003799474734588415;0,0018422427591282542;0,0018422427591282542;0,0018422427591282542;0,0018422427591282542;2,0133337387657697;2,0133337387657697;1,5017665939429499;
42;1,3407804493553002;0,0018422427591282542;0,0018422427591282542;0,0018422427591282542;0,0018422427591282542;1,7780284035279514;1,7780284035279514;0,0018422427591282542;
43;0,005245994030861567;0,0018422427591282542;0,0018422427591282542;0,0018422427591282542;0,0018422427591282542;1,5017665939429463;1,5017665939429463;0,014947307330039905;
44;2,013327143950395;1,8604420758430926;1,6464789787224525;1,3415700060490394;1,3424918810950643;1,8997838690757902;1,8997838690757902;0,0024767432856656058;
45;0,0018422427591282542;0,0018422427591282542;0,0018422427591282542;0,0018422427591282542;0,002074951645681722;1,3404383667017932;1,3404383667017932;0,002074951645681722;
46;1,6464348142214256;1,5017615822197996;1,5017598495066942;1,3407783344840816;1,3407783344840816;1,8997812110238144;1,8997812110238144;0,0026554112793419904;
47;0,0018422427591282542;0,0018422427591282542;0,0018422427591282542;0,0018422427591282542;0,002074951645681722;2,1201382756790963;2,1201382756790963;1,64625794702388;
48;0,003799474734588415;0,0018422427591282542;0,0018422427591282542;0,0018422427591282542;0,0018422427591282542;1,8997855982215235;1,8997855982215235;0,0022845021664927856;
49;1,5017588496155092;1,3404337395135109;0,002074951645681722;0,0018422427591282542;0,002074951645681722;2,221483547051829;2,221483547051829;0,002074951645681722;
50;0,0024767432856656058;0,0018422427591282542;0,0018422427591282542;0,0018422427591282542;0,033379444562086746;1,5017653195107137;1,5017653195107137;0,002074951645681722;






============================================================================
Função: Beale
============================================================================
parameter;AGEO2;AGEO3;AGEO4;AGEO9;AGEO2var;AGEO3var;AGEO4var;AGEO9var;
meanNFE;100023;100023;100023;100023;100023;100023;100023;100023;
meanFX;0,00014227267705267877;0,00022846664034713475;0,0003227160273691003;0,00013745923981560378;0,6711916975325789;0,2938689876148568;0,31810476134164595;0,00027504569840118673;
sdFX;0,00029431237089350544;0,000708220806223686;0,0005790231334992612;0,00040418423098493537;1,4775299013323726;0,983245505031759;1,4797336113829054;0,00041940786899824343;
==========================================================
===> f(x) médio para cada NFE:
NFE;AGEO2;AGEO3;AGEO4;AGEO9;AGEO2var;AGEO3var;AGEO4var;AGEO9var;
500;1,311986864976602;0,9579834658550549;0,607738929898727;0,873299936264083;1,0918206990485861;0,506214755090634;0,401975390435809;0,12306270285540073;
1000;0,7821362139856514;0,5303667446943008;0,5400966605106173;0,6888568672940846;0,7505791027234843;0,4012542090732218;0,38516689656041636;0,09413490241770976;
1500;0,6775766133236797;0,41281856006108875;0,4182859361020526;0,5314702338191067;0,7191280751896966;0,36409279221021984;0,3500352473756695;0,07412683540482284;
2000;0,5609597473355045;0,3634093841870958;0,371880704035771;0,41681775026769224;0,6902645395701488;0,34068318745466697;0,3283285118244313;0,05268404972619801;
2500;0,4310043896672137;0,33941278716947015;0,3462619709290526;0,33635311109859634;0,6766199270714973;0,3359316072816165;0,32787905362529285;0,04431084014904326;
3000;0,3497973370118996;0,2682019003697052;0,28207100293552556;0,32725173329294305;0,6766199270714973;0,3148569761561151;0,32707431358938316;0,03292429332179822;
3500;0,3313698934470507;0,25429094531783797;0,22356213759080742;0,3055031039897082;0,6763674352004216;0,30653226213899953;0,32549322942450226;0,028388977789022326;
4000;0,32534644503407734;0,24474375481775046;0,21183022540419766;0,2960858401151839;0,672940778746795;0,3021205329758025;0,32540914440491014;0,027865078647123055;
4500;0,27109851288362924;0,2447289236112951;0,1968162093866552;0,271371007670095;0,672940778746795;0,30194395200667007;0,32524272057964204;0,026286931986256642;
5000;0,2504671660587843;0,19106652925892376;0,18785575655591738;0,270439152368142;0,6718446372031285;0,2974251810934714;0,32524272057964204;0,025348633676016634;
6000;0,20906097892449593;0,16940227598685487;0,16337882139407203;0,23650815838192873;0,6712537835032889;0,29709673040070245;0,32071980883451223;0,02435346656858471;
7000;0,1802980180682515;0,16755070405914058;0,1549086331900008;0,22107324999701203;0,6712537835032889;0,29548016367950775;0,3202851514946914;0,022618509187572758;
8000;0,1600712372818794;0,15805226971549635;0,15023286590641263;0,1909747086668653;0,6712537835032889;0,29538648103459886;0,32026641273787965;0,02127293093079498;
9000;0,1297326857067778;0,13762646253731534;0,13221693794909686;0,15233687516200228;0,6712537835032889;0,29518567582183586;0,32026641273787965;0,01921111231564447;
10000;0,11377603997012907;0,1269632656857433;0,0978627793808114;0,1234487299359215;0,6712537835032889;0,29480929491887925;0,3189825088642708;0,003625289148765733;
12000;0,08716712842426405;0,08008874952499882;0,06637026736136464;0,10219311396937539;0,6712537835032889;0,2947741005818496;0,3189682527785027;0,0030710967643013043;
14000;0,06341503411760961;0,048050037883854355;0,06187063422818964;0,08517571997312887;0,6711916975325789;0,2945951129482844;0,31871613268294413;0,0029099070009109647;
16000;0,05635485222190912;0,04758476489038507;0,03146578746668734;0,07352666940983252;0,6711916975325789;0,2945922034859228;0,3185588577033492;0,0016337058925374082;
18000;0,036784320713602534;0,04716868930170122;0,023738364679278128;0,06626872675851002;0,6711916975325789;0,29405996485777935;0,3185588577033492;0,0016292289820314771;
20000;0,0360238601777461;0,023984990103860827;0,023597992237816477;0,06143915098328254;0,6711916975325789;0,29405996485777935;0,3185588577033492;0,0016185608237519;
25000;0,017120107597649037;0,017081630593877028;0,009586803978521805;0,030479087489588153;0,6711916975325789;0,29405996485777935;0,3185588577033492;0,0012683448751465262;
30000;0,0030048701738629507;0,003179307983547864;0,009338602866612386;0,008231168765535857;0,6711916975325789;0,2940512861485008;0,3185105783384955;0,0010405002223887907;
35000;0,00200439677351221;0,0030335632675392073;0,0037466265848411944;0,003363240999000015;0,6711916975325789;0,2940512861485008;0,31843440804097745;0,0007457459154352469;
40000;0,0012427085215507153;0,0025996742382962124;0,0029771343054335524;0,0025833629118607367;0,6711916975325789;0,2938926160184987;0,31843440804097745;0,0006801712688017009;
45000;0,0010799010314053966;0,0020281118162585234;0,0025913577115550144;0,0023456334544444037;0,6711916975325789;0,2938871775072693;0,31839903754350335;0,0006381838056112964;
50000;0,0007930266406798271;0,001324587872052934;0,0022904899594790975;0,0009776480833316114;0,6711916975325789;0,2938871775072693;0,31837316429195717;0,0005098413700643538;
55000;0,0004305096364145463;0,0010016464083758042;0,0017253089709450822;0,0006925126680169577;0,6711916975325789;0,2938871775072693;0,31831472777010217;0,0004983993814078958;
60000;0,0003659645070179132;0,0008651877350096934;0,0014624201409573372;0,0004284642011394398;0,6711916975325789;0,2938871775072693;0,3182772992890914;0,00042214731905022775;
65000;0,0002263814649299955;0,0006815704056117112;0,0014280593871389212;0,00038665951000544827;0,6711916975325789;0,2938871775072693;0,31813418081143086;0,0003712114636500783;
70000;0,0002263814649299955;0,0004917295291432804;0,0010897647160765655;0,0003175513415617756;0,6711916975325789;0,2938871775072693;0,3181312470952059;0,00034947011924503756;
75000;0,0001918075634545353;0,00036777574443645094;0,0009189926428520578;0,0002825683607257647;0,6711916975325789;0,2938871775072693;0,31810476134164595;0,0003299283388402646;
80000;0,0001741652938157983;0,00027502387041421694;0,0009189926428520578;0,00023397398305480266;0,6711916975325789;0,2938871775072693;0,31810476134164595;0,0003299283388402646;
85000;0,0001644752154820968;0,0002446976057788312;0,0006016051029349115;0,00023362103521346552;0,6711916975325789;0,2938689876148568;0,31810476134164595;0,00031784053912905445;
90000;0,00015673796658790393;0,00024203398743979148;0,0005559842886124705;0,00022624648761532216;0,6711916975325789;0,2938689876148568;0,31810476134164595;0,0002865086346596614;
95000;0,00014842851346078337;0,00023065334410095293;0,0003232211861742626;0,00022320479576877646;0,6711916975325789;0,2938689876148568;0,31810476134164595;0,0002865086346596614;
100000;0,00014227267705267877;0,00022846664034713475;0,0003227160273691003;0,00013745923981560378;0,6711916975325789;0,2938689876148568;0,31810476134164595;0,00027504569840118673;

==========================================================
===> Melhores f(x) para cada execução:
execucao;AGEO2;AGEO3;AGEO4;AGEO9;AGEO2var;AGEO3var;AGEO4var;AGEO9var;
1;0,0008542769433329556;7,475136007207091E-06;0,00037568813731209377;5,902142703587165E-06;0,01535798717694909;0,006963408508095591;0,0014004726009497195;0,000806000905231758;
2;0,0001617563368718918;0,0003874562938047595;5,902142703587165E-06;9,242884663855994E-05;1,0193929892160625;0,0001617563368718918;0,0001617563368718918;0,00018000323680754553;
3;0,0001617563368718918;0,0001617563368718918;0,0015964480116725662;2,354953477044512E-05;0,018189219694578013;0,015431809948259902;0,0016011441643551142;0,00040669521381572836;
4;0,0003874562938047595;1,1426409595611963E-06;0,0023477745500458443;9,671744544606985E-06;2,528918677914189;6,754919968321065;9,65369800968952;3,4969428987997025E-05;
5;7,475136007207091E-06;9,317427970502291E-07;2,1634927710220337E-06;9,242884663855994E-05;0,6584230445960345;0,021657107187128058;0,0008066916616716639;0,0013724860768691948;
6;0,0001617563368718918;7,475136007207091E-06;0,001294319782186532;2,1634927710220337E-06;0,001106762938026546;0,0011867460860387712;0,015486000569953435;0,000522073215632129;
7;2,1634927710220337E-06;0,0001617563368718918;0,0001617563368718918;9,317427970502291E-07;0,22244436997858963;0,22244436997858963;0,005366245322552827;4,30219947723692E-05;
8;1,4143812631312847E-05;0,0001617563368718918;0,0001617563368718918;7,475136007207091E-06;0,007002709747592735;0,007002709747592735;0,14183058854378527;3,8179415618887784E-05;
9;5,5694998481310944E-05;0,0001617563368718918;0,00016395197222536547;5,902142703587165E-06;0,07452275475009826;0,06243214272488547;0,003067779194798691;0,0001062995544136965;
10;1,8728913897592613E-05;2,354953477044512E-05;9,317427970502291E-07;9,242884663855994E-05;0,015295768431531992;0,001046631039137848;0,009142535460461239;0,00039756619624476097;
11;0,0001617563368718918;5,902142703587165E-06;9,242884663855994E-05;9,317427970502291E-07;0,07510166827522896;0,06049846503662579;0,06049846503662579;9,317427970502291E-07;
12;0,0001617563368718918;9,317427970502291E-07;5,902142703587165E-06;0,000290385861295924;0,029854746232021213;0,007009314975723977;2,6498772408950856E-05;1,1426409595611963E-06;
13;6,928163829161841E-06;2,1634927710220337E-06;0,0001617563368718918;3,746925133348242E-05;0,658528319599909;0,658528319599909;0,004975990866745725;9,317427970502291E-07;
14;9,355554833393201E-07;8,737639512835192E-05;0,0001617563368718918;5,902142703587165E-06;0,6577138905853737;0,2270184696516533;0,06584005215231373;0,00017848941856192732;
15;0,0003874562938047595;0,0001617563368718918;3,51611597396455E-06;0,0001617563368718918;0,001319577722444647;0,00041008310182109376;0,001106762938026546;0,0003791445590296267;
16;9,242884663855994E-05;7,475136007207091E-06;6,928163829161841E-06;9,355554833393201E-07;0,9334199818414379;0,7064402628079264;0,021547002938406605;9,66266915736605E-05;
17;7,475136007207091E-06;0,0001617563368718918;8,612007920593646E-05;0,0001617563368718918;0,1626417834096669;0,013070895687112428;0,010820333829520617;9,355554833393201E-07;
18;7,475136007207091E-06;9,317427970502291E-07;9,242884663855994E-05;5,902142703587165E-06;0,009074653264950876;0,0006968473300266187;0,007915711081143023;0,00023997843302589497;
19;6,306989559565603E-05;9,355554833393201E-07;3,5762918864329115E-05;0,0003874562938047595;0,766676818085539;0,6577672263701401;0,006911148168053472;4,30219947723692E-05;
20;0,0001617563368718918;0,0006065487111097442;0,0001617563368718918;1,1426409595611963E-06;9,845243535695712;1,619294343628528;4,2962020680024615;2,1634927710220337E-06;
21;0,0001617563368718918;5,242114918098313E-05;1,698093320868849E-05;2,354953477044512E-05;0,6583250159772116;0,12096687350171885;0,037862822125797835;0,00023062157749153232;
22;3,5762918864329115E-05;2,354953477044512E-05;9,242884663855994E-05;0,00037568813731209377;0,22244364852383994;0,006741641019837418;0,01535798717694909;0,001294319782186532;
23;9,355554833393201E-07;9,242884663855994E-05;5,902142703587165E-06;0,00016395197222536547;0,027009497603415172;0,00039756619624476097;0,0002508803849972968;8,010811403840696E-06;
24;0,0018368490895316115;0,001294319782186532;2,354953477044512E-05;1,1426409595611963E-06;1,662745575354232;0,5034759899971362;0,015431809948259902;0,00013388696182979628;
25;0,00037568813731209377;0,002104028442201555;0,0003874562938047595;0,00020211821903512136;0,6584230445960345;0,010644922088683124;0,002689763653604753;7,475136007207091E-06;
26;5,902142703587165E-06;9,355554833393201E-07;0,002104028442201555;0,0001617563368718918;1,1563094793214173;0,015978543294123987;0,0005443034342967254;3,378241508701319E-05;
27;2,4599950640568122E-05;9,317427970502291E-07;7,475136007207091E-06;5,902142703587165E-06;0,015295768431531992;0,0038926318001961807;0,002542777338559333;3,790299736490265E-05;
28;0,0001617563368718918;5,902142703587165E-06;0,00012098728595168865;9,317427970502291E-07;0,6584230445960345;0,03870599599010839;0,03928355143233904;7,227838520011966E-05;
29;0,0001617563368718918;1,4143812631312847E-05;0,001294319782186532;0,0001617563368718918;2,575036690498775;0,658528319599909;0,010545823388546146;0,0004478776735293462;
30;7,475136007207091E-06;1,9221062211278526E-05;7,475136007207091E-06;0,00017003427220392027;0,6577672263701401;0,036019997007709345;0,020552169732332363;3,790299736490265E-05;
31;2,1634927710220337E-06;1,9221062211278526E-05;9,317427970502291E-07;0,0001617563368718918;0,01662166764867743;0,007065659052096212;0,0006884340176846872;0,0006035422315949376;
32;0,00016395197222536547;5,902142703587165E-06;0,001294319782186532;1,8728913897592613E-05;0,007136325110346671;0,0011068359521587598;4,30219947723692E-05;3,171433157509815E-05;
33;7,475136007207091E-06;0,00016395197222536547;5,902142703587165E-06;1,1426409595611963E-06;0,010293079703846587;0,007136325110346671;0,0024184896584584096;0,0004640692228978032;
34;7,475136007207091E-06;1,9846976254766896E-05;3,746925133348242E-05;2,354953477044512E-05;0,6577138905853737;0,04988566696158962;0,04988566696158962;6,305574535193433E-05;
35;5,902142703587165E-06;9,242884663855994E-05;9,317427970502291E-07;0,0001617563368718918;0,22657885207150144;0,0006403064115672456;0,0007473024553793091;3,693632167123932E-05;
36;0,0001617563368718918;0,0001617563368718918;0,0003874562938047595;5,902142703587165E-06;0,0006885604750969278;0,0006885604750969278;0,00020787512121677593;0,00011750823992092365;
37;0,00012098728595168865;5,902142703587165E-06;5,902142703587165E-06;0,0001617563368718918;2,6299869052595164;0,22250570471465844;0,04098638965131079;7,388258333953509E-05;
38;5,902142703587165E-06;0,0001617563368718918;0,0001617563368718918;0,0002693874653789914;0,22657885207150144;0,06836732442030666;0,061683533297419366;0,00010249291622007403;
39;2,354953477044512E-05;9,355554833393201E-07;9,317427970502291E-07;2,1634927710220337E-06;0,22244364852383994;0,0018229994527898636;0,0018229994527898636;0,0004969746794306717;
40;1,698093320868849E-05;5,902142703587165E-06;3,5762918864329115E-05;0,0028509740049096136;0,02735423852432168;0,0018368490895316115;0,00034184201196870524;0,00010249291622007403;
41;5,902142703587165E-06;0,0001446588188388318;0,001294319782186532;8,356661392220401E-05;0,010932014325082399;0,00039924999360057385;0,00039924999360057385;0,00010249291622007403;
42;5,902142703587165E-06;4,3374292105437605E-05;0,00012098728595168865;1,9221062211278526E-05;0,6577420664430833;0,02735423852432168;0,00032152376824208116;5,902142703587165E-06;
43;6,928163829161841E-06;3,8179415618887784E-05;7,475136007207091E-06;3,5762918864329115E-05;0,6584230445960345;0,007136325110346671;0,001636257817824183;0,0001617563368718918;
44;0,0005952215615790258;9,317427970502291E-07;6,928163829161841E-06;0,00012098728595168865;0,29938776631777364;0,6577138905853737;0,01993198136590002;4,30219947723692E-05;
45;5,955289792083155E-05;0,0001617563368718918;8,010811403840696E-06;5,902142703587165E-06;0,22817963322163468;0,046138897921370305;0,007065659052096212;0,00016344736614349616;
46;3,5762918864329115E-05;5,902142703587165E-06;0,001294319782186532;0,0001617563368718918;0,0007473024553793091;0,0005456707612643036;0,7056035077550746;0,00016344736614349616;
47;2,1634927710220337E-06;0,0001617563368718918;7,475136007207091E-06;7,475136007207091E-06;0,021536230927185027;0,004932193182783219;0,0018530856300471316;0,0018530856300471316;
48;2,315035230701467E-05;5,902142703587165E-06;0,0001617563368718918;0,00012098728595168865;0,9019559798582173;0,2698117345208498;0,3320272522516077;0,0002567238276614038;
49;5,242114918098313E-05;7,475136007207091E-06;0,0001617563368718918;5,902142703587165E-06;0,10485352348592739;0,8314677009946908;0,22250570471465844;0,00016395197222536547;
50;0,0001617563368718918;0,004497076642990932;0,0001617563368718918;9,317427970502291E-07;0,6584230445960345;0,04755988894529337;0,0016011441643551142;0,0015910659314174625;



Execution Time: 2922367 ms
