




============================================================================
Função: Griewangk
============================================================================
parameter;GEOreal2_P_VO;GEOreal2_N_VO;GEOreal2_P_DS;GEOreal2_N_DS;GEOreal2_P_VO_UNI;GEOreal2_N_VO_UNI;GEOreal2_P_DS_UNI;GEOreal2_N_DS_UNI;
meanNFE;100068;100000;100068;100000;100068;100000;100068;100000;
meanFX;0,00487429687147326;0,0840275633388316;0,0030766524421601037;0,0039836583686504575;0,006402283792782666;0,038655258351816234;0,0021697280233128045;0,005505911367992195;
sdFX;0,008130640267194848;0,23523274402036304;0,005701402791113122;0,004904463481230566;0,009694837777067727;0,07019742479930999;0,00412126116999518;0,005853022959595703;
==========================================================
===> f(x) médio para cada NFE:
NFE;GEOreal2_P_VO;GEOreal2_N_VO;GEOreal2_P_DS;GEOreal2_N_DS;GEOreal2_P_VO_UNI;GEOreal2_N_VO_UNI;GEOreal2_P_DS_UNI;GEOreal2_N_DS_UNI;
500;264,70471201992774;296,0187362858277;84,98873880769122;281,44381302518303;265,36150427735697;295,31791297267915;88,47661678148422;280,8443789877081;
1000;224,86965936836216;279,89329789766833;14,372706108371101;252,3861473327879;224,64856217708902;279,3036091419376;14,884316621935318;252,48603150266771;
1500;186,886653748957;265,26411772075363;2,557261523429899;225,83411200641612;188,91429724567686;264,1948347122763;1,9405363275909024;226,25253873276378;
2000;154,61771860540472;250,98192725576303;0,7466437764879494;201,3306007618334;156,1437944824146;249,89468815559619;0,5555185017497599;201,06843436826964;
2500;127,278400521401;237,03234479003814;0,2570405739886075;177,9207003272743;128,3716467821064;236,47963830035417;0,23314182693789198;178,41637014725364;
3000;103,39965392477733;223,06431297978625;0,11155368548128396;156,4887267971036;103,03006631387647;222,55244719639302;0,13244150970308766;157,25807034050356;
3500;82,44940028285394;210,31545195142346;0,08077284666772482;136,64425502341396;81,99907841663176;210,0819252454376;0,08929647723053918;138,14375479245157;
4000;61,63441878282316;198,1250402626004;0,07054058486098247;119,54244731178883;62,086591021123915;197,69451505134458;0,07136503302605163;120,63492249167128;
4500;46,77226656063506;186,06137545745955;0,05825084995845797;103,40335662094884;47,60760708711816;186,09537725051987;0,06710986260908135;105,03843313919572;
5000;34,15193854122859;174,8355478885591;0,052132747808450654;88,78658956096119;35,46645730793699;174,607674845654;0,050676934961375465;90,35705264775169;
6000;17,365443252268363;152,9117127247619;0,047109092218581214;64,61920028179087;18,557893570509865;152,72274581298313;0,04575038339255686;64,22670417495448;
7000;7,631432771301749;133,51928545165936;0,043109777167948726;46,017566523547295;7,712616824398842;133,53775878870368;0,04276412885132471;45,09065314087503;
8000;3,080866814981854;115,55881746158946;0,03652553806351404;30,528316449260974;2,9843331592908724;115,09890104466824;0,03681606886150351;30,538628030688542;
9000;1,267568796770138;100,0697208077348;0,035542592747108276;19,208191999307857;1,2945691428148443;99,91211313388071;0,03479531650743316;20,06169408987293;
10000;0,47838819797988613;86,02274120552552;0,032581387585239326;11,690909866237043;0,6584741716766526;86,63193672929414;0,030653794106720946;12,154183160600414;
12000;0,16428810575198438;62,9877811694565;0,02655421131483724;4,835035130142252;0,2240936208534697;62,6663718560874;0,028811049333374507;4,525878115915343;
14000;0,07341582447039684;45,90670110936663;0,02431411291957833;1,9591840261317612;0,10294066131565549;45,32024396808581;0,024725298004647824;1,6140452719199372;
16000;0,037476893586797906;35,35249122792497;0,020519045837654785;0,7235954987328611;0,05608918173286059;33,98600294700574;0,022915412430422732;0,8151350578767189;
18000;0,034863761563501426;27,936132626399207;0,018186005321614258;0,3366290751025823;0,04042666734987844;25,40649951170632;0,020354360301336902;0,3128599640788768;
20000;0,033529971911927914;21,81677196599881;0,016239978356405706;0,19355913476350217;0,03653594389808183;19,67254066907225;0,01773158046703192;0,13567535418338836;
25000;0,02819274778058697;12,266455623566921;0,011912836177513517;0,05055219920076144;0,032953920951203176;11,725947803651106;0,01534800019001449;0,03281782776529056;
30000;0,025492393504956933;7,974944137573042;0,010202799233548023;0,023954360884182173;0,02664140072599976;7,355918938976088;0,012311569325814658;0,022198194357855777;
35000;0,023249789654429535;5,367472997249334;0,009970380141810484;0,017928822855238887;0,01931269353932694;4,995867060667867;0,010992127608051263;0,019243119439226252;
40000;0,018307142473629787;3,6887592365922104;0,009933150102486703;0,014585707399520823;0,017787567683473657;3,210661949638768;0,009994924156035936;0,016694130656423188;
45000;0,014866032046880253;2,750988429074496;0,008646010589087465;0,011553098173528821;0,015954546727561882;2,170065183146925;0,009364106564686874;0,01483964502237793;
50000;0,012017950048862332;2,0013124396521884;0,007589498801597445;0,009753810857787457;0,015011468005270787;1,4281034974662565;0,007574920686588629;0,013368425168894683;
55000;0,01176375264679753;1,4092988875908334;0,006745598148184071;0,008863660300428596;0,01388011936700548;1,0090187345578776;0,007309618315957063;0,01186769743314619;
60000;0,01122366862789743;1,0629454334837944;0,0061893008499626445;0,007531976751147977;0,012111647539880444;0,6824429380724838;0,00673608309336897;0,010551060506990267;
65000;0,010730517397827077;0,7563994106577906;0,005260894965650254;0,006960930711104876;0,009342778652938666;0,49497792411602326;0,004727719585330689;0,010100423123799869;
70000;0,009844399958672088;0,5043448619697319;0,004854500942691154;0,00583432715092993;0,008963346902669539;0,32720502307768307;0,003961417748728347;0,009149196272276455;
75000;0,008959196419566398;0,37074138532425976;0,004437280624538069;0,0051298588336718565;0,008618224979805113;0,2270289033138544;0,003638260919601244;0,00774031202730268;
80000;0,008369785037652074;0,2600498313679004;0,0039000716349967446;0,004885323435206106;0,007929787748535826;0,13754783589099517;0,0032548685639537255;0,00737153888579184;
85000;0,007793007647486678;0,19682979824967498;0,003343909563123697;0,004741494396047961;0,006933010416392453;0,11074206216158348;0,0030940898462277545;0,007199600507099402;
90000;0,0068858282377459055;0,14506185139764596;0,0033169276603127783;0,004500963201796711;0,006648607825266106;0,08998862032809793;0,0027252420962384583;0,0065712054714000545;
95000;0,005022928632072556;0,104941856880584;0,003138235362829518;0,004500963201796711;0,006402285280471726;0,061616852719420946;0,0022998958571172757;0,0056815031117415996;
100000;0,00487429687147326;0,0840275633388316;0,0030766524421601037;0,0039836583686504575;0,006402283792782666;0,038695787448563744;0,0021697280233128045;0,005505911367992195;

==========================================================
===> Melhores f(x) para cada execução:
execucao;GEOreal2_P_VO;GEOreal2_N_VO;GEOreal2_P_DS;GEOreal2_N_DS;GEOreal2_P_VO_UNI;GEOreal2_N_VO_UNI;GEOreal2_P_DS_UNI;GEOreal2_N_DS_UNI;
1;1,0965661711992425E-10;0,04604220810190862;0,001705274229323095;0,0010603405078867256;2,9916735755364243E-11;0,010321151625720781;0,008286382462450281;0,0007933394515092784;
2;2,2823081510248144E-06;0,003484759029330098;0,0007499499955818667;0,013958080911875448;0,017236111921147712;0,022591838504451123;0,00024261381408963167;0,0005029306950401491;
3;0,022156144014713886;0,036626177221287914;0,00023320057394682348;0,006749875790891036;0,007396040335315379;0,31810678149870086;0,0004445500293344118;0,012028975351323412;
4;1,9554913244235195E-11;0,014206485079097497;0,03305294083767518;0,00047326825570992437;6,236211547161474E-11;0,0025098302577354348;0,010869198030213911;0,01401470730046439;
5;7,096069543077732E-08;0,019805889822748224;0,011230799455459684;0,0011929709042585168;0,014779786101847603;0,005517635191691683;0,003914160387889165;0,011491407055068348;
6;0,007396040486261968;0,0034277075183769545;0,00044276352646832606;0,007254586384933592;6,764506732537257E-10;0,002937111474627385;0,0005029265055114251;0,0004411038860002714;
7;1,0777500003555929E-09;0,009833948692130168;0,0004906658869962;0,00043993266971775746;3,4811171999438173E-06;0,03841678455439568;0,007790842841899015;0,00072400894360658;
8;5,472346797930072E-09;0,003388773498997799;0,004291067774872426;0,00999667512901492;0,019677734589539364;0,010774213677123279;0,0003509345585133161;0,00882521691090632;
9;1,0772049918728044E-11;0,01365912923935464;0,00046945004511822486;0,00022548456500437464;3,699851536254073E-11;0,007909464732668292;0,0004460082179025271;0,00194426570926165;
10;0,02212673344074012;0,04520280457118553;0,00038782116316904425;0,0002752446221276905;0,014772407727928205;0,02070143602825192;0,0004273927665203736;0,00020150704352039917;
11;0,02459048822229848;0,002372588435779921;0,01043841607837015;0,0010485386073703085;3,449985126591226E-05;0,017011665178663926;0,0003881995970256291;0,0018984476869751132;
12;5,711807693487003E-10;0,015262127461152297;0,0010212971216588818;0,0022729292138983226;2,67813878210843E-05;0,014753994485285582;0,001549113145391079;0,0004613653990668265;
13;6,126987805998851E-12;0,013248421194006599;0,0003867221213449401;0,0006470871485247942;1,9628521030767843E-11;0,014376163428358568;0,0008377743645954228;0,00040135601355173467;
14;3,498921152811363E-10;0,0021046023305313355;0,0015983853437370188;0,001287587184689687;1,4080129395743768E-08;0,011805707175975955;0,00017531596926279036;0,018935371244801602;
15;1,0297076080689749E-08;0,012223834492298913;0,009991510090071598;0,009890491336074114;3,4123304182287484E-10;0,01092799535931277;0,0008636926906081532;0,0011617541502890738;
16;0,017241020947075913;0,036455303134623196;0,000832179234079411;0,018363780092586657;0,01477977681986542;0,03179618192313971;0,0010243471563067263;0,014544133365110179;
17;7,48756612267698E-12;0,093450588357333;0,00031862072649724293;0,007464086272958803;2,431670309555045E-09;0,05220086019557679;0,00022304811199558294;0,010724913557513704;
18;2,148592415096573E-11;0,0009151988062560124;0,0002879399203352673;0,00023530662807980107;0,007396040358437883;0,028850841138032712;0,0013066157527588107;0,012648924834429698;
19;9,574674386669813E-12;0,0037504712739130364;0,004616154457451449;0,0009598701086795947;1,2935541526815086E-11;0,026327857373706243;0,0005618898962943542;0,0007150453093022202;
20;1,5758017113398637E-10;0,00960000482069101;0,0005207190335421163;0,0005055380267773302;0,017226294559279487;0,0007739059555952332;0,0027275847880309234;0,00783455073606465;
21;2,1971950626920034E-05;0,2676397941737487;0,00041174589659398464;0,008023011514672773;0,02949824172098192;0,0022738332156541086;0,000282595567166255;0,015814087554706147;
22;5,0659587635948355E-11;0,001382211218371232;0,001117575795575032;0,0006190023045800075;1,449087516647296E-10;0,01603747856107518;0,000614049790397253;0,0004428442423568546;
23;0,00985730845393562;0,014170713007135904;0,0006476036701534849;0,0011306831654988025;1,7155209808272787E-08;0,015467578002373417;0,0005537668619266523;0,00032344534257933155;
24;8,479773994096718E-09;0,031332343542701424;0,0031648974133426933;0,00594574184901886;0,007396040394753167;0,14448848350190646;0,0009332447578125347;0,0152179610327845;
25;1,507687308333061E-10;0,015617123459753857;0,0008500307794674367;0,010229165953157482;0,0073960403570559885;0,003998942683388296;0,0016219687393647098;0,0005629794888608597;
26;6,355165282911912E-10;0,01250585022149564;0,00022473391427657585;0,0005833816356004551;0,0221414390707525;0,011258995325173493;0,000524664525269336;0,013664099040122002;
27;0,02215125113762839;0,02169222236687174;0,0003472443228964561;0,000174786324645404;1,1780965092356155E-10;0,005006834325788301;0,0005740382920202958;0,0007047735402579969;
28;8,793911154825196E-10;0,014569964175621286;0,0006573085192389527;0,00010221901913531894;0,0417719368931615;0,019305220826102976;0,0011220926046484614;0,0011477548889184952;
29;0,014772518603425655;0,03128119485703207;0,0002678094648281837;0,0007169794654203754;1,3616047622733163E-08;0,02150509020344915;0,0008036725029186842;0,0031395949641727094;
30;0,017226392840252847;0,004771531670832663;0,00040652638860494417;0,0006182728485417677;1,3663747910896973E-10;0,03529407881346969;0,0010538076401780394;0,0012536468648587373;
31;7,977651428348054E-09;0,9882604179382083;0,0007300564616570249;0,0005578308214191363;0,012316072536886158;0,2912644538101875;0,0004831529592119743;0,000795879104133923;
32;0,007396040338134124;0,038454256661570874;0,0005761748732957539;0,00012098093985535296;0,014779777041843523;0,029832334637862612;0,012782594560413751;0,0016869338927879562;
33;1,509381508668639E-11;0,0456718302253869;0,0006248659355828634;0,000840459664063764;0,012316074896735252;0,009259869337391313;0,000348022111075319;0,009170571112707693;
34;1,1147684997325769E-09;0,004515099678154555;0,00030867950610202755;0,010144051725168413;4,6846970747083105E-12;0,002109415753560051;0,00034102322469364843;0,002190123485186657;
35;0,009864679092821516;0,006828100234771317;0,00017001248044845596;0,0010304993752381364;2,813538291235318E-11;0,02217401963811605;0,00021264217086758297;0,015140133324255567;
36;6,583969131002121E-07;0,018280861783635416;0,015166070989207636;0,0004368709687820882;1,604427257717589E-08;0,014453732529938201;0,0006078307657613191;0,012637887266603975;
37;0,01723615023003011;0,005361938617012063;0,0038813531525208056;0,0005415285401139114;4,195015446128991E-10;0,024300640060048284;0,0005153854937590685;0,009266078561106172;
38;5,9270699459546E-11;0,021621356157365823;0,010908751339552158;0,0012296281656954955;1,3692391664932302E-10;0,009665663155721815;0,0009604543907584251;0,0035715502937652133;
39;5,1167958758924215E-12;0,014964640889344238;0,000511161107153546;0,0011467078177024304;3,1748825790600677E-11;0,01112345615689081;0,0010023558691111267;0,012333537028171415;
40;3,129384529287904E-10;1,304467459526112;0,007390186073766736;0,011444008123965843;4,5992099018121735E-12;0,05156421418035417;0,0005078459018573733;0,00020965101974668165;
41;9,82803838311952E-11;0,009315346893030041;0,006874997465773136;0,006807023569305293;1,660482862320123E-11;0,013123494740484354;0,0002456129899613968;0,0014215696091262053;
42;1,0660592741906783E-08;0,019352052702649725;0,010220646822640678;0,01080015275944679;0,009861752169631921;0,00426936133587863;0,0005624531776481367;0,0004967954070951297;
43;0,012320988894829465;0,0013538397503515265;0,0012988826767462713;0,0008294213762479741;3,2409852579462495E-11;0,002227171416218088;0,0006387258382517524;0,0005751879176780772;
44;0,017226293866765663;0,2192692188118741;0,0002421602680137136;0,0019926049581994176;9,526268662796156E-12;0,19602700496394843;0,0010698136655553636;0,0002728257337547557;
45;1,6816104064787396E-11;0,028328407563764757;0,0006398599426133966;0,00020075397209051715;0,007396040642191348;0,0028396634063742043;0,0013745031016080267;0,009026483307638777;
46;1,0240680974327177E-06;0,1844762779743574;0,0007167473925376866;0,014205336009236236;0,00010964049579043067;0,03754397870998438;0,0025252059385867387;0,012731184832713183;
47;2,5280501025903845E-09;0,4533659670610717;0,0005528330977356832;0,00720637326054796;1,3149825672797988E-10;0,22336181116551157;0,0010301539599462117;0,0018284068299778689;
48;0,02212673394936937;0,01219409377359748;0,000741603438359939;0,014229689935006173;6,266032137602906E-11;0,015384021327371267;0,0012415644457176578;0,0004602035431005014;
49;2,0110524356908854E-10;0,012890025759077717;0,00034412426283925157;0,0021409290548904947;0,02948112398366265;0,047073324500462754;0,007742970376143132;0,007754717921599874;
50;7,461709028433461E-11;0,01238300316567531;0,0007721010407817364;0,0008331489542168224;0,0123209888815351;0,0019173315471117114;0,023277597856416476;0,0011613366050369223;






============================================================================
Função: Rastringin
============================================================================
parameter;GEOreal2_P_VO;GEOreal2_N_VO;GEOreal2_P_DS;GEOreal2_N_DS;GEOreal2_P_VO_UNI;GEOreal2_N_VO_UNI;GEOreal2_P_DS_UNI;GEOreal2_N_DS_UNI;
meanNFE;100016;100016;100016;100016;100016;100016;100016;100016;
meanFX;0;0;0;0;2,842170943040401E-16;1,4210854715202004E-16;0;0;
sdFX;0;0;0;0;1,4065098506119783E-15;1,0048591735576156E-15;0;0;
==========================================================
===> f(x) médio para cada NFE:
NFE;GEOreal2_P_VO;GEOreal2_N_VO;GEOreal2_P_DS;GEOreal2_N_DS;GEOreal2_P_VO_UNI;GEOreal2_N_VO_UNI;GEOreal2_P_DS_UNI;GEOreal2_N_DS_UNI;
500;137,43664536286127;139,04614762895716;157,88624894009615;122,9388686431907;140,06501431233121;141,74647635139266;158,82199331926844;123,11116423327672;
1000;89,53746093187821;90,2970189912243;112,08661342085756;72,04696369088735;93,29856025225007;93,82407837850602;115,28742777256628;69,11190977411422;
1500;59,97138259549868;60,131087244754205;80,55722628282598;41,942248427598805;60,86465749867878;62,42696961587825;84,14793754758142;41,843537026198184;
2000;40,55749575592097;40,3453816254298;58,282697186579654;28,323959488706876;43,02338787882925;41,80847208887589;61,1241128228166;26,75012957924058;
2500;27,997412962115714;28,728556401354105;43,03813731756051;18,97541603452267;28,37151409232165;29,615460409743555;45,300607020780674;18,15597699194967;
3000;19,59850937229368;20,32262240056204;31,79584833631499;13,798842335927027;20,092318814852916;20,082312121306813;34,69649129922421;13,184104121522488;
3500;13,768837110683933;15,248687690560864;24,77821650355231;10,907255253240276;15,115732164309813;14,630918543725173;26,858534117405934;10,004164476865256;
4000;10,002274202047733;11,549897384660039;20,18850248113912;7,9963379107606265;10,709558903555003;11,078296595310592;21,18234171055733;8,085632680475403;
4500;7,453071461313532;8,430191236418224;15,76552475622634;6,508688957028531;8,193612452490239;8,325333173348263;16,916034044601282;6,231531544329864;
5000;5,7324507690993505;6,542237995176836;12,238071693402317;5,1547109280928884;6,601793915077569;6,549507497296739;12,835544254968521;5,077624578590808;
6000;3,878062366294904;3,887774150146721;7,711377713348213;3,5921075155895066;4,109094566321047;3,915541774523997;8,242688496647688;3,6590780580168736;
7000;2,631788651706405;2,5929644638651985;5,215404733985033;2,7293487757023227;2,5454873192468197;2,3403434301893444;5,701964119196444;2,522260915243738;
8000;1,8248920825574881;1,599425435396237;3,431647363795944;1,9036742448604835;1,8145523855592132;1,6721791302341285;4,2044444378737635;1,8548883793906823;
9000;1,3405023329972028;1,148616643602182;2,3736478957825744;1,6058076890856563;1,2220566395335704;1,104331055938465;3,0963344569481825;1,4147848038296473;
10000;0,875846022204191;0,8017331966007842;1,7659971534929992;1,2411371666181925;0,7754522183273016;0,7070822749584615;2,3131136565120842;0,989398904916939;
12000;0,29646762278439054;0,3099669840315205;0,9606599700436098;0,45497428143491914;0,367779510638794;0,430071476912604;1,4504838806678038;0,5665913959528139;
14000;0,18149949913230784;0,1908856561472824;0,6107642859592275;0,25086837828841296;0,16929143360981683;0,1744295817819429;0,8369695346782631;0,28629440788461435;
16000;0,10722453150127861;0,1182037838153579;0,30248176885410444;0,14548338380800233;0,08158304489840035;0,06166629156329421;0,5223747134218049;0,18205356645490098;
18000;0,04463256335427275;0,0608179869279985;0,218442910045938;0,11110238567680895;0,000351423795749497;0,02142456000335315;0,2807241384313724;0,10340570045471424;
20000;0,03934469131358753;0,04099402750757036;0,11844315193838312;0,08002168121768805;8,875159913657171E-07;0,0005704907036128759;0,13631911898347937;0,04622676026529021;
25000;0,00946863460936413;0,019710004090232332;0,05900339845942085;0,0005768628532590015;1,467981292080367E-13;1,310935715537198E-10;0,020248771261895514;0,019667628414433126;
30000;2,2383517261914675E-12;4,05917560897251E-09;0,01967124515739357;1,3777350318378012E-08;5,684341886080802E-15;5,684341886080802E-15;2,6546323837806086E-07;1,023319669002376E-09;
35000;4,6895820560166614E-15;1,4637180356658064E-14;1,1095776124392386E-05;3,694822225952521E-15;3,552713678800501E-15;3,126388037344441E-15;1,6896706256375183E-13;1,1937117960769683E-14;
40000;2,5579538487363606E-15;2,7000623958883807E-15;3,8191672047105385E-12;2,415845301584341E-15;3,268496584496461E-15;2,2737367544323206E-15;1,2789769243681803E-15;1,8474111129762605E-15;
45000;1,8474111129762605E-15;2,2737367544323206E-15;8,526512829121202E-16;1,2789769243681803E-15;2,415845301584341E-15;1,7053025658242404E-15;7,105427357601002E-16;1,5631940186722204E-15;
50000;1,4210854715202005E-15;1,1368683772161603E-15;5,684341886080802E-16;8,526512829121202E-16;1,2789769243681803E-15;1,1368683772161603E-15;2,842170943040401E-16;1,2789769243681803E-15;
55000;5,684341886080802E-16;8,526512829121202E-16;1,4210854715202004E-16;8,526512829121202E-16;5,684341886080802E-16;9,947598300641404E-16;1,4210854715202004E-16;4,263256414560601E-16;
60000;2,842170943040401E-16;2,842170943040401E-16;1,4210854715202004E-16;5,684341886080802E-16;4,263256414560601E-16;8,526512829121202E-16;0;1,4210854715202004E-16;
65000;2,842170943040401E-16;2,842170943040401E-16;0;1,4210854715202004E-16;2,842170943040401E-16;5,684341886080802E-16;0;1,4210854715202004E-16;
70000;2,842170943040401E-16;1,4210854715202004E-16;0;1,4210854715202004E-16;2,842170943040401E-16;2,842170943040401E-16;0;1,4210854715202004E-16;
75000;2,842170943040401E-16;0;0;1,4210854715202004E-16;2,842170943040401E-16;2,842170943040401E-16;0;1,4210854715202004E-16;
80000;2,842170943040401E-16;0;0;1,4210854715202004E-16;2,842170943040401E-16;2,842170943040401E-16;0;1,4210854715202004E-16;
85000;1,4210854715202004E-16;0;0;1,4210854715202004E-16;2,842170943040401E-16;2,842170943040401E-16;0;1,4210854715202004E-16;
90000;1,4210854715202004E-16;0;0;1,4210854715202004E-16;2,842170943040401E-16;1,4210854715202004E-16;0;1,4210854715202004E-16;
95000;1,4210854715202004E-16;0;0;0;2,842170943040401E-16;1,4210854715202004E-16;0;1,4210854715202004E-16;
100000;0;0;0;0;2,842170943040401E-16;1,4210854715202004E-16;0;0;

==========================================================
===> Melhores f(x) para cada execução:
execucao;GEOreal2_P_VO;GEOreal2_N_VO;GEOreal2_P_DS;GEOreal2_N_DS;GEOreal2_P_VO_UNI;GEOreal2_N_VO_UNI;GEOreal2_P_DS_UNI;GEOreal2_N_DS_UNI;
1;0;0;0;0;0;0;0;0;
2;0;0;0;0;0;0;0;0;
3;0;0;0;0;0;0;0;0;
4;0;0;0;0;0;0;0;0;
5;0;0;0;0;0;0;0;0;
6;0;0;0;0;0;0;0;0;
7;0;0;0;0;0;0;0;0;
8;0;0;0;0;0;0;0;0;
9;0;0;0;0;0;0;0;0;
10;0;0;0;0;0;0;0;0;
11;0;0;0;0;0;0;0;0;
12;0;0;0;0;0;0;0;0;
13;0;0;0;0;0;0;0;0;
14;0;0;0;0;0;0;0;0;
15;0;0;0;0;0;0;0;0;
16;0;0;0;0;0;0;0;0;
17;0;0;0;0;0;0;0;0;
18;0;0;0;0;0;0;0;0;
19;0;0;0;0;0;0;0;0;
20;0;0;0;0;0;0;0;0;
21;0;0;0;0;0;0;0;0;
22;0;0;0;0;0;0;0;0;
23;0;0;0;0;0;0;0;0;
24;0;0;0;0;0;0;0;0;
25;0;0;0;0;0;0;0;0;
26;0;0;0;0;0;0;0;0;
27;0;0;0;0;0;0;0;0;
28;0;0;0;0;0;0;0;0;
29;0;0;0;0;0;0;0;0;
30;0;0;0;0;0;0;0;0;
31;0;0;0;0;0;0;0;0;
32;0;0;0;0;0;0;0;0;
33;0;0;0;0;0;0;0;0;
34;0;0;0;0;0;0;0;0;
35;0;0;0;0;0;0;0;0;
36;0;0;0;0;0;7,105427357601002E-15;0;0;
37;0;0;0;0;0;0;0;0;
38;0;0;0;0;0;0;0;0;
39;0;0;0;0;0;0;0;0;
40;0;0;0;0;0;0;0;0;
41;0;0;0;0;7,105427357601002E-15;0;0;0;
42;0;0;0;0;0;0;0;0;
43;0;0;0;0;0;0;0;0;
44;0;0;0;0;0;0;0;0;
45;0;0;0;0;7,105427357601002E-15;0;0;0;
46;0;0;0;0;0;0;0;0;
47;0;0;0;0;0;0;0;0;
48;0;0;0;0;0;0;0;0;
49;0;0;0;0;0;0;0;0;
50;0;0;0;0;0;0;0;0;






============================================================================
Função: Rosenbrock
============================================================================
parameter;GEOreal2_P_VO;GEOreal2_N_VO;GEOreal2_P_DS;GEOreal2_N_DS;GEOreal2_P_VO_UNI;GEOreal2_N_VO_UNI;GEOreal2_P_DS_UNI;GEOreal2_N_DS_UNI;
meanNFE;100000;100000;100000;100012;100000;100000;100000;100012;
meanFX;1,684934234769335E-08;9,925120801514387E-06;1,3873637933330804E-08;9,642381385234539E-06;2,9618081925569978E-08;9,537128521821939E-06;2,8231511406251203E-08;6,741887375609048E-05;
sdFX;2,2169725299546344E-08;1,1729043670231596E-05;3,3527277641001817E-08;2,6183539090900202E-05;5,6646339111881983E-08;1,0271791569081328E-05;1,227482439300549E-07;0,00032603580233208246;
==========================================================
===> f(x) médio para cada NFE:
NFE;GEOreal2_P_VO;GEOreal2_N_VO;GEOreal2_P_DS;GEOreal2_N_DS;GEOreal2_P_VO_UNI;GEOreal2_N_VO_UNI;GEOreal2_P_DS_UNI;GEOreal2_N_DS_UNI;
500;289,99930840405415;0,9337554293103905;329,6765378422384;0,7904529901659336;292,65560871259163;1,0081829571367178;332,4869119617249;0,5775007124438388;
1000;176,90869625588013;0,8344021896753876;232,61651751226873;0,5706570556272661;181,72481280886888;0,7460823485633541;236,38496749895003;0,33821731788929277;
1500;104,65499288221537;0,6521297121944655;162,4957720668817;0,46403016213403797;109,19391820581008;0,6688985002817585;163,0969336614746;0,23353012511022628;
2000;58,958619309003886;0,503539564246082;109,22590378080224;0,3540716923947956;65,21968453406954;0,5564186267531691;111,29483543762046;0,2120921840769218;
2500;32,6019327596637;0,3550679391800955;72,8762303356135;0,2778677576365966;37,05094175526463;0,48857744603491726;74,94002019657256;0,20016236960876607;
3000;17,636652624758018;0,28937827742979655;48,88805546251117;0,2546432807967582;20,516820382677857;0,46081682498669607;49,31050305667506;0,1833209473777613;
3500;9,719553465684736;0,24375915523488714;31,366017131786634;0,23717888791363337;10,681653744221528;0,43689614727705994;32,07854046161529;0,08188953882434281;
4000;5,191928298390186;0,23440057325916194;20,379611826309155;0,21423831505139784;5,498904083139898;0,40616664915647727;21,11299636554304;0,07363191260923074;
4500;2,5367883406367615;0,22233377349419875;12,28515794235231;0,1528039384526441;2,5701326553904362;0,3913038253308182;13,389976344322813;0,06366976814109081;
5000;1,2663088948053245;0,18521979268821198;7,543792540971374;0,14021859843353313;1,1859231374143469;0,3565997056026125;8,300989393820343;0,05874175039060572;
6000;0,4185274011026853;0,1619977740882142;2,63661728979177;0,04428345140976134;0,4007183499513616;0,20806453124504423;2,9895670303088933;0,048452399875667546;
7000;0,2571820714112513;0,11136232445418927;0,8927476757746746;0,03866965552231941;0,24503757549425542;0,18184842760096168;0,9050625639480055;0,04248031100031885;
8000;0,16800719788334018;0,10291886003048019;0,3893324688886653;0,03320826179813105;0,1597553459954522;0,15078650775531816;0,399035195274958;0,03579376368360601;
9000;0,11012184216025654;0,07636960255051287;0,2627992852269526;0,026645646008915554;0,10765065227027536;0,09951004206492335;0,2656166442094737;0,031248501534400095;
10000;0,07268237980515903;0,013189659311430407;0,17992446641297893;0,022120060516043368;0,07021804310511663;0,07787005209466712;0,1845508584641524;0,025068219836951865;
12000;0,033538361336939194;0,005827693082014169;0,09241463335910159;0,014924721749966825;0,03253586164594783;0,009452992014780587;0,09402359819979667;0,017192815184505057;
14000;0,01891838857237934;0,004830182627043556;0,04850613286289802;0,011075447134460318;0,018926565408576887;0,006661637628482085;0,04511187192218442;0,0124229153276522;
16000;0,01201888857359696;0,004117403130441869;0,024918761623351587;0,00935857472167403;0,0123346921907423;0,00598809841515189;0,02297807031852752;0,01012647309182485;
18000;0,00822757997143893;0,0023459564030512674;0,014847308778939224;0,007473392289379472;0,00818169198916038;0,004677818860110922;0,014286463162713774;0,00869480374618486;
20000;0,005610570557121525;0,00036626620207058343;0,009434147693835677;0,006133724572602026;0,0056658257566136174;0,004578416366927318;0,009048640783088407;0,007985974017875694;
25000;0,002314453239344511;0,0002521412231655336;0,0035665872892560045;0,0029051246951592863;0,0024567796264225185;0,0020337693802677404;0,0035401374037985762;0,005495182145972113;
30000;0,0010655053362492054;0,00013889476869866316;0,0014377980431007026;0,001919692257342704;0,00111302110700825;0,0002804534722906259;0,0014189426168964999;0,003192138702247858;
35000;0,0004304852044600943;9,751465689053687E-05;0,0006321657631146138;0,001145766909712717;0,0005654042769960911;9,323597792265064E-05;0,0005422167727336324;0,002377519236010651;
40000;0,00018908223818272116;5,64331438821388E-05;0,0002570299851421039;0,0008090993926335012;0,00033763280612745454;6,559856795799553E-05;0,00022108277430457472;0,001754932697033805;
45000;5,4132428999015764E-05;2,6000318890271592E-05;0,00010067211207390197;0,0004544206309082932;0,00017877504865900816;6,09853331048044E-05;9,01467325390295E-05;0,000983313159284606;
50000;3,068096608091827E-05;2,1521819436006272E-05;4,1879068725505135E-05;0,0002935855939190224;7,865803588029649E-05;5,079463654980473E-05;4,3282835165510435E-05;0,00043146778584902604;
55000;1,0804686588548123E-05;1,9940513234991916E-05;1,7401637240849916E-05;0,00016022743052879174;3,7636502760353426E-05;4,7093046098876836E-05;1,0561917546173549E-05;0,00042088770323996946;
60000;4,437918872096442E-06;1,9940513234991916E-05;9,992868868491503E-06;8,563224305165154E-05;2,0070157916966747E-05;4,6178335436854804E-05;5,353532769518122E-06;0,00021931386208099413;
65000;2,686140057297275E-06;1,9582783798383104E-05;4,068949859128423E-06;2,3254929757821756E-05;1,956368481275817E-05;4,524794247359309E-05;4,853188287516986E-06;0,0001731994306946231;
70000;6,859159181890354E-07;1,7215537436715882E-05;2,2586548459481984E-06;2,213411969229228E-05;1,6005606117373645E-05;1,4223051540023066E-05;2,05759000791841E-06;0,00015955329207253827;
75000;3,692398176045601E-07;1,6228439069196217E-05;1,3535594506259035E-06;2,20941874463001E-05;1,3100802086668373E-05;1,2953384353521108E-05;1,7751130941922125E-06;0,00012484923113784368;
80000;3,538238576688065E-08;1,4973972166498486E-05;8,521236410760001E-07;1,3329786588518167E-05;5,330694740904167E-08;1,242761464742455E-05;1,9793365515633231E-07;7,486517276507137E-05;
85000;2,3298952614851453E-08;1,4350995310198051E-05;1,732152877415522E-07;1,3281017217105693E-05;4,3831295485342006E-08;1,1206939676438426E-05;1,4971214462087433E-07;6,818238379713957E-05;
90000;2,0690115306113262E-08;1,1187114866395643E-05;1,6816799407359028E-07;1,3281017217105693E-05;3,4300510175268256E-08;1,0869419244391933E-05;3,8912739755644536E-08;6,793982495835192E-05;
95000;1,736297106701601E-08;1,0781292452930766E-05;1,675052300007065E-07;1,0499482124561603E-05;3,253692186067567E-08;9,781215242161271E-06;2,9071385946929075E-08;6,777504254601935E-05;
100000;1,684934234769335E-08;9,925120801514387E-06;1,3873637933330804E-08;9,642381385234539E-06;2,9618081925569978E-08;9,537128521821939E-06;2,8231511406251203E-08;6,741887375609048E-05;

==========================================================
===> Melhores f(x) para cada execução:
execucao;GEOreal2_P_VO;GEOreal2_N_VO;GEOreal2_P_DS;GEOreal2_N_DS;GEOreal2_P_VO_UNI;GEOreal2_N_VO_UNI;GEOreal2_P_DS_UNI;GEOreal2_N_DS_UNI;
1;2,9263385600161907E-09;1,5971002353630027E-05;9,550947056213487E-10;2,1627358335075637E-05;1,3809151940499531E-09;4,930514170250863E-07;1,2471484026551791E-09;1,6966938094902323E-06;
2;2,0805604667915973E-08;3,1674431268296547E-06;2,2859552251579516E-07;8,509334633874571E-07;1,5423579808954112E-08;1,7259744699683117E-05;1,107057486302907E-08;7,199144480574798E-07;
3;5,804675739836413E-09;3,9919512778411135E-07;2,938702705518968E-08;6,552747582539886E-08;1,0968133576315207E-08;2,9681575025731953E-06;2,2234095346684484E-08;3,318330081052727E-06;
4;2,229706173478427E-09;3,983627047323023E-05;9,036342918718264E-09;3,2188532716680204E-07;1,962899001618277E-09;2,792755548723116E-06;3,3687047078519154E-08;3,22363718261804E-05;
5;2,0556778609666382E-08;1,0245490358771388E-06;2,8095549874380907E-09;3,5004498595340925E-06;2,5626213519336112E-08;5,7010830576321965E-05;2,354319118462309E-09;2,192319617307446E-07;
6;2,8598674747350794E-08;6,522332819123092E-07;2,7278141296538476E-09;1,7567252372108937E-07;1,3780504585777444E-08;4,745864375507853E-06;4,131511057157683E-09;2,352839854683041E-06;
7;7,989273682995856E-09;1,4009811138290046E-05;8,769348311517909E-09;3,0780514471181145E-05;6,188097084937531E-09;5,212167756932612E-06;2,8939069679372125E-09;7,263962140779872E-06;
8;2,3569893426417482E-09;7,258693697929746E-06;9,37088429843475E-11;6,4685325649314075E-06;9,482875274293192E-08;1,5172276069691313E-06;1,2951397549384369E-08;6,533859379742178E-06;
9;1,4752913576135217E-09;5,085661111279229E-06;3,380738769549208E-08;1,5349080860801363E-06;3,447841649072864E-07;1,0007214141836127E-05;3,4161858647123125E-10;8,527582444721542E-07;
10;4,697977062614617E-10;7,59122222717486E-07;2,993184805336237E-08;4,30343364980218E-06;1,181575180141507E-08;7,670385660168603E-06;1,817270763017082E-08;3,24393080098964E-06;
11;2,6938244204771665E-09;2,0116334870268437E-06;2,620633130112874E-09;4,549652132911319E-07;9,163965183181221E-08;3,532057584039289E-06;4,376918572901576E-08;7,5585229752353775E-06;
12;3,442008097641481E-08;2,361093948033639E-06;6,969403105331085E-10;2,2194006024205346E-06;9,901703599309393E-09;6,443942756319594E-07;2,127128954156319E-09;8,149375963058694E-08;
13;8,643578267392427E-09;8,255181704469735E-06;3,6963998146380285E-09;1,7588728738251145E-07;4,065483572763207E-09;4,721134853031222E-07;9,012388751229664E-09;8,209823440113567E-07;
14;1,0324777780337843E-08;1,6954747830064627E-06;2,154175988595302E-09;6,08841132525877E-07;7,770581198481134E-09;4,842063684099947E-06;2,0931855027413982E-09;6,37400356446189E-06;
15;1,3343966250671554E-07;1,8241404138137913E-05;4,172278907385204E-09;5,571980573475927E-06;5,835735772810946E-08;2,2834579480301595E-07;1,2006429275376658E-08;6,387803541111679E-08;
16;3,7306693338408684E-08;1,20573668466025E-06;1,885170358034971E-09;7,068092764701876E-06;9,052985666843998E-09;1,6985985006121736E-05;1,2072385786793372E-09;9,416029657498661E-07;
17;3,734499982886967E-09;7,614400241811375E-06;5,3919077227748574E-08;8,677166747498884E-06;4,8502481015243474E-08;2,355607385189485E-05;7,850319501590521E-09;1,5890448059062577E-06;
18;2,152908347703077E-09;3,307016639497863E-06;4,101864873161791E-09;1,0243512308549334E-05;3,828817956961355E-08;9,204610531969761E-06;5,11090679478368E-09;8,877537442582603E-07;
19;2,7487775162323798E-08;1,50084063381715E-05;6,451747523940522E-09;0,00017850343358328087;1,426071109972316E-08;2,7359136026919695E-05;3,703975565614493E-08;4,193282789700547E-06;
20;1,481161187421643E-08;5,007995792053325E-06;1,5569017238324688E-08;7,637089941351453E-06;9,234426168360865E-09;1,560908762789341E-07;1,833877983164085E-08;6,494359190786598E-07;
21;1,0778081801302065E-09;1,8110569768958232E-05;7,937766703600027E-09;8,243784956073092E-10;8,096031194130289E-09;1,1242268634974774E-05;4,242927726280352E-09;1,298259298669685E-05;
22;7,180670687637941E-10;1,386788676283326E-05;1,8333358172453438E-08;6,331460298524263E-06;1,9227035666407E-08;3,0375948546614487E-05;3,2091462864581512E-09;4,597114074769019E-07;
23;8,11721140169201E-10;2,02706114381033E-06;2,8985382986304326E-09;4,748543318036126E-06;5,6344708073255766E-09;8,743069830720561E-06;2,446946183529829E-08;9,21086033746268E-07;
24;3,1190721168178635E-09;2,049285348237518E-06;8,45665041156E-09;1,0043566847173274E-07;4,436862541875021E-09;4,487375060896921E-06;2,6012767745858345E-09;5,245867245067025E-07;
25;3,5746458862143003E-09;4,486379666118218E-06;3,226453177596301E-08;4,146541571640636E-06;3,469777554947204E-09;6,048628493000351E-07;1,7264615884339328E-08;1,905237891586167E-06;
26;1,638477665697123E-10;2,0794516463415507E-06;4,082031809097823E-09;5,417602007467992E-07;2,943455372320011E-08;8,249132028683449E-06;2,7244045113403534E-09;1,3448470771777786E-07;
27;2,7738013639637444E-08;1,0352416390962944E-05;2,0337607810845956E-08;3,78089136275321E-07;1,3142283744623122E-08;5,621801881438811E-06;2,0740140236969817E-09;4,183985107107949E-06;
28;2,3808191688221908E-08;4,304367457276584E-06;3,884540600602657E-09;1,2264663655967617E-06;9,91386159010085E-10;2,1308365628447518E-05;8,726257103215522E-07;4,183898177042647E-07;
29;1,7416874953732512E-08;1,6523781108181731E-06;1,9492314794865466E-08;1,702708442836577E-05;2,1394117388688964E-08;1,0343240759534632E-05;5,9233947719109544E-09;6,118341868958323E-08;
30;2,277688321598046E-08;1,1192604848897322E-05;1,1449660109881843E-09;6,642268462578301E-07;4,5986505693013735E-09;6,345441884352042E-06;3,8446583937948503E-10;4,547310211323477E-06;
31;2,699746691867319E-08;2,4835493193838537E-05;8,93270919038894E-09;4,235624135983834E-07;1,3396681789197648E-08;3,5426880920841743E-06;8,384887693305418E-09;9,31771518315551E-07;
32;3,234269789853439E-08;7,731823284162473E-07;8,419511347156336E-09;5,8714570154344805E-06;2,5013034115386347E-09;1,0264807650380304E-05;8,07352874475833E-09;3,6392160821946595E-06;
33;7,492504022540268E-08;1,6963976353102147E-05;4,027434279684636E-09;6,237789406269262E-07;5,844121252434623E-11;5,054278778384936E-06;1,0422608381744902E-08;0,00010731355403755979;
34;1,3681129101337496E-08;4,40569631170699E-06;1,499093908218197E-09;2,4573454858467587E-07;4,984355792682232E-09;7,80926360775498E-06;4,765456323449568E-10;1,1732146034683827E-07;
35;4,038312979035046E-08;1,8387607713410362E-06;5,717436839423473E-08;4,416918311960092E-06;4,523194615337223E-09;4,774695530333912E-06;4,977433237651557E-09;6,625159701098487E-06;
36;8,948813596487582E-09;1,4780895082366426E-05;1,0581376424309175E-08;2,986237130776219E-07;7,521813944714591E-08;1,5025104634218373E-05;1,3733783537462253E-09;8,282617527391606E-06;
37;1,6350511827766824E-08;4,484821173582502E-06;6,08545997048047E-11;2,322187736201376E-06;3,801749826086282E-09;6,978936817669136E-06;1,4214191594569576E-08;4,174591967404915E-08;
38;1,0009247381992157E-09;5,121805737301065E-06;9,10191503482394E-09;4,4497278053612095E-06;1,9080603528702036E-09;1,6523859218108623E-05;6,519421039843623E-09;5,563585746550963E-07;
39;2,9409880606781506E-08;1,9946907226499654E-06;4,474612218846202E-09;5,517208246558337E-07;3,0305671607487726E-08;4,936807440875692E-06;6,5868050762858275E-09;3,5024987179963854E-06;
40;2,4575257308752323E-08;1,742309521817232E-05;4,218984174253298E-09;1,3419021081078574E-06;7,110028557445115E-09;1,011165059278987E-06;3,1518071282420585E-10;0,0002130176547469991;
41;1,673732956429336E-09;2,1213504116336344E-05;5,375503412375588E-09;9,84540074437078E-06;1,186086333737513E-08;3,5474248272810043E-07;3,923371813312498E-08;1,201867573383914E-07;
42;2,0313421110809922E-08;3,153688756774086E-05;6,06482513579624E-09;1,5882352599453857E-06;1,534801181282047E-08;2,43646391355112E-06;7,261209372613472E-09;1,39761537800921E-05;
43;2,3841418288394184E-08;4,051839096108452E-05;7,517919824181234E-10;1,1343417399889876E-06;1,7627790952576128E-08;9,056272906857768E-06;2,494030234348832E-09;7,726817658540793E-06;
44;5,090408102347184E-09;1,6463871841527888E-05;2,4864294630064203E-09;3,521950237675456E-05;5,887047749931821E-09;7,4963197761618175E-06;9,0946096344302E-10;0,0006652019308527253;
45;5,54734267480196E-09;6,41601281197181E-07;3,2168017055819363E-10;2,8782364073055767E-06;8,413659709672619E-08;1,3644658919573674E-05;3,734369104509404E-09;0,0022213991750761383;
46;8,527745333371611E-09;2,8800513378657453E-06;1,1187753978514024E-09;7,428274060596786E-06;1,9293222247554387E-07;9,964682707639595E-06;3,690656977074156E-09;7,228843708675683E-07;
47;5,378526667189529E-09;8,590855518973088E-06;3,891189630416367E-09;5,041941495748112E-06;2,3360370373482424E-08;9,64948461663812E-06;1,7051778188863692E-08;5,6027017903232715E-06;
48;4,824980506875016E-09;1,5966375098472738E-06;1,0812886393065334E-09;4,211662175596634E-05;1,7365271243565043E-08;3,112839625411918E-05;7,180883679051678E-09;9,341011060360565E-07;
49;6,811907048772803E-09;5,522447629840168E-05;1,3040915058540997E-09;2,921682990239036E-07;2,692423004461348E-08;5,568306268044031E-06;2,313853334498103E-09;2,4219719501932903E-06;
50;2,2409113782499643E-08;1,9726202796644532E-06;2,5822007804818056E-09;3,0073715580823476E-05;1,3396321557157679E-08;7,655713908927995E-06;8,320256670728558E-08;1,0734044188587818E-06;






============================================================================
Função: Schwefel
============================================================================
parameter;GEOreal2_P_VO;GEOreal2_N_VO;GEOreal2_P_DS;GEOreal2_N_DS;GEOreal2_P_VO_UNI;GEOreal2_N_VO_UNI;GEOreal2_P_DS_UNI;GEOreal2_N_DS_UNI;
meanNFE;100068;100068;100068;100000;100068;100068;100068;100000;
meanFX;0,00012727566238027066;1992,0478393821045;0,0001272756622347515;1710,975242547573;0,00012727566234389088;1990,8540457755794;0,00012727566230751107;1752,4434035034335;
sdFX;4,1250802279234683E-13;353,54121589570974;4,560447782045294E-13;291,9884046636849;4,285648824399334E-13;354,3529371418022;4,409896258812854E-13;335,86965024943856;
==========================================================
===> f(x) médio para cada NFE:
NFE;GEOreal2_P_VO;GEOreal2_N_VO;GEOreal2_P_DS;GEOreal2_N_DS;GEOreal2_P_VO_UNI;GEOreal2_N_VO_UNI;GEOreal2_P_DS_UNI;GEOreal2_N_DS_UNI;
500;1369,0501273374475;3935,449917212686;1742,5615356136218;3550,591454876945;1215,5212285741989;3927,233794406084;1813,2729218938102;3492,51301578689;
1000;815,516314478126;3738,954821927573;1130,5089638269972;3108,8198928361817;748,607056838961;3729,793388552482;1228,0739787170976;3112,2946825189256;
1500;635,9932948135744;3540,9040093918306;906,542776312732;2839,0851763237447;552,6630204916487;3527,260594452072;918,5615632629201;2809,5056088296587;
2000;508,02778704632277;3358,11592950578;760,6478919576737;2617,2514956168893;448,1116703304682;3339,4490976567267;755,4951733917436;2617,4979634105407;
2500;450,7581862190165;3185,4220823771366;662,7156701047321;2488,2471906093288;389,6828582503012;3175,8142300695617;662,0271167314509;2497,9192905273903;
3000;414,9603285806897;3032,684196693609;563,8684944129683;2371,6268155363646;353,3821168221649;3031,5488736699276;562,815238196459;2390,9702866860957;
3500;377,2584685356368;2888,101565192742;489,2888410156466;2318,4562705112576;331,4836169416619;2891,1395334783383;491,54752347035907;2333,4101472217103;
4000;342,47718047599307;2743,2753152790415;436,5339940017431;2252,549521961789;285,0710570319992;2750,270075794393;434,93794572630577;2284,1189811464556;
4500;319,73337616185427;2624,9085298708956;395,3912560274705;2204,2403167990306;264,2469604156345;2627,654963124128;402,62525556458405;2227,3810269341125;
5000;297,09052463369227;2526,1876238271225;363,2282249917144;2178,4440141185705;253,59971406974154;2527,0979904712326;368,1032590797011;2196,877232462256;
6000;246,97594120419424;2355,7433317795894;322,35185537075216;2136,7412951218384;225,12337198024045;2367,6713115779676;311,5156625884036;2149,131838037765;
7000;206,20550714427722;2222,886223276277;275,03063778719576;2113,5126279327365;197,79187221731445;2238,306004851917;260,58713129942424;2111,5650475856023;
8000;181,54113593278774;2132,9598111722526;223,37083485327472;2083,304728404947;164,39548505620888;2139,7889934992318;229,14406681566098;2084,2913735400202;
9000;162,19725834676478;2075,12193552554;184,4577233387964;2060,604255003947;149,64806139183017;2076,305759607504;202,64538788386034;2063,933799669092;
10000;136,48470043608734;2038,646949857254;153,5183416307969;2040,7342481645185;125,4855434815129;2034,1982813024788;185,2377763160147;2046,2112355960055;
12000;102,59958455149484;2002,6213594285289;112,32287321427468;2013,166179706871;90,26418468325082;2002,0354527198715;144,55010768346216;2017,7336771582213;
14000;71,36830191965471;1993,9629223422808;91,16833657796829;1996,6063351829182;68,71847541674371;1993,5385628771646;106,21194674668091;2004,609092463713;
16000;52,78725584915356;1992,0487752530687;72,51526681248566;1980,9792620438927;50,421208490780245;1991,106769187859;77,18767127377565;1988,3850718331557;
18000;45,25854592784276;1992,047839382122;50,76247723998652;1962,014799570426;41,44770387162959;1990,8540812883532;68,71448377215992;1979,479369909063;
20000;35,78505304779969;1992,047839382111;44,343925610576804;1953,0557940436345;31,496898193163087;1990,854045775807;56,03371608086106;1957,8726721761323;
25000;23,992341818163414;1992,047839382105;15,298936760797679;1929,1695663897692;14,653778387173935;1990,8540457755794;24,45772939297528;1933,6380763070558;
30000;14,215035795065724;1992,047839382105;8,183126132044162;1908,1747818888146;7,54746827702179;1990,8540457755794;11,056388455374826;1913,6569855453265;
35000;7,106443359228415;1992,047839382105;5,8143574735974655;1888,5490503251663;4,737660660444671;1990,8540457755794;5,473686368433455;1890,4153545106992;
40000;0,00012727566565445158;1992,047839382105;3,4455909218925806;1869,8220387114409;4,737660660240054;1990,8540457755794;4,737660660240099;1877,0549991435907;
45000;0,00012727566250759993;1992,047839382105;3,445590781308565;1846,214117015001;2,368893968789698;1990,8540457755794;4,737660660239999;1863,0549909877936;
50000;0,00012727566245303025;1992,047839382105;0,0001273162738471001;1822,4476171259987;2,3688939679512897;1990,8540457755794;2,368893967951217;1845,0481932379275;
55000;0,00012727566245303025;1992,047839382105;0,00012727566239846056;1809,0616076070212;0,000127289488864335;1990,8540457755794;0,00012727566268949886;1829,4728469497693;
60000;0,00012727566245303025;1992,047839382105;0,00012727566236208076;1799,6047910907132;0,00012727566248941003;1990,8540457755794;0,00012727566243484034;1821,1879455526432;
65000;0,00012727566241665044;1992,047839382105;0,00012727566234389088;1780,948829394155;0,00012727566247122012;1990,8540457755794;0,00012727566241665044;1815,906709277989;
70000;0,00012727566241665044;1992,047839382105;0,00012727566230751107;1770,7132992619706;0,00012727566245303025;1990,8540457755794;0,00012727566238027066;1804,5862117915174;
75000;0,00012727566241665044;1992,0478393821045;0,0001272756622893212;1761,0962062411702;0,00012727566241665044;1990,8540457755794;0,00012727566238027066;1792,401576474434;
80000;0,00012727566239846056;1992,0478393821045;0,0001272756622893212;1754,2383632662275;0,00012727566241665044;1990,8540457755794;0,00012727566236208076;1781,6919723246774;
85000;0,00012727566239846056;1992,0478393821045;0,0001272756622711313;1754,2383632662275;0,00012727566239846056;1990,8540457755794;0,00012727566236208076;1778,8035044658463;
90000;0,00012727566239846056;1992,0478393821045;0,0001272756622347515;1747,4331075362365;0,00012727566238027066;1990,8540457755794;0,00012727566230751107;1765,5318107026653;
95000;0,00012727566238027066;1992,0478393821045;0,0001272756622347515;1733,627699237795;0,00012727566236208076;1990,8540457755794;0,00012727566230751107;1757,173599726318;
100000;0,00012727566238027066;1992,0478393821045;0,0001272756622347515;1710,975242547573;0,00012727566234389088;1990,8540457755794;0,00012727566230751107;1752,5971105721912;

==========================================================
===> Melhores f(x) para cada execução:
execucao;GEOreal2_P_VO;GEOreal2_N_VO;GEOreal2_P_DS;GEOreal2_N_DS;GEOreal2_P_VO_UNI;GEOreal2_N_VO_UNI;GEOreal2_P_DS_UNI;GEOreal2_N_DS_UNI;
1;0,00012727566263492918;1776,751872976808;0,00012727566263492918;1462,4488431507475;0,00012727566263492918;1776,751872976808;0,00012727566172543447;1727,3906079016942;
2;0,00012727566263492918;1993,8474938570957;0,00012727566172543447;2102,5036326009476;0,00012727566172543447;1993,8474938570962;0,00012727566263492918;1743,9020315605744;
3;0,00012727566263492918;2000,785748720491;0,00012727566263492918;1582,601673363117;0,00012727566263492918;1783,6460793299182;0,00012727566263492918;1407,3818729935488;
4;0,00012727566263492918;1638,4544679619016;0,00012727566263492918;1430,0466225374034;0,00012727566263492918;1638,4544679619016;0,00012727566172543447;1836,230815812618;
5;0,00012727566263492918;2323,689787742873;0,00012727566172543447;2045,5122544269;0,00012727566172543447;2323,689787742873;0,00012727566263492918;2261,9841012420025;
6;0,00012727566263492918;1737,2476812527493;0,00012727566172543447;1508,8242419862936;0,00012727566172543447;1737,2476812527493;0,00012727566263492918;1551,3117495784384;
7;0,00012727566263492918;1717,6354614067245;0,00012727566263492918;1226,3357654030096;0,00012727566172543447;1934,7751307972976;0,00012727566263492918;1185,393105905448;
8;0,00012727566172543447;1474,64874208178;0,00012727566263492918;1523,3929665703627;0,00012727566172543447;1474,6487420817803;0,00012727566172543447;1499,9841612100943;
9;0,00012727566263492918;1796,569604297104;0,00012727566263492918;1624,6658031546594;0,00012727566263492918;1796,569604297104;0,00012727566172543447;1234,285933924984;
10;0,00012727566172543447;2198,315907695152;0,00012727566263492918;1702,5922882084203;0,00012727566263492918;2198,315907695152;0,00012727566263492918;1957,3201471910118;
11;0,00012727566172543447;1796,4421148747133;0,00012727566263492918;2013,1821164398793;0,00012727566172543447;1974,1104940187934;0,00012727566263492918;1398,7263232963446;
12;0,00012727566172543447;1842,9680023742724;0,00012727566172543447;1717,7837517447415;0,00012727566263492918;1842,9680023742724;0,00012727566172543447;1589,787992188023;
13;0,00012727566263492918;2237,787197941645;0,00012727566172543447;1757,3334403381805;0,00012727566263492918;2237,787197941645;0,00012727566263492918;2058,691247957228;
14;0,00012727566263492918;1948,9275192912908;0,00012727566172543447;1470,2181433146861;0,00012727566263492918;1948,9275192912908;0,00012727566172543447;1646,6322197549698;
15;0,00012727566263492918;2692,328975312853;0,00012727566263492918;1939,1053443154428;0,00012727566172543447;2632,639294986583;0,00012727566263492918;1939,7244811669234;
16;0,00012727566263492918;1243,6437099971363;0,00012727566263492918;1122,7958586553364;0,00012727566263492918;1243,6437099971363;0,00012727566172543447;1442,0257381481802;
17;0,00012727566263492918;1922,346852534418;0,00012727566263492918;1687,1567272259172;0,00012727566263492918;1922,3468525344183;0,00012727566263492918;1839,8450231540496;
18;0,00012727566263492918;1875,856575942537;0,00012727566172543447;1838,5761668842938;0,00012727566263492918;1875,856575942537;0,00012727566263492918;1672,216580437791;
19;0,00012727566263492918;1756,973534058333;0,00012727566172543447;1446,5242358637624;0,00012727566172543447;1756,973534058333;0,00012727566172543447;1645,4142428095329;
20;0,00012727566172543447;2138,902106136085;0,00012727566172543447;1934,157386172917;0,00012727566172543447;2138,9021061360854;0,00012727566263492918;2130,7810043073987;
21;0,00012727566172543447;1902,1735830289558;0,00012727566263492918;1727,6617058933798;0,00012727566263492918;1902,1735830289556;0,00012727566263492918;1454,5688069259597;
22;0,00012727566263492918;1928,7898606935069;0,00012727566172543447;1496,2269766639588;0,00012727566263492918;1928,789860693507;0,00012727566172543447;1918,8148730732992;
23;0,00012727566263492918;1934,6174493274539;0,00012727566263492918;1787,7322555341734;0,00012727566263492918;1934,6174493274539;0,00012727566263492918;1922,979537909735;
24;0,00012727566263492918;1875,453207752943;0,00012727566172543447;1627,8246450055549;0,00012727566172543447;1875,453207752943;0,00012727566263492918;1835,2761893848656;
25;0,00012727566263492918;2000,8297972307762;0,00012727566263492918;1854,239318900533;0,00012727566172543447;2000,8297972307757;0,00012727566263492918;1778,4922293669053;
26;0,00012727566263492918;1882,4392926207656;0,00012727566263492918;1615,3814698371816;0,00012727566172543447;1882,4392926207656;0,00012727566263492918;1584,0328825748666;
27;0,00012727566263492918;1796,569604297104;0,00012727566172543447;1550,0320595723356;0,00012727566263492918;1796,569604297104;0,00012727566263492918;1468,2814145047464;
28;0,00012727566263492918;1783,5542008152051;0,00012727566263492918;1612,2242006452366;0,00012727566263492918;1783,5542008152051;0,00012727566263492918;1842,5741410423211;
29;0,00012727566263492918;2935,764995090489;0,00012727566263492918;2198,497693460505;0,00012727566172543447;2935,7649950904893;0,00012727566263492918;2603,8873999113594;
30;0,00012727566263492918;1388,7790537581182;0,00012727566263492918;1155,6821912755636;0,00012727566263492918;1388,7790537581182;0,00012727566172543447;1284,663285345984;
31;0,00012727566263492918;2507,126778483753;0,00012727566263492918;2052,2150013949527;0,00012727566263492918;2507,126778483753;0,00012727566263492918;2078,916064600121;
32;0,00012727566263492918;1283,1957317256224;0,00012727566263492918;1144,8333989942985;0,00012727566263492918;1283,1957317256224;0,00012727566263492918;920,0909221371267;
33;0,00012727566263492918;2317,614536865699;0,00012727566263492918;1902,4520424635302;0,00012727566263492918;2317,614536865699;0,00012727566172543447;1801,2263491145734;
34;0,00012727566172543447;2021,0481873105532;0,00012727566263492918;1769,5020306121712;0,00012727566263492918;2021,0481873105532;0,00012727566263492918;1541,8829637058097;
35;0,00012727566172543447;2093,0881238478223;0,00012727566172543447;1374,9560036152984;0,00012727566263492918;2093,0881238478223;0,00012727566263492918;2048,0424132490884;
36;0,00012727566263492918;2021,5197818286838;0,00012727566172543447;1812,2851804718046;0,00012727566172543447;2021,5197818286838;0,00012727566172543447;1896,6554941367817;
37;0,00012727566263492918;2679,4410612533457;0,00012727566172543447;2214,8563253089465;0,00012727566263492918;2679,4410612533457;0,00012727566172543447;2264,81122357765;
38;0,00012727566263492918;2027,5830739843545;0,00012727566172543447;1681,765133679414;0,00012727566263492918;2027,5830739843543;0,00012727566172543447;1903,784853063446;
39;0,00012727566172543447;2132,4563885468833;0,00012727566263492918;2179,7208623486804;0,00012727566263492918;2132,4563885468833;0,00012727566263492918;1827,8571042709796;
40;0,00012727566172543447;1632,5583669427112;0,00012727566172543447;1260,3835571357297;0,00012727566263492918;1415,4186975521382;0,00012727566263492918;1470,4292299432523;
41;0,00012727566263492918;2218,865372085136;0,00012727566263492918;1829,4431827220901;0,00012727566263492918;2218,8653720851366;0,00012727566172543447;1601,672884306551;
42;0,00012727566172543447;2086,5991694371187;0,00012727566172543447;1903,8299573704453;0,00012727566263492918;2086,5991694371187;0,00012727566172543447;1934,0450492261311;
43;0,00012727566263492918;2073,6859798138694;0,00012727566172543447;1812,0425061570622;0,00012727566172543447;2073,6859798138694;0,00012727566263492918;2014,770436250276;
44;0,00012727566263492918;1862,53239221587;0,00012727566263492918;1686,9522549955386;0,00012727566263492918;1684,8640130717897;0,00012727566263492918;1505,90185752058;
45;0,00012727566172543447;2779,00269058559;0,00012727566172543447;2254,983333489803;0,00012727566263492918;2779,00269058559;0,00012727566172543447;2352,355361472063;
46;0,00012727566172543447;1797,934394848909;0,00012727566263492918;1668,0325225715346;0,00012727566263492918;1797,9343948489088;0,00012727566172543447;1470,3201815375444;
47;0,00012727566263492918;2192,1460688731536;0,00012727566172543447;1841,7216124957654;0,00012727566263492918;2192,1460688731536;0,00012727566263492918;1925,387112164764;
48;0,00012727566263492918;2494,2940599672493;0,00012727566263492918;1504,1632990170835;0,00012727566172543447;2494,2940599672493;0,00012727566263492918;2270,160781099443;
49;0,00012727566263492918;1639,4283954775697;0,00012727566172543447;1578,1460801864391;0,00012727566263492918;1856,5680648681428;0,00012727566263492918;1234,6112567642917;
50;0,00012727566172543447;2199,177013940044;0,00012727566263492918;2315,218063202637;0,00012727566263492918;2199,177013940044;0,00012727566263492918;2096,6484964503015;






============================================================================
Função: Ackley
============================================================================
parameter;GEOreal2_P_VO;GEOreal2_N_VO;GEOreal2_P_DS;GEOreal2_N_DS;GEOreal2_P_VO_UNI;GEOreal2_N_VO_UNI;GEOreal2_P_DS_UNI;GEOreal2_N_DS_UNI;
meanNFE;100359;100359;100359;100359;100359;100359;100359;100359;
meanFX;2,3955275452181015E-09;8,912872573318964E-10;4,130276920477627E-10;4,608550341345108E-10;2,3719685060541452E-09;1,1829044410660572E-09;4,112991547344791E-10;4,589982438574225E-10;
sdFX;1,2478162470338792E-09;6,764653689761278E-10;5,378744117381585E-11;8,75931245862319E-11;1,5326581665597675E-09;1,0323561216585038E-09;5,016834186402856E-11;1,1234791058235646E-10;
==========================================================
===> f(x) médio para cada NFE:
NFE;GEOreal2_P_VO;GEOreal2_N_VO;GEOreal2_P_DS;GEOreal2_N_DS;GEOreal2_P_VO_UNI;GEOreal2_N_VO_UNI;GEOreal2_P_DS_UNI;GEOreal2_N_DS_UNI;
500;19,872495102196794;20,000949167539677;20,120790951404864;20,15496933680385;19,84570032141505;19,991596297182163;20,130935225127185;20,135018464643164;
1000;19,340285544328925;19,60065368362557;19,575887799809426;19,673991465852275;19,352284111413486;19,580580817566553;19,6042059659445;19,664521446461272;
1500;18,88129177189039;19,362618844357016;19,060182485937265;19,230460649420927;18,881040800091476;19,35563112248864;19,08396781372944;19,26039834719111;
2000;18,58656560002828;19,303173803194383;18,83028345133886;19,06124052956972;18,646491126126882;19,3034849046377;18,87164704633702;19,11393874867504;
2500;18,262565500998843;19,263832808855312;18,59295355058877;18,903018236323486;18,3451728817359;19,26708899035042;18,671301591268627;18,982685630069554;
3000;17,47687181906171;19,211529631285906;18,110768847048085;18,629339484133677;17,52239725805153;19,22086117596712;18,22283094383398;18,749307544531863;
3500;16,78589084364401;19,184509025032625;17,751570666945586;18,464390001107166;16,891936972522966;19,19624487758931;17,92411642219221;18,607681551336636;
4000;15,149367160053155;19,143353817368897;16,944369636810183;18,17170691498241;15,420968190670848;19,158580057308612;17,29792234193955;18,313458824181488;
4500;14,007521360622409;19,10994883011469;16,245455611665676;17,838537087199292;14,30393032181954;19,126497275012458;16,702347725687083;18,036766802760656;
5000;12,605939389674637;19,075769754603435;15,617982378144022;17,44860056084174;12,99517017866306;19,093077455579376;16,081442930556115;17,748154444918708;
6000;8,85094908120002;18,977167871984634;13,586218596825665;16,232126636891067;8,80946443536422;19,008047127091892;14,114722891557676;16,699107236268432;
7000;5,510837204205177;18,85919293441887;11,232595442383694;14,57993399710329;5,129094838642691;18,90636618518907;11,58529267697192;15,06778421277697;
8000;3,3505332829955345;18,74151218605361;8,74298697775774;12,724580180484741;2,990902397260436;18,796711806071997;9,36342809675549;12,990854332988908;
9000;2,226451913718409;18,616120234039755;7,117374044597904;11,20960968690009;2,09486163404058;18,68126538461807;7,519897650807605;11,311174993125015;
10000;1,2170379154116115;18,44077903596349;5,476890524634242;9,0069198468735;1,2452128379721494;18,5074914715223;5,722936162618444;9,121182143063972;
12000;0,3593038117848203;17,996300927779817;2,952886830816122;5,394603799254615;0,2903771892132238;18,08735631717102;3,1675675876119596;5,546074226068832;
14000;0,07937666286357832;17,39832821243405;1,7770411790318628;3,2945358322071967;0,03489172136269886;17,499178055195657;1,7315307639850013;3,219501768099118;
16000;0,008983417596454544;16,402611598751104;0,8694044566417586;1,9173003298984346;0,0062738103919488;16,52224203210459;0,798161633754465;1,7971039232857557;
18000;0,0015731459209827393;14,962171940164385;0,3745485460696399;1,0824132064118592;0,0012734183138098842;15,080007840530559;0,30270764936067707;1,0722394822061283;
20000;0,00034508928219807445;12,753212731707377;0,11410684305300733;0,461507540811921;0,00024564045061090665;12,7627406203458;0,06816763224204941;0,4930228797026701;
25000;1,2282323636227943E-05;6,691831142549927;0,0012841071372868384;0,0390587996125695;9,586063235929032E-06;6,741207770493381;0,0020759299480192796;0,024426868985135002;
30000;1,322455982162296E-06;1,9664614835773264;2,813294694817614E-05;0,0020882090083665615;7,18505361305688E-07;2,4994517669208878;2,572471701476786E-05;0,00040432887236967473;
35000;1,7815666595311085E-07;0,20923259726331053;6,788834561177737E-08;4,5743425717645895E-05;1,3288823495827275E-07;0,6528811011276523;6,619820421605027E-07;2,390557981186703E-06;
40000;8,799088554667378E-08;0,0010557141127045355;1,5989181179065781E-09;2,380401576829172E-07;8,422036614774698E-08;0,05345861524013749;5,428928062656268E-09;3,498539840052217E-08;
45000;5,4675006637694426E-08;3,400638042883486E-05;8,249989491559972E-10;6,871707469713328E-08;2,6470156768709784E-08;0,0011026597080785905;8,821967867334024E-10;2,272531602898198E-09;
50000;1,0418814397894494E-08;1,7339333338384222E-06;6,773280603056264E-10;1,6615352649296255E-09;1,376168718536519E-08;1,3760091678562959E-05;5,671550695751648E-10;1,875919721783248E-09;
55000;6,486740602440477E-09;1,5315019474826386E-07;5,073601272442829E-10;9,605884088159654E-10;1,2694393163314999E-08;1,819281091997027E-07;5,314517181886913E-10;9,641229326007305E-10;
60000;4,91773931798889E-09;5,3997294102714476E-08;4,870769032550015E-10;8,326176725859114E-10;7,771857610805455E-09;7,75098687455511E-08;5,202122110858909E-10;8,459020506279558E-10;
65000;4,300243929833414E-09;1,0614373522344067E-08;4,660228825059676E-10;7,478298869045829E-10;5,104671814137873E-09;7,922706259932966E-09;4,80819366543983E-10;7,336528540236032E-10;
70000;4,218059288518816E-09;4,13846130697948E-09;4,475730008834944E-10;6,344232872379507E-10;4,449348338653181E-09;4,2388464294162985E-09;4,6333816783317163E-10;6,613986158754415E-10;
75000;3,908239918359868E-09;3,1131512656656925E-09;4,396452624177982E-10;5,348485387912661E-10;3,9876217527989865E-09;2,3696158990560433E-09;4,5220531319500877E-10;5,965913629779607E-10;
80000;3,381765765197997E-09;1,4353219768281632E-09;4,3139117167356747E-10;5,316493911777798E-10;3,5739683568181137E-09;2,040397646396741E-09;4,435229783439354E-10;5,86549973036199E-10;
85000;3,0817756879741864E-09;1,107884983753138E-09;4,3139117167356747E-10;4,842167555807464E-10;3,5459934366599556E-09;1,8361696874080735E-09;4,3907121494157763E-10;5,711990525014698E-10;
90000;2,79965213678679E-09;9,725647487357492E-10;4,281383780835313E-10;4,733671943313311E-10;3,469146321322114E-09;1,3482240746043318E-09;4,239624473711956E-10;5,571986605446E-10;
95000;2,449828784278907E-09;9,012605772795723E-10;4,2279332035377594E-10;4,630554428786127E-10;2,3775357504973725E-09;1,270926546226292E-09;4,180562029887369E-10;5,440740125095545E-10;
100000;2,3955275452181015E-09;8,912872573318964E-10;4,1314692111882324E-10;4,613283266508006E-10;2,3764816603488725E-09;1,2084319678251631E-09;4,117783447554757E-10;4,589982438574225E-10;

==========================================================
===> Melhores f(x) para cada execução:
execucao;GEOreal2_P_VO;GEOreal2_N_VO;GEOreal2_P_DS;GEOreal2_N_DS;GEOreal2_P_VO_UNI;GEOreal2_N_VO_UNI;GEOreal2_P_DS_UNI;GEOreal2_N_DS_UNI;
1;1,4666170500277076E-09;7,480629449219123E-10;3,261675374233164E-10;4,347064930243505E-10;1,4979413265336916E-09;2,1934951632829325E-09;4,704112654962955E-10;3,623448208145419E-10;
2;2,516330255275534E-09;3,4775027302202943E-10;3,2723335152695654E-10;4,782805262948386E-10;3,442853113710953E-09;7,429079573739727E-10;3,540776560839731E-10;4,502211936596723E-10;
3;2,7942732572228124E-09;7,745555308247276E-10;3,979181428803713E-10;5,478604236941464E-10;1,1608882743985305E-09;4,371642603473447E-09;4,092193250926357E-10;4,150564336669049E-10;
4;1,2667236148899974E-09;1,0911804793067859E-09;3,57321283672718E-10;4,654019392091868E-10;2,4018511624035455E-09;4,807212405921746E-10;3,9538505802738655E-10;4,1324810240439547E-10;
5;3,5063116854416876E-09;6,799574236993067E-10;4,0732572870183503E-10;6,280274078562798E-10;1,355470402586434E-09;5,467661878810759E-10;3,5488767480273964E-10;3,737667952918855E-10;
6;2,593246506421565E-09;1,0879617207137926E-09;4,396270014694892E-10;4,983427004390251E-10;2,7939677238464355E-09;1,324607978858694E-09;3,5859315516972856E-10;3,5140956811119395E-10;
7;4,077712389971566E-09;3,8465586271740904E-10;3,8478376040984585E-10;5,281641790588765E-10;1,0064411526400363E-09;4,107718609702715E-10;3,98671318180277E-10;4,617142224105919E-10;
8;2,35178276852821E-09;5,049081153174484E-10;4,049560686780751E-10;4,533227127012651E-10;2,406505217322774E-09;1,662161963622566E-09;4,69547956072347E-10;3,6985525753152615E-10;
9;5,9581601874469925E-09;6,071267932838964E-10;3,929443437300506E-10;5,793268087472825E-10;1,270223037863616E-09;6,109424077749281E-10;5,021156823659112E-10;4,816840259991295E-10;
10;3,737671505632534E-09;1,18064491516634E-09;4,298108535749634E-10;5,569518179981969E-10;1,726697007597977E-09;5,57236035092501E-10;3,787867797200306E-10;4,790194907400291E-10;
11;1,2996785869745509E-09;4,897557914773643E-10;4,3164760654690326E-10;5,142517522926937E-10;2,67601407699658E-09;1,3526140207886783E-09;3,963549488616991E-10;4,538982523172308E-10;
12;1,1593144222388219E-09;1,202835164804128E-09;4,155289445861854E-10;3,5696601230483793E-10;2,3264128401478956E-09;2,4235013995621557E-09;3,3089619932979986E-10;4,263505104518117E-10;
13;1,477829414398002E-09;6,882814318487362E-10;3,993960717707523E-10;6,627374204981606E-10;2,251205444281368E-09;4,283648991076916E-10;4,2248160525559797E-10;3,7767478033856605E-10;
14;4,198678738021044E-09;3,475228993465862E-10;3,7186964618740603E-10;5,028581995247805E-10;1,6887398146536725E-09;8,964029518665484E-10;3,461302355844964E-10;6,826148535310494E-10;
15;3,500286283042442E-09;1,6543530989565625E-09;4,289262278689421E-10;3,9254288708434615E-10;1,3632401874019706E-09;7,977121185831493E-10;5,115303736147325E-10;4,126050612285326E-10;
16;4,128189345919964E-09;6,940936714272539E-10;4,762199523611343E-10;3,7002934050178737E-10;6,781760930607561E-09;3,776616352979545E-09;4,0542857959735557E-10;5,045279749538167E-10;
17;3,0554154761830432E-09;2,658815390077507E-10;3,651052793429699E-10;5,853770801422797E-10;1,0970140351673763E-09;7,424496573094075E-10;4,5350745381256274E-10;5,242029033070139E-10;
18;1,5492638283376436E-09;1,164121243846239E-09;3,71692010503466E-10;3,958646743740246E-10;1,2578205144109234E-09;2,935962584160734E-10;4,050981772252271E-10;8,604637002918025E-10;
19;1,3655707675752637E-09;1,935923421569896E-09;4,502460626554239E-10;4,5916337398921314E-10;1,7070824753773195E-09;8,132623463552591E-10;4,912870110729273E-10;5,597797780865221E-10;
20;1,5107985973372706E-09;6,785860762192897E-10;4,319069546454557E-10;3,588986885461054E-10;9,380077159448774E-09;2,1126425053807907E-09;4,085549676347E-10;3,3306335467386816E-10;
21;1,4046577234694269E-09;7,580673866414145E-10;5,137437142366252E-10;3,9270275919989217E-10;2,6743833814180107E-09;8,288978392556601E-10;3,88716614452278E-10;5,721219054066751E-10;
22;1,1939036426156235E-09;5,67741409440714E-10;5,065743380328058E-10;4,210995996345446E-10;1,279961026057208E-09;8,625136160844704E-10;3,873203979765094E-10;2,969855472656491E-10;
23;2,1459634069742606E-09;1,275154204449791E-09;3,851354790640471E-10;3,5277736287753214E-10;1,987768172284632E-09;1,0829985797045083E-09;3,688356287057104E-10;4,106155415684043E-10;
24;2,946809019022112E-09;5,405738079389266E-10;3,941593718082004E-10;3,538183079854207E-10;2,508173224669008E-09;1,197118848494938E-09;4,0819969626681996E-10;3,993996244844311E-10;
25;1,49545797967221E-09;6,771330163246603E-10;5,023217397592816E-10;4,4920156483385654E-10;1,725094733728838E-09;5,578812078965711E-09;3,602842468808376E-10;4,0231640241472633E-10;
26;2,772729601474566E-09;7,271232504990621E-10;4,0903458398133807E-10;4,292601829547493E-10;1,5236558681408496E-09;6,027605081726506E-10;4,747846560348989E-10;4,296261124636658E-10;
27;1,530949589323427E-09;1,2168364094122808E-09;2,9747226903964474E-10;3,937614678761747E-10;1,2662297876886441E-09;4,1602277178753866E-10;4,846825163440371E-10;4,837090727960458E-10;
28;1,9961845509897103E-09;5,099458633139875E-10;4,2519587850620155E-10;4,219238292080263E-10;2,7703208616003394E-09;9,477041373884276E-10;4,930313934892183E-10;3,7967851085340953E-10;
29;4,044242274403587E-09;6,528715346121317E-10;4,000710873697244E-10;3,8047787143113965E-10;4,0307455151378235E-09;6,554863318797288E-10;3,403819448521972E-10;4,036877498947433E-10;
30;1,1267680122273305E-09;2,4802560005809937E-10;3,750990629214357E-10;7,066951468459592E-10;2,2788881892665813E-09;1,608682964615582E-09;4,277787013506895E-10;4,3097969637528877E-10;
31;2,3582167330005177E-09;5,897042854030587E-10;4,079652171640191E-10;4,70759431436818E-10;2,5623165811339277E-09;1,578179364969401E-09;3,498179523830913E-10;5,579003925504367E-10;
32;1,9165753428751486E-09;3,530402636897634E-10;3,5910119322579703E-10;5,244018552730267E-10;1,336768917781228E-09;6,889102621698839E-10;4,775877471274725E-10;4,791687047145388E-10;
33;1,4101360079621372E-09;1,969798546497259E-09;3,7424285892484477E-10;3,7560354826382536E-10;1,1989378378984838E-09;7,569695981146651E-10;4,5271875137586903E-10;5,159890292816272E-10;
34;3,239861712245329E-09;6,24211793365248E-10;5,112497092341073E-10;4,869633585258271E-10;2,4268373977065494E-09;5,108766742978332E-10;3,6785152701668267E-10;7,766089993310743E-10;
35;3,0715447962847975E-09;5,609024356090231E-10;4,784297402693483E-10;3,34829053372232E-10;2,3990196496015415E-09;1,972857432974706E-09;3,638014334228501E-10;3,7823255638613773E-10;
36;3,209279952898214E-09;9,12223185878247E-10;3,6932235047970607E-10;3,9483083469349367E-10;1,2748984090649174E-09;2,2160371315749217E-09;3,384243996151781E-10;3,1024427471493254E-10;
37;1,5950476495163457E-09;3,1476901085625286E-09;4,4929393538950535E-10;4,482032522901136E-10;5,804700720091205E-09;8,777369941981306E-10;4,084270699422632E-10;3,800479930760048E-10;
38;3,894580657970437E-09;5,290381466238614E-10;4,0735770312494424E-10;6,28041618710995E-10;3,331336984047084E-09;5,609166464637383E-10;4,49762893595107E-10;3,5624481142804143E-10;
39;1,5567955813367007E-09;2,9193358841439476E-10;3,2374103398069565E-10;5,785310008832312E-10;2,23200657956113E-09;5,870788299944252E-10;3,729958564235858E-10;3,2169467090170656E-10;
40;1,7509655947378633E-09;6,804654617553751E-10;4,327596059283678E-10;4,3364778434806794E-10;2,7231230603774748E-09;6,113829442710994E-10;4,833573541418446E-10;4,4164494283904787E-10;
41;1,943600835829784E-09;8,280700569684996E-10;4,2362557906017173E-10;5,221387766596308E-10;1,5655317042728711E-09;1,139866867561068E-09;3,8249226008701953E-10;4,242153295308526E-10;
42;1,5830607935640728E-09;2,5479280907347857E-09;3,46261685990612E-10;4,4423842382457224E-10;1,4477770093890285E-09;5,919496004480607E-10;3,8040326444388484E-10;4,1086778423959913E-10;
43;1,827313411695286E-09;5,428013594155345E-10;3,5363711958780186E-10;4,496243377616338E-10;1,9239152493355505E-09;5,542872827390966E-10;4,38419078818697E-10;3,4082958677572606E-10;
44;1,4801955217080831E-09;6,08718409011999E-10;4,982716461654491E-10;4,206057724331913E-10;2,0172876702417852E-09;1,0438903075282724E-09;4,4994052927904704E-10;5,300400118812831E-10;
45;1,8947794444557076E-09;1,126991833189095E-09;4,756053328947019E-10;4,397939790123928E-10;9,75852287865564E-10;3,389821756627498E-10;3,828155570317904E-10;4,3387871073719E-10;
46;6,805521479691379E-09;3,5153391308995197E-10;4,756337546041323E-10;4,743796466755157E-10;2,5163977568354312E-09;1,2985559294520499E-09;4,920970297916938E-10;5,136016056894732E-10;
47;9,867306971500511E-10;5,658229440541618E-10;3,760511901873542E-10;3,7052672041681944E-10;4,506940598503206E-09;1,218133149905043E-09;4,0171599380300904E-10;5,094307198305614E-10;
48;1,5289600696632988E-09;3,4337936938300118E-09;5,088161003641289E-10;3,7049829870738904E-10;1,2835990048642998E-09;6,336904334602877E-10;3,895159750300081E-10;5,493454580118851E-10;
49;1,5541274933639215E-09;5,512248435479705E-10;4,0231640241472633E-10;3,6405722880772373E-10;2,214072480910545E-09;4,0165559767046943E-10;3,6910918765897804E-10;6,512763661703502E-10;
50;1,997563003897085E-09;6,468390267855284E-10;4,582680901421554E-10;4,402842535000673E-10;3,219678745836063E-09;1,2438512442258798E-09;4,1672265638226236E-10;5,660290014475322E-10;






============================================================================
Função: Beale
============================================================================
parameter;GEOreal2_P_VO;GEOreal2_N_VO;GEOreal2_P_DS;GEOreal2_N_DS;GEOreal2_P_VO_UNI;GEOreal2_N_VO_UNI;GEOreal2_P_DS_UNI;GEOreal2_N_DS_UNI;
meanNFE;100001;100001;100001;100024;100001;100001;100001;100024;
meanFX;0,015231679921917499;0,01536739653386095;0,5075072669736937;0,25893832047456605;0,01523232826215346;0,061042147204368416;0,4770439353092384;0,5379705942795551;
sdFX;0,10770413602100204;0,1076885506496007;1,3349775380564934;0,36443138474848114;0,1077040425616988;0,20867704825537187;1,3375709220915326;1,3316681693391248;
==========================================================
===> f(x) médio para cada NFE:
NFE;GEOreal2_P_VO;GEOreal2_N_VO;GEOreal2_P_DS;GEOreal2_N_DS;GEOreal2_P_VO_UNI;GEOreal2_N_VO_UNI;GEOreal2_P_DS_UNI;GEOreal2_N_DS_UNI;
500;1,1234717136749617;0,9294478412173853;1,1963895633243515;1,6977493917925615;0,402633481730764;1,074832585120979;1,7946953753609858;2,0243626140950175;
1000;1,0732950546419762;0,6810524379055597;1,026298997891748;0,81393401564336;0,3430019588019406;0,8147696345469448;1,2058533477019997;1,372216364371158;
1500;1,0337887958759064;0,661226473240291;0,973764475786805;0,7628152304179767;0,3268082198153434;0,7177303102042718;0,9322518240597009;1,1227293902204698;
2000;1,007716973551626;0,6465113261483334;0,9304417264103839;0,7287248413205019;0,31185134071237464;0,5798389807650596;0,896060774353664;1,073700384860054;
2500;0,9414090827318908;0,5211132239490301;0,877578130833373;0,699096427053222;0,2988078543288771;0,5432381437337576;0,86118720075331;1,0325762285671711;
3000;0,7726001490959515;0,510126739088706;0,6757322264822452;0,6698194752461365;0,28721007514714203;0,49469073226234145;0,7973306456603908;0,9933210576728352;
3500;0,7541717419851763;0,4768503122188459;0,6264053838874999;0,6479142438228671;0,27871228235960044;0,4452444454544988;0,607449539702826;0,9380494364882737;
4000;0,7344047554772862;0,40438593379846227;0,6038749254429132;0,6203906986461358;0,2669821696717784;0,42638325136826255;0,5792282589545884;0,7570466378847824;
4500;0,7155616238405829;0,38031050813027134;0,5840213639420725;0,5980238396169697;0,25772452415854324;0,4173396090859645;0,5600882896964298;0,7124989571075981;
5000;0,7022486274684447;0,3681255664791636;0,5680619748526674;0,5791839225263152;0,24696978755700033;0,4065531227843131;0,5435730080633335;0,6869986466838927;
6000;0,6818511170985331;0,3321243985001232;0,5453470232549423;0,5450768752205957;0,22838287444238975;0,35128504373868147;0,5165854307105116;0,648592857252575;
7000;0,6671808163573827;0,31866106813281364;0,5319565465235844;0,5176739447360859;0,20142058780300798;0,31510768514557075;0,502533267554415;0,6195176746417178;
8000;0,4749980236443352;0,30651466553630585;0,5206029356946139;0,4969833708782781;0,18819295825655366;0,3035321087703804;0,49389934739107993;0,5966391558542681;
9000;0,2792154685464491;0,28891937062164236;0,5131765641180926;0,48395049932146733;0,17972889578055604;0,2939998488137498;0,48270613863499656;0,5807234154184379;
10000;0,2677540761210483;0,2786132555453736;0,5086771496503242;0,47388455630814746;0,17417214666601255;0,2860009709326375;0,4795756446453661;0,5692130336116117;
12000;0,2338496475616639;0,26481834523051845;0,5075073350194892;0,4604038508398148;0,16444703480245212;0,26109111560291537;0,477416519592172;0,558691755129468;
14000;0,22334152133620577;0,25423729491868075;0,5075072873225595;0,4508403089188079;0,1431737864316038;0,23687502219570775;0,4770439574702224;0,5541751886447861;
16000;0,21623402680224857;0,23231427463167453;0,5075072839893946;0,44833178909128435;0,13901603090618048;0,22919585823033523;0,4770439559350873;0,5532023590779888;
18000;0,2145646218921943;0,23202402592914467;0,5075072813543783;0,4469254153727209;0,12256908996710231;0,21338220361036583;0,4770439549325237;0,553202286872308;
20000;0,199284689807331;0,2319890912206324;0,5075072774516989;0,44658061481133093;0,1220013720036248;0,2132484821014674;0,47704395387596094;0,5532022688793811;
25000;0,1828128501450243;0,17503576192851933;0,5075072732680111;0,446580613346128;0,1067691214365622;0,1980183456530937;0,4770439443392929;0,55320226045481;
30000;0,10809218780448114;0,1380813568332512;0,5075072710960697;0,4465806132731542;0,09140177312273176;0,16758289678554802;0,47704393952545066;0,5532022598253091;
35000;0,10662273193236403;0,11001197349942625;0,5075072705300421;0,44658061325451187;0,07678844991840145;0,1527249600779598;0,4770439384490411;0,5532022596968972;
40000;0,09267513417441534;0,09159302166051905;0,5075072692678828;0,44658061324747;0,07616039407590218;0,137102330453296;0,477043938430716;0,5532022596420288;
45000;0,09140810938909363;0,07629938995177403;0,5075072687872119;0,2589393361434445;0,07615835277017609;0,1370868708273078;0,4770439376465504;0,5532022596372639;
50000;0,04659293611417491;0,07629170141882995;0,5075072684114749;0,2589383206530946;0,07615835229737587;0,1370868101640429;0,4770439371086353;0,5532022596333374;
55000;0,045711838456802045;0,07629143568130795;0,5075072683472497;0,2589383205019709;0,07615834283950318;0,10663592348066642;0,47704393663035044;0,5532022596319384;
60000;0,04569786853927632;0,07629124705112644;0,5075072680544188;0,2589383204949832;0,060926839117524105;0,106622225057796;0,4770439363545694;0,5379782576764544;
65000;0,04569502073027838;0,076291230797623;0,5075072676748251;0,25893832048912924;0,06092666527712295;0,0915383766193826;0,47704393592400657;0,537970594309643;
70000;0,045694997044271955;0,07628973533204554;0,5075072676311797;0,25893832048475807;0,04573228599194484;0,07628730723029023;0,4770439357458386;0,5379705943071207;
75000;0,030487749632535373;0,07628972123708229;0,5075072672181307;0,25893832048195675;0,045695072425838285;0,07627130191386605;0,477043935725093;0,5379705942874732;
80000;0,030463351052586688;0,07628971821860177;0,5075072671990747;0,2589383204779425;0,045695007147598526;0,07626861727868672;0,4770439357214494;0,5379705942866692;
85000;0,030463342518024655;0,06120731141036191;0,5075072671794882;0,2589383204773191;0,03366078459834977;0,07626840661492058;0,47704393559411634;0,5379705942841264;
90000;0,015231746956112756;0,04621995322034286;0,5075072671085216;0,2589383204749863;0,030463419783803757;0,062434262121670664;0,47704393556567515;0,5379705942811458;
95000;0,015231679937321512;0,031322193686012696;0,5075072670907957;0,258938320474871;0,030463360477467432;0,06104874139582603;0,4770439353559868;0,5379705942810635;
100000;0,015231679921917499;0,01536739653386095;0,5075072669736937;0,25893832047456605;0,01523232826215346;0,061042147204368416;0,4770439353092384;0,5379705942795551;

==========================================================
===> Melhores f(x) para cada execução:
execucao;GEOreal2_P_VO;GEOreal2_N_VO;GEOreal2_P_DS;GEOreal2_N_DS;GEOreal2_P_VO_UNI;GEOreal2_N_VO_UNI;GEOreal2_P_DS_UNI;GEOreal2_N_DS_UNI;
1;5,577398756099634E-07;1,5535641859344263E-12;1,5749181323602407E-09;9,925396483052456E-12;3,9291123076046174E-11;3,1215134625937663E-09;0,761583266899705;2,4249408721699964E-11;
2;7,846805923695867E-12;1,072784068393403E-09;9,742185284867483E-12;2,1522649172862665E-12;2,498120823213774E-15;5,753786771915729E-09;1,894623296639504E-09;3,803859112425075E-13;
3;2,0816490954710283E-10;1,3463899165082663E-09;4,587026377225756E-10;1,0661945544312982E-14;2,1521154193555384E-10;1,8408712893559123E-09;1,2822324837340221E-10;3,2295055393556576E-12;
4;1,911852358068973E-10;7,4408648727937304E-09;0,761583264476821;0,7615832643563784;1,8336785665265717E-10;6,346054497166334E-09;0,7615832645248504;0,761583264378905;
5;2,960641107368794E-10;5,211113231725877E-05;0,7615832662024374;0,7615832643656884;2,0581445244363346E-09;1,5624871833675982E-12;0,761583268178204;0,7615832643957197;
6;1,1638321362833657E-12;1,6265972534656328E-07;4,694706645071122E-10;1,6636630605648972E-11;2,6403650589820895E-10;2,302212601759804E-09;9,816005139664431E-11;0,7615832643878879;
7;3,1475490852504E-13;4,3850577378530995E-09;3,632742539926817E-10;2,8577073660703285E-12;1,7073214317685552E-10;2,0983197947817285E-08;4,1458197588581214E-10;1,0015482547602846E-11;
8;4,921732919521186E-11;8,790396300943321E-08;0,7615832649010308;0,7615832643601946;2,3308608205991933E-10;1,0261479184517415E-09;2,007596721791195E-11;0,7615832643775458;
9;2,653187869293194E-10;3,2960484994182715E-10;1,9461692592611224E-10;1,389238611246499E-11;5,814690092741734E-10;1,259201256669667E-10;2,592080723484967E-10;2,4146146100859947E-12;
10;1,2389024120877692E-10;0,006566542389424776;2,704140599481587E-10;4,745139000195001E-12;8,693894304239732E-14;1,3867725250597588E-12;0,7615832757591843;0,7615832643778121;
11;2,1937949278748278E-10;1,489996645953871E-11;0,7615832665069028;1,451972099528839E-12;2,023849001171093E-10;3,470083027291192E-08;5,133819000330183E-10;2,124837632751252E-12;
12;4,2481718051890915E-10;6,959289223663453E-08;9,382114747407673;5,9071736022278484E-12;6,229909890093159E-15;5,162500055775816E-11;9,19175121938229E-10;9,38211463297892;
13;1,953154314711253E-10;3,423778246501008E-10;5,222379330953547E-10;2,596641847102735E-13;4,160395657095499E-09;4,325075319826684E-13;3,794453033070639E-10;1,8928076766179814E-11;
14;1,939930647167213E-11;9,846036551053355E-09;2,2353614069089636E-10;0,7615832643781631;3,788167584432033E-14;0,7615832643561697;4,1342230433177547E-10;0,7615832643892723;
15;6,76356588759813E-13;8,831861863707582E-12;0,7615832665311052;0,7615832643736025;4,782894733808404E-11;7,773957354845193E-11;0,761583265943815;0,7615832644198887;
16;7,01185205682739E-12;6,860077955132416E-09;4,00871327161793E-11;7,285396836663036E-12;3,657750215390401E-11;6,562772183896049E-08;4,568425883403116E-11;2,6967429238517026E-11;
17;8,089412827394309E-12;3,853122705550705E-08;0,7615832654523845;0,7615832643716904;2,796177503895585E-13;9,604657912749506E-09;0,7615832646854567;0,7615832644257639;
18;2,3422401148301854E-09;3,480069527980004E-09;0,7615832655354868;6,676715945622581E-12;1,0407278861658264E-10;1,927037019039828E-08;0,7615832646428177;0,7615832643751381;
19;3,32165108639336E-10;0,00016174735597729095;0,7615832644811894;1,8337067425800696E-11;9,557443441128587E-11;6,934476348103062E-08;1,050765467540124E-11;0,7615832643844057;
20;8,090099934556881E-10;1,3038181833869972E-13;8,291398558986252E-11;2,1454652762660115E-12;4,471297985160978E-10;2,8203048266677815E-12;5,499172362442739E-10;2,6555585696676742E-14;
21;2,0751220672062996E-10;0,7615832643561633;0,7615832659656798;0,7615832643661373;5,37951791866429E-11;0,7615832643561558;0,761583264493518;0,7615832643934719;
22;2,0177125755223464E-09;1,605930102467747E-08;0,7615832652817328;0,7615832643984718;8,425975493941426E-15;2,2945803401752878E-08;6,605055202198878E-10;3,035094010074361E-12;
23;2,8778365467090147E-11;2,1671211989512443E-06;0,7615832645238737;1,1816752724102996E-12;3,3005898379146655E-05;1,4036369057985713E-08;1,8594949580933555E-10;0,7615832643695654;
24;5,3523576985680715E-12;2,525289149974328E-10;9,580821807075929E-10;1,7481286455636575E-11;5,018913966298945E-13;6,072607436666054E-09;8,789552985422048E-10;6,802275841782561E-12;
25;8,64178080175617E-14;1,210467518853737E-08;0,76158326477076;0,7615832643760884;2,0116836026341184E-08;8,271277215821426E-09;0,7615832666402786;3,403157775784327E-11;
26;2,2451399594676056E-08;3,0088124121314714E-09;6,393812641082655E-10;9,29889658950401E-11;1,0887141769690007E-11;4,530710172872434E-09;1,237634305021647E-10;3,2487398077991964E-12;
27;2,6867504480714257E-13;3,08241307073929E-09;1,1876031709289526E-10;4,992993834651501E-12;9,29971179921433E-12;0,005500082238260656;0,761583264817326;0,7615832643580823;
28;2,206922534462708E-13;8,42097713784473E-09;4,461083845707121E-10;5,288731524082445E-07;9,660320269763685E-12;2,8969329751611384E-11;4,9153232207873827E-11;2,99654409141348E-13;
29;5,256791971711623E-10;2,327799189173273E-10;7,323301252321571E-11;6,153794724468972E-12;6,39113051145867E-12;6,02524865168316E-10;9,382114689869466;6,958423716066354E-13;
30;1,1808724468505658E-12;5,2342341011850317E-11;1,6299712395723572E-10;6,739003081805353E-12;2,2530364780100755E-08;1,1328520797224968E-07;5,127076293878145E-10;2,7346186304860223E-11;
31;6,850667306028734E-11;4,948210987974044E-10;0,7615832693076792;0,7615832643879459;6,6597431175404285E-12;1,2716479156572023E-12;0,7615832644893868;0,7615832643595787;
32;1,0014968530925968E-11;4,485801054721219E-09;0,7615832644632207;1,1386460510742993E-11;3,508659407525038E-14;0,0002731881208098073;5,023851813204514E-10;1,5126649244612945E-12;
33;9,778656881890403E-12;3,5171740547610008E-09;1,7148783123933371E-10;2,5215988562724627E-13;3,478006764749711E-10;1,2313747064076615E-09;2,941904929085431E-10;1,0988480959725804E-12;
34;1,7124081690953588E-10;1,920927119630862E-10;4,797573962094473E-10;8,335509764498485E-12;8,919983545425403E-11;4,810316891194389E-09;1,4479988484413489E-10;1,925595386618038E-12;
35;4,969099002857794E-11;8,360451764140538E-11;0,7615832649732183;0,7615832643727287;7,660303383932558E-08;2,474620481917121E-08;0,7615832650456601;0,7615832643899799;
36;2,8590746252464113E-13;3,718344313236627E-10;0,7615832765293358;0,7615832643994002;0,7615832643561588;7,945167086487365E-10;0,7615832660686518;0,7615832643580952;
37;1,3300250422546379E-12;3,5009197688252227E-09;6,812772519915387E-10;8,583860976830765E-12;1,145818608545493E-13;1,2369879945435193E-07;4,5870350769333996E-10;2,1100271482402607E-11;
38;2,7121477515060792E-12;1,6841141369283407E-13;0,7615832668331266;0,7615832643982468;1,1346195747395943E-08;2,424832204589944E-09;0,7615832726977008;0,7615832643681054;
39;8,171975100625396E-12;9,500765711423808E-10;0,7615832657978963;0,7615832643616387;9,154244065580028E-11;8,05530549350466E-09;8,939799932369124E-11;0,7615832643582651;
40;1,3959811205534438E-07;8,271254288335483E-09;0,7615832650434703;1,4609182260915575E-11;5,4321830058957165E-11;0,7615832643562399;2,5925084059432346E-10;1,1297670645922063E-11;
41;7,347389577493592E-13;2,0504421782031692E-11;8,304093020335097E-10;2,23593373001308E-11;6,964755815513225E-10;1,2575982694664649E-10;1,7803081099090547E-10;2,5766785132851934E-11;
42;1,062532029441297E-09;3,48674729935295E-06;0,7615832656795019;0,7615832643988629;2,036469018598619E-11;0,7615832643561458;0,7615832674678061;0,7615832643585109;
43;2,233212065231159E-11;2,0242482034896196E-09;2,794101580804426E-10;9,268449927982914E-12;3,716516151484854E-12;6,399941210530632E-09;2,544651894369844E-11;1,1547603221743972E-11;
44;5,3091132557721644E-11;1,4339516587761981E-08;3,449362647356314E-10;2,0286883169170445E-12;3,709528314995487E-11;8,393526699814441E-11;0,7615832652952422;0,7615832643601976;
45;7,886260386696837E-11;3,932963530144236E-11;2,491899336719686E-10;9,634306960267698E-11;3,1004459063363847E-10;1,1326914012410832E-07;1,096391241872067E-10;1,8281639373156934E-12;
46;2,8130828427718523E-16;5,471804185005154E-10;2,429200678126494E-10;9,949336280865402E-14;1,2524502514593543E-09;5,127007829128808E-08;3,7883494704372075E-10;4,302676789337534E-12;
47;3,168762285986705E-12;3,245831678166811E-11;4,626411725823933E-10;7,255742226120897E-11;1,8086903518200746E-10;4,956278821685579E-09;2,33183075097305E-10;6,495051005385628E-12;
48;2,1122098035719893E-09;1,3387300065223052E-10;0,7615832657687888;0,761583264360578;1,818042611315157E-10;3,7034885970914592E-09;0,7615832646433246;0,7615832643746677;
49;0,761583264356138;2,9708978841165164E-08;1,5075288224027675E-09;5,370173787009591E-12;2,788905069328254E-12;7,78710653108787E-09;0,7615832669506885;0,7615832643789263;
50;7,624405261909693E-12;1,8465136401965407E-09;3,9333895824528153E-10;0,7615832643563224;5,1161722490471225E-11;2,6911920370483516E-07;0,7615832656175245;0,7615832644083764;



Execution Time: 376885 ms
