




============================================================================
Função: Griewangk
============================================================================
parameter;GEOreal1_O;GEOreal1_P;GEOreal1_N;GEOreal2_O_OI;GEOreal2_P_OI;GEOreal2_N_OI;GEOreal2_O_DS;GEOreal2_P_DS;GEOreal2_N_DS;
meanNFE;100001;100001;100001;100036;100016;100143;100036;100016;100036;
meanFX;0;0,14342428105188965;0,08917082436503446;0;0,01032683900460925;0,007352199924137319;0;0,006217180661867383;0,009819917070949629;
sdFX;0;0,031177695345337788;0,0298465135807128;0;0,011251437030626836;0,009980669545644055;0;0,00854816833009606;0,010707711639351653;
==========================================================
===> f(x) médio para cada NFE:
NFE;GEOreal1_O;GEOreal1_P;GEOreal1_N;GEOreal2_O_OI;GEOreal2_P_OI;GEOreal2_N_OI;GEOreal2_O_DS;GEOreal2_P_DS;GEOreal2_N_DS;
500;1,2171548646231265;236,5592517316075;297,0733656839978;2,2509875890411735;218,61956980084054;288,1482023691711;88401,38032800882;239,1578845879643;275,44950856695164;
1000;0,19091334324617126;171,76532670381195;282,7442374339641;0,41448420708306877;144,73328877407081;266,2858736197808;0,741023260109757;177,35439116480265;244,34892548269625;
1500;0,047650550113656195;117,3313006328324;268,19898615207;0,10619400955888804;93,04505697271257;244,63784789137594;0,4074056576838116;130,52661141562643;214,7506950175586;
2000;0,0296872480455586;73,73690567666512;254,9722177857224;0,04858167982956831;54,390783110434406;224,84783958455824;0,26317614102972375;93,63259767032281;186,90102182167482;
2500;0,01949663840451183;41,372651459812936;241,34404879882533;0,024558265018840446;30,835893570810445;205,88791372371983;0,20624403711920336;63,87455362617668;162,85762874409016;
3000;0,013428880429528538;19,6055740983554;228,17450328696577;0,014507611396758616;16,293314400240575;188,13956654823548;0,1250288970957557;41,445472897211395;139,69800672550957;
3500;0,008005744305707099;7,830068407401104;215,39019489878575;0,010926096835915323;8,585520552400029;170,68658041187788;0,08776471454017674;27,265449385558824;120,07004978331008;
4000;0,004346388996579338;3,120459492752076;202,96115201899244;0,009604020548319013;3,7610014278795414;154,81326234582448;0,05926055615858991;15,98126969431734;101,65813294005162;
4500;0,0036310829802585843;1,3666701096193188;190,37489077484267;0,0049176614265601425;2,0804378652590514;139,9951988451289;0,03924892117262316;9,691525749929024;86,83674735489797;
5000;0,0030023394678988;0,8723784018540296;178,7586311540807;0,004430010330683167;1,3361147539224871;122,98536482848601;0,02615082067078035;5,340743478511112;72,14239868707442;
6000;0,0019657027171865993;0,5598531563473925;156,81903893118314;0,0016956962257600905;0,5400814593020007;98,71580550324754;0,014588084375872586;1,78420202729711;47,505380799117574;
7000;0,0007433880387448966;0,4326329752879655;136,6596507587358;0,0006840694484872078;0,29844651032181857;78,04964536289752;0,006267990437061159;0,5466486711354337;30,35451563160504;
8000;7,727152251391089E-15;0,3779178485831835;117,0107150539836;3,70536934468646E-13;0,22503839643420742;60,29744936007656;0,003915318926155955;0,27522357852921386;17,925641317653625;
9000;0;0,3310941485846703;99,8751949591514;0;0,15863667755691965;45,86647070021685;0,0014222431985087614;0,1691846019774866;9,39851733613089;
10000;0;0,2988751919488503;84,49413387892659;0;0,12821980219045873;33,44769030909529;0,0005408686788887085;0,11479921054022924;4,984018483286526;
12000;0;0,271439154636971;57,68273432707836;0;0,08334472854806695;17,027672985297;1,6383546195042342E-07;0,06987444499612756;1,6717246203510359;
14000;0;0,2501903910930567;36,747766981649086;0;0,06970155325121205;7,28214743545174;0;0,06263619496821464;0,8534103057327096;
16000;0;0,23219169685225566;21,772091131366604;0;0,060501365416586024;3,000293129016959;0;0,05120798304105085;0,36782637906340215;
18000;0;0,2171376147515031;12,60636437090296;0;0,05748443428021922;1,8026669502394088;0;0,04347023607363991;0,16977494244096583;
20000;0;0,2099612078936218;7,4396397126239835;0;0,04415274843372192;1,0142959706274641;0;0,03811994000432036;0,11169862504978506;
25000;0;0,19604916200836364;2,2417753094804826;0;0,03527469505441536;0,343791055420771;0;0,031165469954605028;0,046394107055922784;
30000;0;0,1853888773151408;0,9363462195001714;0;0,032408034369558456;0,15507838151446393;0;0,024600492647816264;0,036328670018690105;
35000;0;0,17424837944764743;0,5305433764352663;0;0,02907716579372074;0,08584695190107461;0;0,0206113826364634;0,030151190166670987;
40000;0;0,1670965614844591;0,3631450964511499;0;0,028219779902327116;0,057472310772590525;0;0,01609663366380996;0,028082680358102918;
45000;0;0,1616454803358288;0,2640092954917185;0;0,024930969247466263;0,03767839294781718;0;0,014657125725969247;0,024498389235222975;
50000;0;0,15912268892334427;0,21433164126494902;0;0,023163896739853407;0,021302518865766576;0;0,01383445214538605;0,022950149173960713;
55000;0;0,15552817490973064;0,15701153303242898;0;0,01886355696435543;0,01530602980202381;0;0,013822281137795916;0,02236458219355495;
60000;0;0,1534130625522919;0,13274235045281332;0;0,018126506618819184;0,014581237141533632;0;0,011508732947356421;0,020804640479827455;
65000;0;0,15183259638547547;0,12552715257507777;0;0,01655698585742983;0,013964883606045213;0;0,009925951603817621;0,017976661423947046;
70000;0;0,15154605337400873;0,11537923256644621;0;0,01402178978969981;0,013096576849370023;0;0,009247026152865694;0,017078499132745707;
75000;0;0,1505903895407624;0,10804621341885923;0;0,013588847632172534;0,012554257971617964;0;0,008594144058268529;0,015399723316748373;
80000;0;0,14767263894173518;0,10193411148816986;0;0,01199981116750384;0,011884740835873224;0;0,008247968032221074;0,013280782145493542;
85000;0;0,14577288440053646;0,0993964137560074;0;0,011754057716715642;0,009996997193848332;0;0,007835285152943149;0,01276904819918951;
90000;0;0,14419417098069612;0,0953417616665871;0;0,010804073739761071;0,007604477609329545;0;0,007473283168345493;0,012086954689296426;
95000;0;0,14419417098069612;0,09454562429105033;0;0,010414834789410694;0,007544524054839612;0;0,007081209302364801;0,01040776768056034;
100000;0;0,14342428105188965;0,08917082436503446;0;0,01032683900460925;0,007352199924137319;0;0,006217180661867383;0,009819917070949629;

==========================================================
===> Melhores f(x) para cada execução:
execucao;GEOreal1_O;GEOreal1_P;GEOreal1_N;GEOreal2_O_OI;GEOreal2_P_OI;GEOreal2_N_OI;GEOreal2_O_DS;GEOreal2_P_DS;GEOreal2_N_DS;
1;0;0,10063056152427086;0,05553776855443726;0;0,022194200788922425;1,32759065524235E-05;0;0,0033931246994497455;0,00016314846147313933;
2;0;0,12858396985242226;0,09119620191653433;0;0,05410364546797919;0,03279949022366946;0;0,0021433365054995823;0,009935397814209712;
3;0;0,11182660372469488;0,08059301747663283;0;0,01969771313177482;0,006667385624214539;0;0,00016940139964705114;0,00017679618392141272;
4;0;0,11353007784762614;0,07526243760962803;0;0,007403412139305954;0,009873393039785627;0;0,00018979373086613904;0,010071771803307428;
5;0;0,11648456138409391;0,09167274811552917;0;0,029500565699379755;1,5156189650755714E-05;0;0,015088254422554126;0,00025070951292871513;
6;0;0,15604705282486642;0,129010601437614;0;0,017236269945657967;0,0005422668154290156;0;0,0004763654791656302;0,027295263897673894;
7;0;0,13367396429475287;0,07815878220819594;0;0,010677373444093363;0,016423512034818732;0;0,00019394856344734368;0,0003347834106935954;
8;0;0,1216027265259334;0,10232918099585908;0;0,015412967656757703;0,0114118730706525;0;0,0002468255039618228;0,03226393187181309;
9;0;0,2086449469690136;0,07386837217261;0;0,010496941282020722;7,385588945374444E-05;0;0,0004976793687863079;0,007467208492124899;
10;0;0,1568368401790966;0,07576368647387755;0;0,020548102872062768;0,012331968856890141;0;0,0017109980612028952;0,00021865719285829588;
11;0;0,1613211998323434;0,0956505298331255;0;0,011134067263825376;8,613675958168976E-06;0;0,02988828040361413;0,010115939422563613;
12;0;0,2094620735652195;0,12353021946919174;0;0,0025613482804091037;0,02463073877012023;0;0,012848041070765426;0,00010015387170170253;
13;0;0,15130534510926674;0,052169337393302984;0;0,008441804476674197;0,014385611754238914;0;0,015400421883109972;0,0001263527251801344;
14;0;0,1874858941077212;0,1306688478973751;0;0,0010570473988942286;3,234603933466307E-05;0;0,0006074539783663679;0,015401316595616166;
15;0;0,15197156415931123;0,06655725220620057;0;0,007398565405515978;0,005260739944212167;0;0,003684388655523896;0,00010263534624688209;
16;0;0,11295483369600667;0,08444719406963186;0;1,4505863840219568E-05;0,02959351566874846;0;0,017422213417041532;0,00019537212083464706;
17;0;0,1547856456293979;0,09398572508454806;0;0,032026341782154466;2,3903776781075692E-05;0;0,0009692487777657188;0,015007302481878537;
18;0;0,1961139852876932;0,0727125091496662;0;0,030036647590927168;4,076221403803704E-05;0;0,00022280031131538536;0,00771538169671937;
19;0;0,132616099185631;0,09773880485328501;0;0,0018588474265176513;0,0007111740775449515;0;0,008059067353971328;0,00997925328195548;
20;0;0,11143771457212504;0,10744946256817922;0;0,027037332992041585;5,1643300062242936E-05;0;0,00016704974570458386;0,0321264206425208;
21;0;0,17122315803072063;0,059153775063089054;0;0,00067258452681207;0,02705047684185824;0;0,0006813729469815621;0,037011175085266856;
22;0;0,13344017860177648;0,18495941083877576;0;0,01976070542363151;1,4290587873611038E-05;0;0,015159315352861746;0,001271913170383998;
23;0;0,18372781721699916;0,0929819180354573;0;0,0016287489166257885;0,00024401480946145693;0;0,020247968380800563;0,0001682186209635006;
24;0;0,14348699816258492;0,157442411920506;0;0,015403902583350337;1,8053699712861082E-05;0;0,0003231730691617418;0,02469347625012408;
25;0;0,1329110405248225;0,10259199771040295;0;7,018877158038173E-06;7,625569990676873E-06;0;0,013770200808273292;0,022239240921388848;
26;0;0,12096018926353591;0,0387692460791752;0;7,2108046120678E-05;0,020225644872045923;0;0,0005659572883347508;0,013082437848353168;
27;0;0,1082309775332223;0,08911770419311515;0;0,0005243639492302776;2,3876484422591382E-05;0;0,0015588408422604338;0,000266129498968537;
28;0;0,14459238547384468;0,09628699703215271;0;0,01130373056756595;0,027555333572693463;0;0,0009669235630481721;0,008622904776029894;
29;0;0,16560601175413714;0,034486316779037685;0;0,00750589722988515;2,3302672450320472E-05;0;0,002414100277546516;0,019807038751604833;
30;0;0,1082681313621684;0,053080100147455345;0;5,548054409221237E-07;0,01854607358011484;0;0,010026669304477043;0,00043303886637879874;
31;0;0,12866721200634712;0,07505779685059821;0;1,0968677854883424E-08;0,012666779455992039;0;0,000326754545884933;9,868085015085626E-05;
32;0;0,11792955523437354;0,08527441482829767;0;0,00023516929374012285;5,48893531149286E-06;0;0,002202211126695386;0,0001672495840042698;
33;0;0,1653174104042705;0,05891642964649424;0;5,953743683839718E-06;0,0001514567371466713;0;0,0005267537368474073;0,009986335778388145;
34;0;0,10967304660519772;0,11283966749962249;0;0,01972002426252817;0,03175340291759654;0;0,0009581835648646564;0,02965324582200557;
35;0;0,1342621224803583;0,0919618270984448;0;0,014024993682690723;0,0037382405071959557;0;0,01608600231113111;0,007601809084736066;
36;0;0,07601027106095815;0,07506746620727434;0;0,005356546516981253;0,0002666908239933319;0;0,009412577234274688;0,024620748913073198;
37;0;0,17512379460984284;0,11296394909047824;0;0,0073979941627476675;0,012339646744343957;0;0,0012953461346711936;0,0002972675901420363;
38;0;0,16514309578747532;0,10612064171817714;0;0,0073964931670778;7,05335054698164E-05;0;0,006674915966215167;0,012768693102616524;
39;0;0,1715134623767839;0,11463377577467393;0;0,00018199732454093898;0,005323979882141616;0;0,00022751621541372558;0,00014078759489111192;
40;0;0,09405483289057337;0,05209827559531566;0;2,0467734396234505E-08;8,967711820240254E-06;0;0,03541516928402266;0,00027948917993747546;
41;0;0,13517609536612507;0,06690653026245474;0;4,95754343907695E-05;0,014825789181590499;0;0,0009651056334134545;0,012716015667041392;
42;0;0,10038301535839833;0,10239875454851366;0;0,009975823657688121;0,00013930919807725317;0;0,00149168136729938;0,010255354953485285;
43;0;0,1326375449962245;0,05901455987184534;0;0,00035935115628826786;0,012333073827620611;0;0,012932184525355939;0,014909280509669998;
44;0;0,1921374109828654;0,08181886678971662;0;0,014806556528443426;9,363582793664449E-05;0;0,020002208837568647;0,008055528556524028;
45;0;0,14441015499992738;0,10918129893276529;0;0,019720547371465447;0,01009073785116299;0;0,0003231459942395487;6,653529663569469E-05;
46;0;0,18129887843947046;0,08323641889150712;0;0,011974165498415457;5,955973503513068E-05;0;0,0004920043582142819;0,0002496632968030932;
47;0;0,139568695368109;0,08856419107381586;0;0,0017732244886617954;0,001410171735423349;0;0,0007801545713782554;0,00012161062962801061;
48;0;0,18197443387547219;0,1587240942004715;0;0,017549772585000012;0,00012132540761078392;0;0,0005943248438762261;0,029726588098057394;
49;0;0,1678067019247369;0,06451258604466115;0;8,85343759816637E-05;2,6365579211984347E-05;0;0,0005489099437337996;0,015006358715465629;
50;0;0,1283637696316774;0,07207711604200295;0;7,879709149394287E-06;0,0035849210794052233;0;0,020510667732763888;0,007631239708541626;






============================================================================
Função: Rastringin
============================================================================
parameter;GEOreal1_O;GEOreal1_P;GEOreal1_N;GEOreal2_O_OI;GEOreal2_P_OI;GEOreal2_N_OI;GEOreal2_O_DS;GEOreal2_P_DS;GEOreal2_N_DS;
meanNFE;100001;100001;100001;100143;100049;100638;100143;100049;100638;
meanFX;0;0,09900873423957605;0,15726046653318876;0;9,947598300641404E-16;4,263256414560601E-16;0;8,526512829121202E-16;1,5631940186722204E-15;
sdFX;0;0,019363683762500826;0,024076368692659937;0;2,490522154757468E-15;1,7045773680173346E-15;0;2,332432719209379E-15;2,973279987347726E-15;
==========================================================
===> f(x) médio para cada NFE:
NFE;GEOreal1_O;GEOreal1_P;GEOreal1_N;GEOreal2_O_OI;GEOreal2_P_OI;GEOreal2_N_OI;GEOreal2_O_DS;GEOreal2_P_DS;GEOreal2_N_DS;
500;67,46204301246698;150,71659298784672;130,63647904738338;36,15547270001066;176,57384786439547;216,2632443422799;54,964824906916945;190,33510785690626;221,41296889222792;
1000;23,083052192214264;121,31296632410596;79,56237153098508;11,250976632712993;135,14016526178477;95,16247360244836;17,194568134988895;155,3934781792097;154,09376079777402;
1500;9,479100690269318;100,01558866310135;51,51300430620848;4,51865278297098;109,30210002311341;52,87024830695042;5,042778055178012;128,30116261035695;116,96168656191388;
2000;3,809367658680977;83,84198515174052;31,573667935553782;2,176848988646535;86,70527884082041;32,80557448832965;1,6238414815204703;108,15018370459137;88,51443810155132;
2500;1,454699748878576;70,38520935883244;20,672008702393185;0,7514370298042321;69,70514127337053;30,009473750002165;0,7612265827933608;93,05410130916684;83,66408571599128;
3000;0,6549467468502017;60,754100939997926;14,061657433942068;0,36380107708678805;57,01278092798081;19,108292715032714;0,18542339825308218;78,35834485154231;62,77886607594955;
3500;0,20146875127073754;52,168078944159646;9,587347962718011;0,23127996453674868;47,26029785073715;13,451135837036556;0,04111289722141052;66,5732637224073;48,761842158550095;
4000;0,0777223026267491;43,42219283990651;6,816009474988138;0,11861771521614813;39,52909684289677;10,375216434004555;0,0006199291279013153;57,182857995421294;40,2206797873829;
4500;0,00392588153484283;37,18747195572942;4,773152368966855;0,09864821722157742;32,85163081700816;8,380255671669193;2,9251241844576725E-05;49,50874456140614;33,235849437986055;
5000;0,003915588425428496;33,37530307091472;3,471949863117252;0,05993943214666302;27,67107686077614;7,70338100971972;2,228721720143767E-05;43,67592112836604;30,509039121412364;
6000;0,0013548166777344762;26,403341598091473;1,8719770663852326;0,007359434999114427;19,42698840175777;5,044547366385136;8,179154065146577E-10;33,739850424627086;21,670586112730472;
7000;6,500968652289884E-11;21,032719126417728;1,0359052981956705;1,7703891330711485E-09;14,252563418048474;3,88357680755635;5,968558980384841E-15;25,779373373684926;17,286125462202914;
8000;1,851674369390821E-13;17,53127913165835;0,6782799524671067;3,822719918389339E-13;10,219904063127856;2,923980570451641;2,2737367544323206E-15;19,28314385416561;13,475784839904318;
9000;4,263256414560601E-15;14,367526727800309;0,4973797351190028;0;7,543956278583214;2,339723960553091;1,2789769243681803E-15;14,62747544684676;10,643289408650709;
10000;1,5631940186722204E-15;11,89842246921111;0,37631849257594396;0;6,086158423069619;1,9516601030296656;9,947598300641404E-16;12,027864748116095;8,79788024611438;
12000;7,105427357601002E-16;7,892335042496253;0,27286525717510984;0;3,8072153130834403;1,1739326759594488;0;7,58802928640925;6,155995417959202;
14000;2,842170943040401E-16;5,998982073718749;0,24622841150355954;0;2,2440134754941177;0,6830342480394765;0;5,1757635665521216;4,69252540870168;
16000;0;4,459168312479861;0,23445180158395032;0;1,4147464676110064;0,42314699549793117;0;3,604480214463343;3,433553458656363;
18000;0;3,471774870834212;0,23098136192673024;0;0,9383875465500532;0,2851879299865179;0;2,707644136286179;2,6552370522352033;
20000;0;2,690196201690043;0,22833397699612307;0;0,5457899187123132;0,1656715831290603;0;2,048539534841182;2,1570039756543133;
25000;0;1,47684842406111;0,2121105913170463;0;0,19908481635613512;0,05055287091489888;0;1,1297460842657225;1,2674124929471662;
30000;0;0,8687011745449899;0,20219263798033238;0;0,05932379940933501;0,00010312570734299697;0;0,5007248701913126;0,6980545089251202;
35000;0;0,55084889763808;0,19330035606161772;0;0,01972219863108336;2,627343910432955E-07;0;0,25992551718474444;0,40855681597251403;
40000;0;0,40587531597930093;0,18976949780211427;0;7,92587630130015E-06;3,420688017286011E-09;0;0,06011868645396632;0,20327612155125607;
45000;0;0,26223224023502456;0,18578837852161498;0;1,8974837701080103E-09;2,961513700938667E-11;0;0,028853986744503714;0,15634145930396784;
50000;0;0,2038752009737702;0,18326126118059236;0;9,178057780445669E-10;1,8474111129762605E-14;0;0,017028154994345925;0,11326518832798627;
55000;0;0,16001446641298983;0,17638421346085478;0;9,175136028716224E-10;6,394884621840902E-15;0;4,933448846600185E-07;0,08189165901645694;
60000;0;0,13364430675139033;0,17387672464190784;0;1,4765845435249504E-10;4,547473508864641E-15;0;4,455557700566715E-11;0,04140194523174657;
65000;0;0,10955962776386328;0,17075146551171996;0;1,9507382376104943E-11;2,1316282072803005E-15;0;1,1937117960769683E-14;0,001420450104126587;
70000;0;0,1069896330640617;0,16810534071074457;0;2,9842794901924207E-15;1,7053025658242404E-15;0;3,4106051316484808E-15;4,15987247066596E-07;
75000;0;0,10599333570096164;0,16601344280746588;0;2,2737367544323206E-15;1,1368683772161603E-15;0;2,1316282072803005E-15;2,160976464438136E-09;
80000;0;0,10472770546889748;0,16466250723802872;0;1,8474111129762605E-15;8,526512829121202E-16;0;1,7053025658242404E-15;6,3077720824367135E-12;
85000;0;0,10277894668838555;0,16273512450225808;0;1,4210854715202005E-15;5,684341886080802E-16;0;1,1368683772161603E-15;1,8908963284047786E-12;
90000;0;0,10100348950504526;0,1610666836966182;0;1,1368683772161603E-15;5,684341886080802E-16;0;9,947598300641404E-16;3,836930773104541E-15;
95000;0;0,10033342900982418;0,16004555740175264;0;9,947598300641404E-16;5,684341886080802E-16;0;9,947598300641404E-16;1,9895196601282807E-15;
100000;0;0,09900873423957605;0,15726046653318876;0;9,947598300641404E-16;4,263256414560601E-16;0;8,526512829121202E-16;1,7053025658242404E-15;

==========================================================
===> Melhores f(x) para cada execução:
execucao;GEOreal1_O;GEOreal1_P;GEOreal1_N;GEOreal2_O_OI;GEOreal2_P_OI;GEOreal2_N_OI;GEOreal2_O_DS;GEOreal2_P_DS;GEOreal2_N_DS;
1;0;0,08453551719226482;0,20994394133106198;0;0;0;0;0;0;
2;0;0,07459656409372428;0,14366066483153617;0;0;0;0;0;0;
3;0;0,08326302505291494;0,17436647975635822;0;0;0;0;0;0;
4;0;0,07548521109101358;0,16835366551336506;0;0;0;0;0;0;
5;0;0,07836081740042289;0,1718906560964797;0;0;7,105427357601002E-15;0;0;0;
6;0;0,08520438597221158;0,12777660170787897;0;0;0;0;0;0;
7;0;0,109754946973176;0,15145762643398797;0;7,105427357601002E-15;7,105427357601002E-15;0;7,105427357601002E-15;0;
8;0;0,12339364947439435;0,17776429562165674;0;0;0;0;0;0;
9;0;0,13198788168535458;0,18423572194684112;0;0;0;0;0;0;
10;0;0,07242229965295621;0,12350286534876176;0;0;0;0;0;0;
11;0;0,12266949290239637;0,13204986522321605;0;0;0;0;0;0;
12;0;0,09140581415800852;0,1586853432932287;0;0;0;0;0;0;
13;0;0,0923834210594876;0,14467884728539104;0;0;0;0;0;0;
14;0;0,13442007549248558;0,14622762656092902;0;0;0;0;0;0;
15;0;0,1327468393531177;0,15294376164715118;0;0;0;0;0;7,105427357601002E-15;
16;0;0,07132690890601623;0,20125825107726314;0;7,105427357601002E-15;0;0;0;7,105427357601002E-15;
17;0;0,09955094463133207;0,1472957375356856;0;0;0;0;0;0;
18;0;0,11111424882825105;0,16146212354322387;0;7,105427357601002E-15;0;0;0;0;
19;0;0,0627047549656723;0,12480574914506803;0;0;0;0;0;0;
20;0;0,09785824832969325;0,17744741382287543;0;0;0;0;0;0;
21;0;0,12781849757076458;0,1041866161893168;0;0;0;0;0;7,105427357601002E-15;
22;0;0,0912866813474622;0,18257456626519541;0;0;0;0;0;0;
23;0;0,0963888026607691;0,1626607874569217;0;7,105427357601002E-15;0;0;0;0;
24;0;0,09222143747010847;0,14493229684966025;0;0;0;0;0;0;
25;0;0,08837441848174166;0,12324279128308291;0;0;0;0;0;0;
26;0;0,10264667990662701;0,15095282348926986;0;0;0;0;0;0;
27;0;0,11963282581868384;0,13374892947913963;0;0;0;0;0;0;
28;0;0,08787273784801641;0,15976224393797622;0;0;0;0;7,105427357601002E-15;0;
29;0;0,08433339564652442;0,14410292136397373;0;0;7,105427357601002E-15;0;0;7,105427357601002E-15;
30;0;0,07564653721424719;0,12666728421201867;0;0;0;0;0;0;
31;0;0,09529732794096901;0,1536697900861128;0;0;0;0;0;0;
32;0;0,11668255647238368;0,16788361336742952;0;0;0;0;0;0;
33;0;0,12777157138016548;0,14972404094238811;0;0;0;0;0;7,105427357601002E-15;
34;0;0,11126556232009222;0,14983637986697573;0;0;0;0;0;0;
35;0;0,08114935353151509;0,16469824259711174;0;0;0;0;0;0;
36;0;0,11828533493611104;0,16678816928367723;0;0;0;0;0;0;
37;0;0,08534211638834677;0,1633913539737577;0;0;0;0;0;0;
38;0;0,06406283482053965;0,17272039916504411;0;7,105427357601002E-15;0;0;7,105427357601002E-15;7,105427357601002E-15;
39;0;0,09515277109149878;0,17852671516894958;0;7,105427357601002E-15;0;0;0;7,105427357601002E-15;
40;0;0,1259330256670097;0,12219106906408683;0;0;0;0;7,105427357601002E-15;0;
41;0;0,11549576216237512;0,18179832822922037;0;0;0;0;0;7,105427357601002E-15;
42;0;0,09883473795225228;0,19215841021860314;0;0;0;0;0;7,105427357601002E-15;
43;0;0,0919077138688138;0,13613616593386269;0;0;0;0;0;0;
44;0;0,09625786473109343;0,20155796615470933;0;0;0;0;0;7,105427357601002E-15;
45;0;0,08006042350313436;0,15714404260861414;0;0;0;0;0;0;
46;0;0,11320906062766767;0,16210301136619165;0;0;0;0;7,105427357601002E-15;0;
47;0;0,112138875763371;0,16624698380884695;0;0;0;0;7,105427357601002E-15;0;
48;0;0,09489206825259089;0,1364404608131764;0;7,105427357601002E-15;0;0;0;7,105427357601002E-15;
49;0;0,09876887786502664;0,20538709614849182;0;0;0;0;0;0;
50;0;0,12652181152400743;0,12198258961367259;0;0;0;0;0;0;






============================================================================
Função: Rosenbrock
============================================================================
parameter;GEOreal1_O;GEOreal1_P;GEOreal1_N;GEOreal2_O_OI;GEOreal2_P_OI;GEOreal2_N_OI;GEOreal2_O_DS;GEOreal2_P_DS;GEOreal2_N_DS;
meanNFE;100001;100001;100001;100012;100012;100012;100024;100012;100012;
meanFX;0,004468411001678613;1,451738564589497E-06;8,651929181749434E-05;0,00030977194284963195;3,2614689748434986E-05;6,029149191193723E-05;0,00028107785899387415;2,3481896429776408E-05;0,00036848915369594947;
sdFX;0,004106195145153859;1,7018116138728838E-06;8,454957158025002E-05;0,0006080650055466381;0,0001804642924542131;7,789725727382887E-05;0,000578144372957198;0,00010601682479353583;0,0014349932450871909;
==========================================================
===> f(x) médio para cada NFE:
NFE;GEOreal1_O;GEOreal1_P;GEOreal1_N;GEOreal2_O_OI;GEOreal2_P_OI;GEOreal2_N_OI;GEOreal2_O_DS;GEOreal2_P_DS;GEOreal2_N_DS;
500;607097,7741535994;3,842265546321511;0,3220067411823691;0,9603550643834622;214,33442843020345;1,037957081843794;0,785808720214558;66,06582740495479;1,1286550558640571;
1000;607097,4352363464;0,48958846470274525;0,038096630566413464;0,5602840466728375;94,87055926902175;0,9898851295078863;0,6264219072115507;5,484818743609696;0,6958610474984619;
1500;23,954635789694436;0,2524838937138979;0,02207912289747479;0,42302906352851766;39,68813870050403;0,8622086201015633;0,41960033413030756;1,0188090694243364;0,5351740850770357;
2000;0,154480882628031;0,09080964805157901;0,010753131617904328;0,3046699256103969;15,319669895659981;0,5227789430039977;0,6207222931522679;0,8632341014647585;0,509223890775341;
2500;0,13324002507666421;0,03780683698914036;0,007623334792798269;0,22779948801253883;6,080779543051575;0,5313444893230619;1,3854180727457597;0,7647007759406627;0,37255254624463546;
3000;0,11450642754580036;0,023597245023792204;0,004986166259183697;0,2099307666286136;2,0244954041980483;0,34448149132425326;0,5064808601555865;0,6740484603097293;0,28086413298926693;
3500;0,10475659092460297;0,013642737768535869;0,0046585171097688945;0,18762514827575655;0,8385605250113207;0,1806842397457947;0,4497623128513665;0,5810534720140584;0,25747508462784596;
4000;0,09999960901146165;0,00842233842203196;0,0029738187182753;0,1778161675302887;0,6619459512947422;0,1613292624191186;0,18651042337939708;0,4981930134506519;0,25851920014935686;
4500;0,08382611148724811;0,0037527712586639035;0,0026246398293425415;0,16088741917975127;0,57255129202976;0,05208037394471166;0,14899061201868505;0,4115923184694693;0,24511258774449934;
5000;0,07635923302574024;0,00261827753734571;0,002461254622955416;0,15703625294444398;0,5011018170941854;0,049986217636269786;0,13025641205800842;0,3688592077966825;0,1926068875086775;
6000;0,06965201100577294;0,0012228544130034142;0,0019154860245904587;0,15515042912254834;0,3715113563783939;0,03387463070591721;0,07754542095245076;0,2830057265443644;0,17491681959290217;
7000;0,06257235395749476;0,0008695112755347348;0,0015380741622368615;0,1469224445098403;0,2821558271008195;0,024698641314360142;0,0663397213881758;0,20485482218187265;0,12034918706176749;
8000;0,05744034051005072;0,000316586537381051;0,0012238090410789523;0,07745458935246971;0,2106499508260655;0,019889821677066835;0,05938050221531037;0,16254504718774668;0,055959895077909085;
9000;0,04851193549594071;0,000228191098158077;0,0010054882825986334;0,07284912657407877;0,15010289992442835;0,015907317171390142;0,05092564592144662;0,1164767709895766;0,053251542172896106;
10000;0,04327225555756206;0,00020628889237928356;0,0007663806704505789;0,06560515934900021;0,1219088094546372;0,014584442261986005;0,046592480886232544;0,09216994910809963;0,04958494844740405;
12000;0,03614571969847849;0,00012728822914586743;0,0005903909792199634;0,05529252324490556;0,06386167488127335;0,012805173217165268;0,04096660477020303;0,04183397876940899;0,04661520193254373;
14000;0,028904390142064636;1,6315656037720417E-05;0,0005272698529850325;0,045073960799951206;0,03879094080839825;0,008880065359699728;0,03425357496421995;0,028630178725240252;0,03717211450389344;
16000;0,026504731246324336;1,4531677105813001E-05;0,0005136022910366318;0,03534434224073991;0,02833030135392998;0,0070113919651190095;0,025432346739638755;0,02088298512281773;0,022432050448546997;
18000;0,02535611967835169;1,2443240905398987E-05;0,00041922122373507154;0,02990044763152208;0,02201291157499777;0,004458400869415618;0,019188103475106008;0,01505429768698942;0,019172453920184372;
20000;0,023119143463152837;9,962625778843697E-06;0,00040276039662177595;0,025571019014891602;0,01718584723461307;0,002930823067404273;0,016050285751059042;0,011240325261062192;0,013741932806322745;
25000;0,01798838442418533;7,4272318525186E-06;0,00032440919653495845;0,017990410839456433;0,009371471650121232;0,0013701971343287175;0,01059703021697493;0,004762863375333127;0,012208953197801155;
30000;0,01468532027982119;6,403945175443475E-06;0,0002629136825697049;0,012972736652684771;0,0052632586433612885;0,0003993237371453577;0,005132231456367184;0,0023503828758005556;0,008252323189952164;
35000;0,014349400340462946;5,71518442049204E-06;0,00022969538569372693;0,01106169771308147;0,0029852633030325016;0,00034786908535725555;0,004071134662580658;0,001360645385451697;0,006698376298501488;
40000;0,013296777304688272;4,67875127998313E-06;0,0001807971840582739;0,006536786264736465;0,0016063264839783862;0,0003258849536129971;0,004045183353115514;0,000976391476765669;0,005504769098452516;
45000;0,0118367745994666;4,099331937126605E-06;0,0001722151234008954;0,0035500548853339524;0,001109079111467376;0,0002345494918264553;0,003005113262188095;0,0008552473153446992;0,0033618688777287496;
50000;0,010252975307552243;3,658833625026436E-06;0,0001681910130087003;0,003413920838940182;0,0006960396329569801;0,00019727351927916755;0,0022266705789130243;0,00057128092092206;0,001964933877628559;
55000;0,008865723234740134;3,2549393736127482E-06;0,00016435550078525884;0,0017255504453154676;0,00035641334053714284;0,00016972986886764293;0,0015222756379284594;0,0003158675382729378;0,0018469645595409927;
60000;0,0075925163318460165;2,7231379410271827E-06;0,00013669146220602292;0,001034663402650854;0,00021953593903104515;0,00014825547401357866;0,0012814898347353874;0,0002720985072597473;0,0015858239673584363;
65000;0,007026447235040294;2,6372620022285767E-06;0,00012919748841558646;0,0009575971001836923;0,00016150739443428905;0,00014796311913910047;0,0005380282706317862;0,00012159983589251006;0,001490908590794047;
70000;0,005906586682143808;2,3358600355577495E-06;0,00012464579571150574;0,0008721236197323685;0,000123493224481638;0,0001178005396813849;0,0005159312322629533;8,63750465821478E-05;0,0011211032608209584;
75000;0,005747952831519212;2,1396272775186107E-06;0,00010901220649222041;0,0006768659999331079;6,180577957052236E-05;0,00011572591642723829;0,00047485392338554133;5,2861731640116074E-05;0,0011127817184575016;
80000;0,0056184792233694445;1,8016517560764754E-06;0,00010901220649222041;0,0006704543983912787;5,4469425846097287E-05;8,358677426509958E-05;0,0003978168177262266;3,174915307488271E-05;0,0006575480649919071;
85000;0,005452561659543235;1,742940726859932E-06;0,00010709518008676828;0,00046883839468154077;3,649854517692367E-05;7,48899659722047E-05;0,0003850996228488212;2,38750293740712E-05;0,0006574854333818578;
90000;0,005356085420823363;1,506351412141856E-06;0,00010709518008676828;0,0003935198833839637;3,403466714024899E-05;7,404129498394523E-05;0,00029184748339830356;2,358625938990995E-05;0,0006476950313767155;
95000;0,005112349135665309;1,451738564589497E-06;8,961580390256515E-05;0,00030977194284963195;3,398231945964805E-05;7,220942792897002E-05;0,00028107785899387415;2,353029738499539E-05;0,00043625966222557997;
100000;0,004468411001678613;1,451738564589497E-06;8,651929181749434E-05;0,00030977194284963195;3,2614689748434986E-05;6,029149191193723E-05;0,00028107785899387415;2,3481896429776408E-05;0,00036869936963339675;

==========================================================
===> Melhores f(x) para cada execução:
execucao;GEOreal1_O;GEOreal1_P;GEOreal1_N;GEOreal2_O_OI;GEOreal2_P_OI;GEOreal2_N_OI;GEOreal2_O_DS;GEOreal2_P_DS;GEOreal2_N_DS;
1;0,0028241815771043086;1,3527019208858901E-06;0,00012615191802419273;4,080581007308827E-05;1,0447219049580762E-07;6,380882661569357E-05;5,221010745063187E-07;6,028401545332051E-07;0,0001116993745201676;
2;8,994077477248366E-05;1,1573059005936034E-06;3,35487587228388E-05;0,00016865624160835194;5,618408951158961E-08;1,1178793204004665E-05;1,8632663686092053E-05;2,909420845220824E-07;0,00033215504945060636;
3;0,0013336118647696567;1,1599377453901904E-08;0,00012830609147202967;3,8093782828771857E-06;1,2368119284064869E-08;3,712377822535695E-05;0,0001000395592355631;1,7417313974865525E-06;2,6609300228641194E-06;
4;0,0039557616066184945;2,7047880622918118E-06;0,00013225402940503944;8,671026603528282E-05;2,5930997143117996E-07;3,298404161589113E-05;0,00021139338737337682;9,938369915896564E-07;1,7894938335154398E-06;
5;0,0011515580815375406;1,0653230971496716E-06;3,1000246805622415E-05;7,053694115590807E-05;0,001247061514025931;7,386125230347822E-06;9,716758279079413E-05;4,27610735644331E-06;8,333575563439455E-06;
6;0,0022389196165156344;3,451388921182806E-07;3,958897300096311E-05;0,0007872589749353114;1,253800732546845E-08;2,1812440934113803E-05;0,0014587576862368286;0,0006835823441033203;1,5483057210930702E-06;
7;0,00877536097375865;1,1216327070696028E-06;8,949020341375269E-05;6,5908666700367E-06;3,925492699532087E-07;4,217815655661062E-06;0,0008020853004346146;4,750475796365951E-06;2,0417723796774632E-06;
8;0,004528077491084789;5,364947475508092E-07;0,00017013775837757686;2,765457435555289E-06;6,505345919055238E-07;6,475517810721882E-06;3,1868618722472228E-06;7,458066279084046E-07;0,00022098012894779972;
9;0,00329657877603452;2,342517093224008E-07;9,956460606794165E-05;1,2856821583141362E-05;2,7325959825899374E-07;5,83378324021543E-06;9,68603742379709E-05;9,190961749442735E-07;0,0006532795175286435;
10;0,012020336455159115;2,3489910753103357E-06;5,086361817773996E-05;0,0001498094961758986;2,4327756900812048E-08;4,701127666194795E-06;3,4680495089363772E-06;7,139308742942382E-07;1,66087192127621E-05;
11;0,009790654107318605;2,552109963156151E-06;1,3636452570490664E-06;0,0002505209015893016;5,000261089398316E-07;0,00017739417398726472;6,905227061410628E-05;1,1616759444093333E-06;3,979684503905216E-06;
12;0,007928727451300546;1,3979329973345345E-06;1,311144597799784E-05;0,0001306840660002056;1,174673364086654E-09;0,00028003746850559843;7,243263214311188E-05;1,9892412110529038E-07;0,000347664433166827;
13;0,01788001264906316;3,3166427927853774E-06;0,000184634827716917;0,0001760737871962121;2,232843705673276E-07;1,4886960876476641E-05;0,00012081891784550418;9,563318363911357E-08;9,610533496356429E-06;
14;0,005428287975391614;1,8555335781764746E-07;9,266512493687212E-05;3,8125715071641824E-05;6,001898263243051E-08;0,0001700774768751955;5,737905927029026E-05;6,971183770953817E-07;6,659139509869833E-06;
15;0,008948741832629378;3,748379015376042E-07;5,316874322892265E-05;8,77693518631676E-05;6,990145312181094E-07;4,946907305299229E-06;1,1251285254896248E-05;2,4915212286955102E-08;2,815591156852401E-05;
16;0,001345336897216182;2,2439659672367312E-06;4,3228519902471565E-05;4,0107768546531226E-05;1,52042146933711E-05;2,7301656073113454E-05;0,0007257777574344264;1,1328416695107006E-06;0,004364493987581658;
17;0,004136457438468157;1,835043572118454E-06;0,00020833537948546896;9,390977447923108E-05;4,343123143064895E-07;6,809638911496268E-07;0,0005122154443780873;6,151648966895303E-07;1,3193975021893577E-05;
18;0,0019373825231990285;5,722844245652105E-08;6,185550090051686E-06;2,655464624536547E-05;9,637193209683596E-08;4,0705246591024913E-05;0,0001822439029301212;1,4895132747696755E-07;5,644891489624843E-07;
19;0,0004757213346428558;4,1896268063632845E-06;1,706166620981508E-05;0,002644786787425133;1,1615815833919942E-07;0,00012679934277667153;4,9702243808832857E-05;4,568517772840927E-06;5,555866731564895E-05;
20;0,008921615423116296;1,2678424509771071E-06;0,00010356567856537222;3,228336300217968E-06;0,0003004074033326715;1,2919462216254859E-05;0,0007136032180298173;4,5561181175128317E-07;0,0015101628136076322;
21;0,00028998352611013945;3,769409444996185E-07;6,840182184920966E-05;0,00022172294518893533;6,86139079326044E-08;3,4539303706571937E-06;2,0787841606078206E-05;4,528728640236264E-07;1,0212758849007777E-06;
22;0,0016003848071846829;1,2067877460605373E-07;2,5268417472608243E-06;2,684046695096831E-05;2,6374913418852756E-07;5,369142644926461E-05;0,0003248007989074679;4,6229763048831405E-07;1,6829930859239817E-06;
23;0,0011761937838952216;1,1696558650083897E-06;4,4246481575873915E-05;1,6089146776886904E-05;8,51470073018488E-07;0,00017926387753424957;2,439481820716245E-06;6,027725585392883E-07;7,12100835227687E-06;
24;0,01502448233344163;2,6349908951105893E-06;6,253941085479912E-05;6,599025228720691E-05;1,187409898445174E-07;0,0003759498547037583;0,00011015493129102528;5,7832476654435E-06;5,092298134415116E-07;
25;0,00153483016301678;1,0220692764361515E-06;0,00010893300909155963;1,2847640644301203E-05;1,0610965489795964E-07;5,742384640573502E-05;0,00035577255085644387;1,741535971053802E-07;1,0235744937803955E-06;
26;0,004365938296514;3,512437902217076E-07;4,4591078184257795E-05;1,0791547393334376E-05;3,8647544401070654E-07;0,00014580649840476945;1,0377465543867439E-05;1,1987989292844264E-06;6,464058929968916E-05;
27;0,00042800272638536676;1,8202552560447288E-08;6,182487237220888E-05;1,1287796108965013E-05;1,1430351609464136E-06;0,00015469610332707824;8,161817049800774E-05;9,49583024370629E-05;2,8836402595972076E-06;
28;0,0013372101153215903;1,408401395756269E-06;0,00016374802484799486;0,0001672466893683861;4,476273820396405E-08;0,0001230682143813376;6,292888772752021E-06;3,559132421810806E-08;7,806878996275134E-07;
29;0,003274667368554067;3,920096573563199E-08;2,0822830574410747E-05;0,0003023392991378415;1,334020359287615E-07;4,3781559298815154E-05;0,0003015813874066828;3,6220763666245336E-07;6,073428133032291E-07;
30;0,0021703533662637;3,833398356668464E-06;0,0001013774928537311;0,00019548175529131412;5,332742838856856E-08;2,337850896131924E-05;0,00015058086149085634;3,0993811031773625E-07;5,247148829827667E-07;
31;0,004519947118408836;4,970001454423982E-07;1,7784274840394556E-06;6,198020039081473E-05;2,0643092353404735E-07;7,373476803709307E-06;0,00010204061698536733;2,2779977710277078E-05;0,0001023042531523776;
32;0,005031308623825162;5,717779290690417E-07;0,00022730027811536076;4,4740508486097583E-05;1,2657713142650386E-07;6,141588456991002E-06;8,86170344046886E-05;0,0003183017904299301;6,465667496949643E-05;
33;0,0035092027245526374;9,689269915171155E-06;2,124532554664979E-06;0,0005852513602961184;1,487261202012095E-07;6,175213595470024E-05;0,00017062001879815977;1,1031829651725048E-06;1,9137465521422503E-05;
34;0,0005896706763769792;1,0539412273367336E-06;5,880121003766928E-06;3,249932999804379E-05;1,8595364801537406E-07;4,95463091918322E-06;0,0006676174365930537;6,36840056855401E-07;2,855431138009345E-05;
35;0,0048233585535284946;1,508404329642322E-06;3,63932101509661E-05;0,0028277278426326238;2,1912877484124292E-07;3,802091831801444E-05;1,0691650260370453E-05;6,713597779023907E-06;9,795256303737966E-05;
36;0,00041178023605120256;3,5470040921394556E-07;1,0399793747041102E-05;0,0011089669901469554;1,4502556650976092E-07;5,3487222660385895E-05;0,0010447118489497601;2,0703366598611255E-06;1,084831026500881E-06;
37;0,0020560003504331136;1,2146554516854312E-07;0,00012594636833078389;0,00034386420529042955;5,782362606961228E-05;3,866135851076319E-05;4,2870901142305424E-05;4,94317905309386E-07;7,784500449508748E-07;
38;0,007883897350971844;4,229227442135038E-09;3,584626445789374E-05;0,00016636796114167433;4,058519469847152E-07;1,3506196264748528E-05;0,00014711535105837195;1,2060920845972957E-06;9,519009276975723E-06;
39;0,0028680028387739957;8,570052220625705E-07;1,3742220263630089E-05;0,0010627355997164178;1,0025505924165856E-07;2,0547772148247744E-05;0,0005199168174022085;6,68661417767234E-07;3,7538905360716913E-07;
40;0,014320066505095652;1,2972975171193942E-06;0,0004438785602302638;2,9247575483863386E-05;4,4195087491565273E-07;1,712630815505869E-05;2,8622278827213967E-05;9,610646808146007E-07;2,440752119022937E-05;
41;0,005109872351814241;8,304565485947731E-08;7,989237716222695E-05;3,5787216162643796E-05;2,942014507614124E-07;8,618082439432564E-05;0,00013238377864352338;2,426225824531675E-07;0,000898889053343518;
42;0,0026451784927986025;7,54685179957142E-07;0,000149110831969713;1,04180637337345E-05;1,1478110003998576E-07;5,325546230834336E-06;4,4145642036872735E-05;1,227592665738378E-06;0,009207819633580064;
43;0,0010318094738742715;5,2386076181087784E-08;9,482490017772713E-06;0,0018113596020553479;3,9496243116384226E-08;2,4759092092515154E-05;5,958810653664012E-05;2,474399171511745E-06;2,335350944511645E-06;
44;0,003932286885859649;3,2190147677926406E-06;0,0001402414865740672;7,905521224054788E-05;2,2672665305081377E-07;3,7145576338836537E-05;3,418338293872535E-05;7,222130825496801E-08;3,322627509730267E-05;
45;0,00026251986771600664;3,3348462973914554E-06;0,00027601622492030343;0,000507105406820838;5,777201364575811E-08;5,974226445238916E-05;0,0001788361700021386;3,9954042428004904E-07;1,6617124858534454E-06;
46;0,003046501206646267;3,0416053761837E-07;0,0001863760661042322;2,331635762945199E-05;7,280095483054209E-08;1,6108300374403135E-05;0,0001145718233465492;1,1943566443568857E-06;3,994049911737777E-07;
47;0,0047656342227745405;1,2609537968018494E-06;0,00012497713968482124;9,277477806436592E-05;9,919236755482409E-08;1,1940595025638535E-05;0,0037094890526218356;7,585480340785551E-07;0,00010498615349950537;
48;0,008612703271856668;4,933843462963297E-06;6,908969643345902E-06;5,812528048722925E-05;9,384527811624752E-09;2,252709877968341E-05;0,00020769069975045334;1,8094075777465946E-07;2,2817321920378577E-06;
49;0,007682384342381819;2,249287937389922E-06;5,538062162624792E-05;6,378552916854653E-05;2,1143605267406423E-07;7,338266824377056E-05;6,271643891194524E-05;2,0555607532038227E-07;1,1708734536097507E-06;
50;0,002109113653802521;1,1658184927183151E-06;9,104995804363497E-05;0,0006912891947152507;4,64466571175244E-08;0,00020410529233942822;1,6467224129501606E-05;3,46533504083444E-07;5,098146766948959E-05;






============================================================================
Função: Schwefel
============================================================================
parameter;GEOreal1_O;GEOreal1_P;GEOreal1_N;GEOreal2_O_OI;GEOreal2_P_OI;GEOreal2_N_OI;GEOreal2_O_DS;GEOreal2_P_DS;GEOreal2_N_DS;
meanNFE;100001;100001;100001;100153;100036;100143;100153;100016;100143;
meanFX;4515,059461692956;274,260453442773;1985,5129566062503;0,00012727607796477968;513,4728702600794;1989,3143150781843;0,002368437539334991;9,47519599200653;1985,9259824987532;
sdFX;13637,2529906508;152,81988659948814;347,3584819389055;2,080331278392637E-09;293,3240652982744;355,4654843116002;0,001181855978512419;32,45773077498335;355,43262632223485;
==========================================================
===> f(x) médio para cada NFE:
NFE;GEOreal1_O;GEOreal1_P;GEOreal1_N;GEOreal2_O_OI;GEOreal2_P_OI;GEOreal2_N_OI;GEOreal2_O_DS;GEOreal2_P_DS;GEOreal2_N_DS;
500;4205,770006766723;1407,5728875362993;3536,73736779573;2638,1905672409957;2706,2495994000137;3723,736370709215;2113,7103481310314;2373,0615893158833;3723,6791983756934;
1000;3133,2807549853856;1102,459408322878;3012,5255745188306;124216,1066000389;1662,8969417274473;3364,5095654803827;307558,9656272232;1741,437485017524;3396,497431196007;
1500;4545,357194782066;999,3357153207435;2579,240816554019;1487,8165353540844;1241,543225934327;3034,777693147607;1009,8320454076478;1620,846092988104;3084,451528577352;
2000;9277,153613961995;1011,642040146204;2276,0489727514414;1436,3857747560762;1064,360980486412;2767,5983951522317;23483,770153514786;1156,9374018070348;2821,6378980505856;
2500;4179,664617412637;833,7177481552811;2119,187005742671;991,6872763921554;1231,277068281369;2540,303415729429;628,3029371667195;1018,0171414313497;2625,830865540367;
3000;9038,591550657091;769,5387583247393;2035,1924033570247;828,6854844443048;1010,4360735634639;2361,4926229720145;530,8088881643363;919,585409377014;2463,717013863367;
3500;5425,074133691945;737,5310743728149;1999,3851766401795;765,2376435427649;943,5293727444893;2230,790118063938;464,2758684075988;832,0730624290975;2348,9013538857416;
4000;6654,901734868721;733,2989515778187;1986,9395905513354;665,411298820042;903,5384997043625;2144,67820977623;388,9779086293673;749,0464866489073;2250,070300451362;
4500;1181,4394635393726;715,6714343321281;1985,9379027443335;482452,0158745074;1066,9545391714198;2086,6983048080033;425765,75019431027;685,5275880265505;2182,3143980164646;
5000;6167,834638568865;681,9245181457824;1986,2707656594634;547,7660847100939;1587,0201609575224;2040,6135438851393;331,00595047098994;629,6960477699284;2117,9834468879417;
6000;3704,667422019186;691,9904652100647;1985,7583435707159;448,0146788024722;964,2566928159363;2006,0111917423874;295,7445994794258;541,9727914614898;2047,0462451423177;
7000;11166,376460819865;1060,1657869330454;1985,961965310515;1213374,5447132324;869,7325251905053;1992,8533927856374;2009690,790913967;470,4104079024185;2013,9083654553967;
8000;4107,410966358559;694,4035505623676;1986,2919424648114;5224,694996276701;814,3941030312723;1989,873047347838;81569,06756114676;409,918557077301;2013,2695707993983;
9000;4077,022180922082;684,3775130636218;1985,7611442740733;255,97698674343323;940,7114200004052;1989,3232462461528;4011,2762419585483;372,67990272994376;2009,317380153373;
10000;4092,9191547773494;643,7731643790154;1985,683987565891;231,87050902304006;1651,9802698913586;1989,9879180433732;152,6972479796718;342,05991607568444;1985,765964799915;
12000;6065,105631652624;700,6370745151015;1985,6064756894898;179,16192273200207;1165,5243522529377;1991,3018289494132;108,13356845014533;286,9892444038423;1991,7306423928553;
14000;3715,9286765985885;861,1825478973736;1987,2141379306374;513868,17229547666;780,0734399899804;1989,953205055474;561982,2711052403;235,0242261870523;2002,1010823191057;
16000;2297,8529309335286;625,3326622625308;1986,1125915222447;103,43166898583033;754,57039158371;1989,6196686952735;89,60316141780177;199,81663476539185;1985,8354219342145;
18000;5376,217303678501;635,2863371550291;1986,992355717874;84,17549329380107;704,5573139806634;1989,4352891466797;48,421626118107405;166,03855142430984;1987,0052756435532;
20000;4028,0512246144567;592,8350936298029;1986,1300300185947;55,110714139476634;706,946788505918;1990,6206275593388;33,31394540147162;140,3976060187655;2002,9045748398182;
25000;1154,899368191503;556,4407732410499;1986,8826777102076;31,47215307452022;655,3446700330496;1989,3992146857404;13,96500017174607;99,25131996899951;1983,8341680042731;
30000;3338,842102897191;547,8976581313998;1988,5580327623068;19,36725693308789;762,0009820111699;1997,1484718037477;8,51941613550177;65,7639352725949;1986,8782222676846;
35000;1143,6855233216365;486,48694227766026;1987,106515782581;8,59758032429485;601,4474877707321;1989,475440810539;1494,3282815342804;50,59035574435785;1983,8584633882917;
40000;5986,412575668931;444,6418409953156;1985,6365743817505;2443228,7778076525;590,3780440565056;1989,749831199004;3844294,9225396477;35,5649022898011;1986,443815467144;
45000;5676,723537592729;437,33414466703596;1986,2259371231798;4,624432328342063;1119,8718822852466;1989,444738574133;2,3997817472396674;49,01906316160732;1984,4299827759633;
50000;7196,988807049215;426,4478095162323;1987,5094648594986;0,00019654686897411011;611,8608893332007;1989,49891167908;1,9178876065168697;21,433166144488677;1995,325792467031;
55000;7609,0006082963655;406,37053585239386;1986,7324936007403;0,008235110626683308;542,6358928493768;1990,3670695886797;286,3248326342862;100078,84684838154;2011,6736302556822;
60000;16054,582828160484;442,98331331419337;1986,6165610822175;421793,6757154776;2651,441268574567;1989,5685659242706;1050865,3982435;16,65175076310252;1987,0258962530115;
65000;5003,994288127228;385,16083921812066;1985,902512257332;0,0001272756637263228;520,9102064994779;1998,213051746011;0,4467074335828511;38358,44956932045;1987,6645912670265;
70000;6381,707427416497;359,8773843816773;1986,9463556858186;0,00012727566769171972;513,2686072947023;1989,3598443581182;0,555342139918539;14,415652065208706;1990,3572152845445;
75000;21882,537243161354;338,3134148973252;1986,2742642409637;0,000193275566543889;491,8429233355873;1989,976435519575;31,439149250875026;12,02310435128872;1992,2481104036456;
80000;12983,588137753904;331,81192689783654;1985,7668404916394;6548,942703866149;569,7975746818984;1989,3530564391697;103716,4339296784;16,413851196886526;1986,809701641463;
85000;1089,8404912666392;633,5379364355454;1985,4095299790058;0,00012727566354442388;612,7045427963277;1989,8221204611123;0,004279985513530846;21,276309293985285;1984,1792562454375;
90000;27825,558847579803;317,6080549869463;1985,6633027982382;4,342922536842306;470,2831026277618;1989,424739130679;0,1678114951925636;14,214647335590508;1985,6641206019099;
95000;3336,4420411189635;281,6448890326812;1985,8299822713625;0,00012780800370819633;467,61601188917894;1989,4527539205683;7,1998002799479766;9,48314052778701;1986,4776794390602;
100000;2340,5774001802474;274,260453442773;1985,6081743202665;39,717158909730934;1180,7310091039676;1990,700113223353;26944,07865952537;9,477812143801383;2001,7722439623803;

==========================================================
===> Melhores f(x) para cada execução:
execucao;GEOreal1_O;GEOreal1_P;GEOreal1_N;GEOreal2_O_OI;GEOreal2_P_OI;GEOreal2_N_OI;GEOreal2_O_DS;GEOreal2_P_DS;GEOreal2_N_DS;
1;1547,3686110058247;386,34107149274587;1776,762980899402;0,00012727566445391858;1500,291829220961;1776,751875152118;0,002364422783102782;0,00012727566445391858;1677,9586603582802;
2;829,1164316365753;381,28520297514206;1993,858288395615;0,00012727566263492918;517,7379207087979;1993,8474961054444;0,00113138287269976;118,43846189010037;1993,8475211715454;
3;783,3055583821642;504,9292727492657;2001,2607445737306;0,00012727566263492918;468,78430488857657;1783,6487903574425;0,005118354600199382;0,00012727578541671392;2005,7281945428988;
4;601,1721440873362;390,76955081664437;1638,4630784739002;0,00012727566445391858;711,9079029877357;1816,1228484467297;0,0009552497467666399;0,00012727566354442388;1816,1229156404843;
5;956,4327156528066;185,17205482625468;2324,9788112125825;0,00012727566536341328;386,76419904634986;2323,690048266476;0,004196387259071344;0,00012727566354442388;2323,894989156793;
6;1189,3450114701623;263,48006773555153;1737,2590773754987;0,00012727566354442388;500,735167184243;1737,247683061349;0,0019322844646012527;118,43846189010128;1875,4559507092345;
7;54323,87699388124;139,47936827703234;1717,646271189221;0,00012727566445391858;403,3089565584992;1934,7751311725988;0,0008435572053713258;0,00012727566263492918;1934,7752074079444;
8;834,0943431112246;274,59365940831276;1475,1575327707153;0,00012728787623927929;889,9630475178246;1474,6493609348174;0,0011365402788214851;0,00012727566536341328;1482,8178647119696;
9;1311,7248215029317;392,2583221685836;1796,582753243024;0,00012727570447168546;870,8422627070554;1796,5696067658955;0,001518704671980231;0,00012727566263492918;1796,5696053782567;
10;1597,6711237313443;288,28197022574113;2199,0547018741045;0,00012727566536341328;124,77234361305409;2198,804429376621;0,004800524075108115;0,00012727566445391858;2198,5520285449406;
11;954,004635549245;266,03934875582445;1974,1220144664385;0,00012727566536341328;568,639742525188;1974,110494786547;0,0013123718617862323;0,00012727566263492918;1796,4421410218833;
12;1347,4058233064393;625,8374832589911;1843,2332582973702;0,00012727566445391858;485,45048517053783;1842,9682701663808;0,0010146774684471893;0,00012727566354442388;1842,9936301953023;
13;1070,936998705085;453,4224727308754;2238,096247034597;0,00012727566263492918;830,9839542709979;2237,8418819173885;0,001519149338491843;0,00012727566263492918;2104,6472612405805;
14;1189,3388899951738;147,89777035856332;1843,6539373945088;0,00012727566354442388;486,97118846782087;1948,927555474276;0,0024991743393911747;0,00012727566354442388;1823,3855725041058;
15;1635,1560238491625;267,9613521274455;2632,874396668846;0,00012727566263492918;325,6412347956557;2533,846467928723;0,0015390999178634956;0,00012727566354442388;2553,7389022995153;
16;1070,8990843041834;538,0246844951625;1381,859462969358;0,00012727566354442388;385,0765405922857;1243,6437107709985;0,002768734463643341;0,00012727566536341328;1243,6437203844534;
17;1189,3379052610403;257,5905725781063;1922,9610369194431;0,00012727566354442388;443,47488876934267;1922,9280509020446;0,0022379767169695697;0,00012727566263492918;1862,7928379408227;
18;60977,48005626785;136,95383013485025;1875,8705229283846;0,00012727566263492918;54,93097113996009;1875,8565784748025;0,0015224979597405763;0,00012727566445391858;1963,8458908210982;
19;1307,895146090445;159,331838816428;1756,9859008612325;0,00012727566354442388;217,91051797728505;1756,9735357800273;0,002330392653675517;0,00012727566445391858;1756,9735373784779;
20;1307,775719453086;271,77121693898334;2141,9359862225115;0,00012727566263492918;971,2111277767726;2138,9032771235206;0,00220777400136285;118,43846189009992;2148,2567866980758;
21;663,4370105676585;543,9307816018836;1903,0363958738396;0,00012727566354442388;406,033976333802;1902,458075038112;0,0017017762365867384;0,00012727566445391858;1912,471816909406;
22;1307,8535672422977;622,6285205012185;1931,7136638481304;0,00012727566263492918;497,1362767683422;1928,790257940855;0,0013894252697355114;0,00012727566627290798;1956,6513186018922;
23;1171,6012587616524;406,92152509666994;1934,6260876047477;0,00012727566445391858;292,670623426819;1934,6174505568583;0,002538699259275745;0,00012727566445391858;1934,6174543610723;
24;834,02402138967;21,31323041888936;1875,4667828501902;0,00012727566263492918;168,62823358727928;1875,4532089873896;0,0012204409958940232;0,00012727566354442388;1875,4532373524994;
25;537,5024446353286;314,1483390758126;2001,2079691527051;0,00012727566536341328;307,52358497185287;2000,8306440073595;0,0011054889764636755;0,00012727566536341328;2003,525760739679;
26;952,7356151353197;368,5315625649664;1903,1207667843078;0,00012728411911666626;339,0327029979712;1882,440514497309;0,002322341026228969;0,00012727566354442388;1885,766210668229;
27;1351,3152494319484;257,8877301729203;1796,578378801741;0,00012727566354442388;613,2367609774406;1796,569606961094;0,001153207327661221;0,00012727566354442388;1796,5696169480739;
28;1074,902666216548;157,69695158850755;1787,385355361598;0,00012727566354442388;117,72937310640282;1783,5620499733245;0,002161081220037886;0,00012727566354442388;1783,5556688696765;
29;58321,492442012735;301,7595843785866;2936,4821383129893;0,00012727566263492918;1270,0749916145128;2936,4988293642477;0,0020830184475926217;0,00012727566354442388;2935,8075135748145;
30;952,4792612624151;38,602914208646325;1390,0393150504542;0,00012727566354442388;308,47490554122396;1211,1870638516223;0,005247419846455159;0,00012727566263492918;1449,6500842193327;
31;1189,337770220358;260,1045200528888;2507,1425120038166;0,00012727566718240269;340,12152163761357;2507,126782304913;0,0035202392518840497;118,43846189010037;2507,1267967805156;
32;834,0799694511879;507,31296390305897;1283,2077727448323;0,00012727566354442388;423,7129574577684;1283,1957353850084;0,0034731575196929043;0,00012727566445391858;967,2628585780935;
33;1465,800624381629;292,4867671017505;2298,2833937927617;0,00012727566445391858;898,7075873483236;2237,7995783216056;0,004393122133478755;0,00012727566263492918;2277,508557620192;
34;1347,5889516699176;144,50937027792497;2022,0477935744675;0,00012727566445391858;661,6523083644752;2021,237482134449;0,003866506785925594;0,00012727566263492918;2001,0550998631902;
35;1230,2813568926222;162,4288115123427;2072,9608333497044;0,00012727566263492918;379,1158841913657;2093,0881258384056;0,002490022261554259;0,00012727566445391858;2112,5024921115355;
36;774,7249768372262;272,03901137968205;2021,9175512921013;0,00012727566536341328;342,7211374123085;2021,5402630396072;0,001824342533836898;0,00012727566354442388;2022,292718351216;
37;1070,9355492356099;149,48594187560593;2680,104813267417;0,00012727566354442388;877,1408935913291;2778,234582739374;0,0023915183874123613;0,00012727566445391858;2758,099842831726;
38;662,9168836595641;128,7988556502678;2029,1095759124578;0,00012727566263492918;430,40212945023904;2027,5837785390415;0,001578124210027454;0,00012727566354442388;2037,6386194393858;
39;895,9290040642327;10,326925252753426;2132,4650810059366;0,00012727566354442388;54,79337661649515;2132,4563892725505;0,0032298154719683225;0,00012727566263492918;2112,3187357146753;
40;942,5341055903391;140,73871655877792;1634,4492251653762;0,00012727566354442388;927,6817948050575;1632,58804622171;0,0022749043819203507;0,0002246317635581363;1660,6890144909744;
41;1347,36458861965;457,44643516671795;2088,2324800474807;0,00012727566536341328;209,35932924739336;2218,8666223692194;0,0025589076003598166;0,00012727566627290798;2178,5903223640885;
42;892,8963751380124;149,78842998920663;2086,8092235077524;0,00012727566445391858;548,5240071039998;2086,6427440387993;0,0015905540767562343;0,00012727566445391858;2088,51617129227;
43;1608,3621902705163;68,04450186292434;2073,6975269769487;0,00012727566445391858;269,7676911293961;2073,6859825608267;0,002711199540499365;0,00012727566354442388;1954,3066238594524;
44;954,1813376142868;21,21836084365441;1784,3044976515519;0,00012727566354442388;566,2074746762519;1685,0831721983775;0,0016861781950865407;0,00012727882949548075;1862,882461782428;
45;1070,9033548706552;152,62246116602182;2719,6570155796353;0,00012727566263492918;358,16556997236876;2779,0033861712036;0,003016068268152594;0,00012727566354442388;2718,6794496028256;
46;1311,7294180317876;260,97704344644717;1798,7994284979266;0,00012727566445391858;521,987573484806;1797,9345136556894;0,004134852782954113;0,00012727566354442388;1843,3525924493292;
47;1367,984515203515;283,9050464354568;2192,1587009842187;0,00012727566354442388;499,9114652991502;2192,14607083563;0,0034551162952993764;0,00012727566354442388;2151,870961354339;
48;952,4600292641344;329,91494462638593;2495,750322250961;0,00012727566354442388;812,0542462469216;2494,294080129033;0,0007037752420728793;0,00012727566354442388;2494,2950507566156;
49;1347,362204544967;255,51078682996877;1422,2998945454024;0,00012727566263492918;516,7123067162956;1639,4283980429445;0,004257272375070897;0,00012727566445391858;1599,1530949201015;
50;1293,918305188689;300,52052772821025;2199,9763307506073;0,00012727566354442388;568,9642430078293;2199,2652259684505;0,00139404436777113;0,00012727566445391858;2211,6457604233888;






============================================================================
Função: Ackley
============================================================================
parameter;GEOreal1_O;GEOreal1_P;GEOreal1_N;GEOreal2_O_OI;GEOreal2_P_OI;GEOreal2_N_OI;GEOreal2_O_DS;GEOreal2_P_DS;GEOreal2_N_DS;
meanNFE;100021;100021;100021;100016;100220;100906;100016;100220;100906;
meanFX;7,815970093361102E-16;0,06990087038785851;0,12311839904490078;0;3,2746200417932413E-09;4,914999607308346E-10;0;6,92756145781459E-10;8,587782787117248E-09;
sdFX;1,4866399936738627E-15;0,006914887572591807;0,3756444970737944;0;8,56051271635056E-09;2,7468592648167006E-09;0;7,484699405883187E-10;4,764333505314801E-08;
==========================================================
===> f(x) médio para cada NFE:
NFE;GEOreal1_O;GEOreal1_P;GEOreal1_N;GEOreal2_O_OI;GEOreal2_P_OI;GEOreal2_N_OI;GEOreal2_O_DS;GEOreal2_P_DS;GEOreal2_N_DS;
500;84,3065466146715;19,91654141176492;19,92541331251649;16,931250637929324;20,989362234522588;20,985325884040027;55,63097428372557;20,984823440616722;20,97603928562635;
1000;18,505659018465316;19,52041021709427;19,521539247911104;10,294205670805628;19,959023234015934;19,77751106686797;16,55391902156592;20,100165349456585;20,078022537715267;
1500;39,09128582307756;19,411735066846873;19,418294244825525;5,268169853352752;19,568055657150396;19,71986153187636;8,565526378080955;19,62511536171829;20,008596875522368;
2000;47,50305038452309;19,359963142552946;19,38595191932285;2,806551260098138;19,531658842070588;19,298504727943634;5,102108709955624;19,57120105093433;19,42826251435265;
2500;10,785195369623171;19,32410690839531;19,370902631311175;1,509946225322022;19,360029773627584;19,26822933115104;3,260769262187064;19,29493590687442;19,368052228322917;
3000;8,343935131983176;19,287842948130514;19,35931525486013;0,6767775875147208;19,264876471306337;19,046427450837545;2,1230765404113976;19,104762033790827;18,87640107751454;
3500;6,344995295326895;19,251986253536863;19,34893606420751;0,26449334911207634;19,252090569171877;19,024846756749643;1,4524596547849402;19,07043807028677;18,81217024998764;
4000;4,698213391956044;19,219185919774;19,339688600840002;0,0730473410952564;19,188674796627126;18,846690497814063;0,8186576229460826;18,879335435170287;18,468145053657786;
4500;3,6403121266459744;19,181290739970066;19,332046557034122;0,02151499996175936;19,129440882114935;18,82067140236899;0,45942383844011453;18,703218932191497;18,401878355900227;
5000;2,739326072048436;19,141858981088937;19,322846845923877;0,004339465075037339;19,12298052552135;18,60267719941481;0,19846771491945753;18,668657090265015;17,948133932872675;
6000;1,4224674158948885;19,05299165089946;19,304169163409114;0,0004786259266142423;19,008897473253263;18,315134147165825;0,020330285995560617;18,254611281195604;17,33057922105873;
7000;0,5664469112769769;18,952618229984306;19,286180796791314;2,4356603204651605E-05;18,927482387760588;17,903371790979826;0,0027693376397832027;17,954419514086666;16,62091402208068;
8000;0,1496679763114232;18,838249513649675;19,268242066975073;7,551571904684806E-07;18,80279524910039;17,451414191231226;0,00019057172138808198;17,26180109529184;15,842721950294797;
9000;0,037649646677958656;18,700463169719463;19,246413044071524;3,5739169490511814E-08;18,710818968784395;16,898102487828172;3,543131566921431E-05;16,720669223207945;14,920490680960677;
10000;0,011357371357533097;18,541522499499116;19,224492131780043;6,6239292095815474E-09;18,612099242747785;16,120558275837514;8,580096533847836E-06;16,123153608140534;13,896155389026594;
12000;0,0018587939160202183;18,120741189448918;19,176953777415477;5,1650701493599624E-11;18,26923323107387;13,78150690983818;3,3850060390250295E-08;14,281263687873475;11,754513981283141;
14000;0,0002963831384250426;17,526145487511855;19,130809711354058;1,724487219689763E-13;17,807649286515257;11,147011954342833;1,232573083598254E-09;11,992804320759733;9,751101197909742;
16000;5,0032178427841246E-05;16,634452651344226;19,08234349125835;4,405364961712621E-15;17,09452386902621;8,11533023885399;1,952358275048027E-12;9,62659515248076;7,858752859869014;
18000;7,144466163566676E-06;15,302265495077013;19,022061643889593;2,771116669464391E-15;16,277398932808932;5,468939834278533;3,1761260288476477E-14;7,69872871102329;6,148621447555124;
20000;1,0890333201984958E-06;13,265830009068686;18,954829129379668;1,7053025658242404E-15;14,91257907676301;3,410453749643724;6,1106675275368615E-15;5,77081909521031;4,808995016889549;
25000;1,0990522767428957E-08;6,218309937886978;18,768754178996844;7,105427357601002E-17;10,13006445629658;0,792339234888772;1,0658141036401502E-15;2,840379241574268;2,378036047797295;
30000;1,2966467011210625E-10;1,2840255626780708;18,517423088386987;0;5,244690232279818;0,12690330013636497;2,1316282072803005E-16;1,4168771424220168;1,2479581898419319;
35000;1,54663837292901E-12;0,09658723828298584;18,17301571931925;0;2,143786723645558;0,011045319244256148;0;0,5297998914167854;0,5318386658376353;
40000;3,701927653310122E-14;0,0841566160157877;17,658762025452805;0;0,6582082255933526;0,0033196340862591002;0;0,13643746605981322;0,1244317301706262;
45000;1,2576606422953773E-14;0,07920077839700675;16,94975392122453;0;0,1772423324629888;0,0005098630259583103;0;0,016925968787568167;0,029651948327749766;
50000;7,460698725481052E-15;0,07748086650364101;15,805560155675007;0;0,01611227283936927;4,301340215953076E-05;0;0,0014897428185165751;0,005782146484436552;
55000;5,329070518200751E-15;0,0766855517270902;14,045386895460737;0;0,0008122083626992093;7,786101725528738E-06;0;5,889198859051703E-05;0,0014445143390531;
60000;4,334310688136611E-15;0,0751133265503229;11,604821909351864;0;7,799869134728965E-05;2,662300940059481E-06;0;7,952188125912585E-06;0,0002000521941607758;
65000;3,623767952376511E-15;0,07369759803917511;8,97737665419181;0;1,8999121938847453E-05;5,591870997534443E-07;0;2,089965418647921E-06;5,9701220239887223E-05;
70000;3,197442310920451E-15;0,07310515350476798;6,506239217948024;0;2,458631965538416E-06;1,1709410671301157E-07;0;4,583588411577466E-07;1,750539659518324E-05;
75000;2,3447910280083307E-15;0,07237818874686112;4,7323467114513225;0;2,952245775134088E-07;4,668862750634162E-08;0;2,341967530128386E-08;3,2623704081657933E-06;
80000;2,0605739337042904E-15;0,07135876044236376;3,0478614080793314;0;1,268725073089172E-07;6,320116696656441E-09;0;5,888718064284149E-09;5,593120771152371E-07;
85000;1,7053025658242404E-15;0,07076692523821308;1,8557612948246123;0;7,439546401144526E-08;8,412437324523125E-10;0;1,899666983717907E-09;1,4529799244655805E-07;
90000;1,2079226507921704E-15;0,0703883258424738;1,1111913738249917;0;5,18449819963962E-08;6,173608113613227E-10;0;1,1755131623658598E-09;5,869186864515541E-08;
95000;1,0658141036401502E-15;0,06994624046106018;0,5938698051219206;0;5,022777216368013E-09;5,524586299543444E-10;0;8,862069478254852E-10;2,9122438860440524E-08;
100000;7,815970093361102E-16;0,06990087038785851;0,12497882590207574;0;3,2881501255133116E-09;4,94071983325739E-10;0;6,944999597635614E-10;8,883861255526427E-09;

==========================================================
===> Melhores f(x) para cada execução:
execucao;GEOreal1_O;GEOreal1_P;GEOreal1_N;GEOreal2_O_OI;GEOreal2_P_OI;GEOreal2_N_OI;GEOreal2_O_DS;GEOreal2_P_DS;GEOreal2_N_DS;
1;3,552713678800501E-15;0,07917191126507461;0,05310121629090503;0;1,7366019733344729E-09;4,4520120923152717E-10;0;5,032205763200182E-10;1,2423839734765352E-11;
2;0;0,07523522965880147;0,04877384389946471;0;5,868194818958727E-10;1,035687091643922E-10;0;1,061330578977504E-09;8,171241461241152E-13;
3;0;0,07490726150857796;0,04731273112341938;0;4,334630432367703E-10;2,6066260261359275E-11;0;6,745395353391359E-10;6,803091423535079E-10;
4;0;0,06703386596545258;0,05099927445981223;0;1,4030838713097182E-09;3,9669600937486393E-11;0;4,2297543245695124E-10;1,801581106519734E-11;
5;3,552713678800501E-15;0,07311928124995148;0,04166359747361881;0;7,796039369623031E-10;5,182698714634171E-11;0;5,370488054268208E-09;1,0835776720341528E-12;
6;0;0,06424712261202004;0,057031827172355776;0;4,605226422427222E-09;7,177192173912772E-11;0;4,818723198241059E-10;3,345214345529257E-07;
7;0;0,06635566629404366;0,05580382954634899;0;6,427249843454774E-10;3,494449174468173E-11;0;5,073808040378935E-10;4,9812598490461824E-11;
8;0;0,06797182928968226;0,04189770613173849;0;7,798668377745344E-10;2,9885427466069814E-11;0;5,513243195309769E-10;1,9824142327706795E-12;
9;0;0,0830590762326402;0,05325105728035595;0;9,160281422282424E-10;3,768008127735811E-11;0;2,0382273646646354E-09;9,36104527227144E-11;
10;0;0,07463551416113035;0,03940936115028393;0;1,5092709304553864E-09;7,316458550121752E-11;0;4,0887471186579205E-10;5,4505733260157285E-11;
11;3,552713678800501E-15;0,0632125717737253;0,0417736816641785;0;1,1627108165157551E-09;1,8279422420164337E-10;0;3,425775219056959E-10;2,0676793610618915E-12;
12;3,552713678800501E-15;0,06461161640388369;0,051385758829756156;0;7,163656334796542E-10;3,484146304799651E-11;0;3,74452469031894E-10;9,912071163853398E-13;
13;0;0,07422726894541398;0,04877877315377788;0;1,5430927646775672E-09;1,9467425005359473E-08;0;1,1120206977466296E-09;2,2019364109837625E-10;
14;0;0,06483803318971937;0,05539758694213859;0;3,5361011896384298E-09;3,6415315207705135E-11;0;6,36518393548613E-10;1,0967937669192906E-10;
15;0;0,07365092751293645;0,04262290456004081;0;9,82957715223165E-10;7,412381819449365E-11;0;5,30203436710508E-10;6,465938895416912E-13;
16;0;0,07748186315999206;0,053461621797023184;0;1,456317733072865E-09;9,490364050179778E-11;0;9,225402664014837E-10;1,1404210908949608E-12;
17;3,552713678800501E-15;0,08366569206744501;0,10063309006988064;0;1,4870913389586349E-09;5,558931093219144E-11;0;4,3868553234460705E-10;7,341682817241235E-11;
18;0;0,06504359184169672;0,03682838293725155;0;5,568566052716051E-09;8,078160362856579E-11;0;3,552784733074077E-10;2,7220430354191194E-08;
19;0;0,06713309162187286;0,04195587548462143;0;1,662499471422052E-09;7,44293515708705E-11;0;3,37571748332266E-10;1,4992451724538114E-12;
20;0;0,0677200261243378;0,04658839633868794;0;5,775955358444662E-08;1,0206235856458079E-10;0;4,888640603439853E-10;2,0893509145025746E-11;
21;0;0,07465053261742938;0,053339296662866076;0;7,070291019317665E-10;3,2379432468587765E-11;0;4,963389699241816E-10;7,425171588693047E-13;
22;0;0,07339171849724835;0,06842224175488454;0;2,6240982720082684E-09;1,4299352812940924E-09;0;1,2799326043477777E-09;1,0587086762825493E-12;
23;0;0,05040868905765805;0,04488304977256519;0;1,5055050539558579E-09;3,5495162364895805E-11;0;3,4648905966605525E-10;1,0626166613292298E-11;
24;0;0,07626953709707607;0,04322552398489066;0;2,1680826023384725E-09;7,330314133469074E-11;0;4,183782209565834E-10;4,462918923309189E-11;
25;3,552713678800501E-15;0,06772307206238182;0,06689868606017768;0;4,454037139112188E-10;4,276046183804283E-11;0;5,343068210095225E-10;1,0018652574217413E-11;
26;0;0,07228501104946261;0,04012336816159845;0;4,6279780008262605E-10;4,381917051432538E-11;0;5,830322891142714E-10;6,10000938650046E-12;
27;0;0,0831086653077513;0,04870977926986342;0;6,820464193424414E-10;8,039791055125534E-11;0;5,166391758848476E-10;1,0338396805309458E-12;
28;0;0,061107849172266526;0,045721532277053;0;9,733724937177612E-10;3,169375872857927E-11;0;5,84748249821132E-10;7,922551503725117E-13;
29;0;0,07102204791663169;0,047362280585158345;0;5,050857510013884E-10;4,700595468420943E-11;0;4,664926223085786E-10;1,0444978215673473E-12;
30;0;0,06952156280349797;0,063387107305104;0;1,544485428439657E-09;3,8628655829597847E-11;0;4,685176691054949E-10;5,5209170568559784E-12;
31;0;0,0711430275356193;0,04265004676886619;0;9,855085636445438E-10;2,6119550966541283E-11;0;5,370957012473809E-10;8,121503469737945E-12;
32;0;0,07035784487166907;0,04786541172255099;0;1,4697931760565552E-09;3,040767637685349E-11;0;3,0757973945583217E-10;8,416378705078387E-12;
33;0;0,06545072226071014;0,04273298634986844;0;9,189662364406104E-10;4,164846245657827E-11;0;4,062563618845161E-10;1,0942358130705543E-12;
34;0;0,07146434854191241;0,04138322852835685;0;6,665672458439076E-10;3,1302960223911214E-11;0;6,248015438359289E-10;1,8829382497642655E-12;
35;0;0,06270197286452017;0,06298453575468344;0;1,3182560820723666E-08;2,8173019472887972E-11;0;6,164775356864993E-10;3,943512183468556E-13;
36;0;0,06875564119328814;1,4519443543425261;0;2,214342487150134E-09;1,1269207789155189E-10;0;6,032720989423979E-10;3,915726409786657E-09;
37;0;0,06756448147219274;0,05094091563355718;0;1,4355201471971668E-09;2,427107403946138E-10;0;5,103188982502616E-10;1,8403056856186595E-12;
38;0;0,06747130760184561;0,04500160537561371;0;6,393001683591137E-10;5,861089391601126E-10;0;7,613358832259109E-10;1,3038459201197838E-12;
39;0;0,059301552324608764;0,03766608201464905;0;7,21765758271431E-10;6,353673143166816E-11;0;5,357989607546187E-10;1,8687273950490635E-12;
40;0;0,05657581463240646;0,04214277303425007;0;5,944755798736878E-10;6,434675015043467E-11;0;4,993836455469136E-10;5,364597654988756E-13;
41;0;0,07249889501240503;0,04899162368867849;0;1,1988063874923682E-09;3,97051280742744E-11;0;4,6337689241227054E-10;1,8260948309034575E-12;
42;0;0,07945649173317193;0,04731383769826891;0;1,3245262664440816E-09;3,9598546663910383E-11;0;1,6571490846217785E-09;4,228084549140476E-11;
43;0;0,06308374302852471;0,04729581959483298;0;1,4653753765969668E-08;3,432987227824924E-11;0;6,405507235740515E-10;1,7919827399737187E-08;
44;0;0,06852671564783464;2,3327143288328287;0;4,2933123722832534E-10;3,243272317376977E-11;0;4,5931614067740156E-10;4,3924444526055595E-08;
45;3,552713678800501E-15;0,0776895622924485;0,03786909674512273;0;5,312941198098997E-10;3,652900204542675E-11;0;4,3948489292233717E-10;1,170903374259069E-10;
46;0;0,06976349085201505;0,046301605683122915;0;1,645155123242148E-08;3,781508439715253E-11;0;4,847642287586496E-10;6,970424237806583E-12;
47;3,552713678800501E-15;0,06983488734408638;0,046012429478253125;0;9,474376838625176E-10;3,490185918053612E-11;0;4,383799989682302E-10;2,611635352423036E-10;
48;3,552713678800501E-15;0,07288683426560993;0,043605195786852846;0;9,960956504073692E-10;3,7481129311345285E-11;0;4,87712981112054E-10;3,11928260998684E-12;
49;3,552713678800501E-15;0,0767320634870039;0,04524189781684029;0;9,457430394377297E-10;2,283329081365082E-11;0;5,122728907736018E-10;1,9326762412674725E-12;
50;3,552713678800501E-15;0,05697399597125141;0,06451879525549487;0;2,537809962177562E-09;5,976019679110323E-11;0;3,986571073255618E-10;2,7782220968219917E-12;






============================================================================
Função: Beale
============================================================================
parameter;GEOreal1_O;GEOreal1_P;GEOreal1_N;GEOreal2_O_OI;GEOreal2_P_OI;GEOreal2_N_OI;GEOreal2_O_DS;GEOreal2_P_DS;GEOreal2_N_DS;
meanNFE;100001;100001;100001;100024;100012;100024;100024;100012;100036;
meanFX;0,0004154591977863107;8,311526800938039E-06;1,0729864972850712E-05;0,015233306318574702;0,015275639472178746;0,015244132940346669;0,06076176328052484;0,0011841033071952813;0,04569905901017919;
sdFX;0,00046899200627572104;6,645722394901164E-06;9,89149237133289E-06;0,10771372003114149;0,10799636899105196;0,10778933127614544;0,3373604681353533;0,008370813066986255;0,1827159261788345;
==========================================================
===> f(x) médio para cada NFE:
NFE;GEOreal1_O;GEOreal1_P;GEOreal1_N;GEOreal2_O_OI;GEOreal2_P_OI;GEOreal2_N_OI;GEOreal2_O_DS;GEOreal2_P_DS;GEOreal2_N_DS;
500;0,10925756634532009;1,0205285634329073;1,5810751091685893;2,744030792202081;1,307978535135621;1,1109999665447716;4,4036655126881525;1,368690634633237;1,3232995610192184;
1000;0,04787393460759969;2,280154264644737;2,137938480807411;1,5562016460367594;0,8644354420391038;0,7485569435894479;3,0119929311349063;1,1759642665705996;0,8541711993182319;
1500;0,026720885115555915;4,495955359904382;2,884409044325624;1,3120975552352132;0,5776184938743579;0,5431484561966823;2,5472929552534715;0,7595665630861569;0,7765112540262291;
2000;0,02094147190212659;10,326582811910228;7,40742459008421;1,0422531381346638;0,3671020822368664;0,5251525093491638;2,080183739830095;0,6768675598488703;0,7247550701156006;
2500;0,016639914510685586;5,055836561483256;7,698933510162883;0,9676656322351336;0,3349163256605731;0,5003580230243506;1,942750133745875;0,6507362495043472;0,5591438365903829;
3000;0,014856307098772828;6,005292411306377;3,023568627784266;0,7637728170094534;0,3338087970272172;0,436123546282181;1,7919850591672226;0,6284098000735413;0,49366418004046575;
3500;0,012328248503943024;6,091633019040302;0,7798991364934043;0,714172703933709;0,30481520558529984;0,4177784798033187;1,6608403689691418;0,6185324860453374;0,4807540918946853;
4000;0,011953857325037237;2,1829279450886236;3,7100888799714795;0,6958226492753012;0,3036941165054055;0,4047395814628939;1,385773792717156;0,6063622990999957;0,46935055843295936;
4500;0,011020304326902139;2,3314131780143312;3,0453346721297;0,6838988945562247;0,2880726838300448;0,3780754691550229;1,278259583196413;0,4065601669288078;0,4565291262076304;
5000;0,010423838960230232;1,7570749845986535;2,533151814372921;0,6643382090206761;0,28435982688964734;0,3347950999508308;1,2344981566158015;0,37918148181320477;0,44323668379950976;
6000;0,009837614160257099;1,685006945043347;2,737232338526039;0,6122971371359445;0,2717044496570123;0,3101704572195728;0,9044540149856004;0,33707544653601573;0,4190752105237474;
7000;0,007482543852161071;2,2090723343461605;2,3396715044723315;0,5840822997503836;0,2616700621231749;0,2868188794601932;0,7590650436849379;0,31714442594964665;0,3983183440763083;
8000;0,00572809238258982;2,863934995603586;7,372326212644221;0,5537417108137523;0,24468719816260948;0,25926871130592166;0,6244544091954312;0,2961554571399778;0,646125882271757;
9000;0,004873678347421185;0,3954118401222718;6,862081941682882;0,5353535988975636;0,24216634151175118;0,22644475055218752;0,5891081825537896;0,2929261608085259;0,31983354024553706;
10000;0,004846551198682541;0,8444374767878604;2,604572506562785;0,5221059945188996;0,25367307865812666;0,2224840537991829;0,5711850221624793;0,24039682234790824;0,30625350375788235;
12000;0,004475249151626072;1,1159380948580802;0,4148074722755769;0,5006030829462665;0,2471451493780745;0,21255589075358636;0,534791955358116;0,23791284533522664;0,2901251971051433;
14000;0,004009918190565717;0,9194189310075057;0,18751712106686388;0,4793751439453456;0,21999248458315793;0,2142061535763141;0,4851203176454203;0,22256005411241703;0,22478868418860976;
16000;0,0036102385475507105;0,22647550144179704;1,256183067886816;0,4491818838035648;0,21622208714635213;0,2087488887644216;0,42938604054197854;0,22221979068709496;0,21318006656040225;
18000;0,0030802833480530123;0,30053746730838715;0,1478912350795895;0,446375097298573;0,18558412096699164;0,17297068849385078;0,4336114525260002;0,2212695135434923;0,2077468069820554;
20000;0,002682738019613593;1,047561458204299;0,21567912933830663;0,4314225187359527;0,1842650054550729;0,14130539158139285;0,4031376195755209;0,22107711322235485;0,19917719044415147;
25000;0,0024082275099117515;0,07495609392525521;0,4512582198412115;0,413361042408551;0,14219847182901135;0,1387239913545937;0,38848385110131445;0,22665345905406817;0,16481808012028903;
30000;0,002024262781839765;0,01684076945104929;1,1537084623596023;0,38333111654775837;0,1302802876605044;0,12415226612423337;0,35931830796200437;0,12809800768163032;0,16827129737747257;
35000;0,001883099075385213;3,207990842387726E-05;0,016849039373542644;0,2553479066686644;0,09333298643992377;0,09602585278274703;0,34299738259237506;0,09200023294666299;0,13733078615018754;
40000;0,0015219817975448578;2,6039834462670413E-05;0,015880351581966247;0,2233273831055579;0,09475188471705782;0,09216115239366517;0,32328477686894563;0,09186746330450517;0,1221147200829923;
45000;0,0012897510633669861;1,9989665234221625E-05;0,015372393428577175;0,1928967036135152;0,08259191016880944;0,09387725719542173;0,3121147905551832;0,06247605170254669;0,12225024147443696;
50000;0,0012511467206528489;1,7054032103111127E-05;2,511164999576377E-05;0,1932523232664434;0,07803854555446244;0,06361983970196486;0,29669847397137084;0,04603648185639286;0,12220332646323681;
55000;0,001147273634208623;1,703946680884805E-05;2,0245088375403824E-05;0,192856425128633;0,08290342383359109;0,06339816727509602;0,2943765965341858;0,046566902402125444;0,07625125847807547;
60000;0,0009739379276599932;1,6024732953713667E-05;1,8463144538957665E-05;0,05903922020112352;0,05892131506070432;0,06124333782353097;0,2788942359000774;0,03054770286990844;0,07678099856548755;
65000;0,0009197673171218286;1,4201595280469935E-05;1,53750088457041E-05;0,015273384980247462;0,047151085378456796;0,03060236302882484;0,2789029316549293;0,031205619000891357;0,060954971422048615;
70000;0,0008177428030146737;1,4037120718192937E-05;1,4538104264440947E-05;0,015262297280829635;0,03182182619394591;0,030479980110089837;0,2788660955534952;0,030540979819375216;0,06094096083832264;
75000;0,0007561551715098904;1,3586300242765712E-05;1,377596178293859E-05;0,015260877696866198;0,015411121154889365;0,015236519923789865;0,2788702038575912;0,03054092789137475;0,060945203228441186;
80000;0,0006963635331450756;1,1784825773536804E-05;1,1580404326831208E-05;0,015259246534457333;0,015355540493112338;0,015233471933932511;0,27886758060597194;0,015263000662807684;0,06094974225329788;
85000;0,0006357779421822996;1,1030258726003244E-05;1,1355383640199817E-05;0,015256665293615548;0,016116789343952276;0,01524415789103514;0,2638206699459795;0,01524948908188053;0,060931968058078115;
90000;0,0005770321308543295;8,9617629138378E-06;1,1089499421434262E-05;0,015241346141903186;0,01664873510180293;0,015244141732875511;0,07606948864882133;0,015246635020714203;0,04570283288733637;
95000;0,0005096628196510855;8,430111459018881E-06;1,1089499421434262E-05;0,015233354079532184;0,015270783762309751;0,015244139963293662;0,06131200516652929;0,015246551196403658;0,04569895166339854;
100000;0,0004154591977863107;8,311526800938039E-06;1,0729864972850712E-05;0,015233306318574702;0,015275639472178746;0,015244132940346669;0,06076176328052484;0,0011841033071952813;0,045699791933840696;

==========================================================
===> Melhores f(x) para cada execução:
execucao;GEOreal1_O;GEOreal1_P;GEOreal1_N;GEOreal2_O_OI;GEOreal2_P_OI;GEOreal2_N_OI;GEOreal2_O_DS;GEOreal2_P_DS;GEOreal2_N_DS;
1;3,3487654876820306E-05;9,036405828273479E-06;3,0450579625327788E-05;1,0134187964412703E-08;3,098801544792899E-06;6,834736902084986E-09;2,780042008061855E-13;3,0833830915378166E-07;6,465510976970159E-10;
2;0,0005899844958610065;1,4490421470411935E-06;1,3377091720146734E-05;3,460562584216963E-08;1,037403171878352E-06;4,098889916707135E-09;4,97946688097826E-07;5,459699789436352E-07;1,1363269665503987E-09;
3;0,0004809062912297918;1,565454751425504E-05;4,274313828011396E-06;2,5680097954450264E-08;5,513518255082612E-07;2,958764794894174E-07;7,542749155549163E-09;2,1400622219308162E-08;8,289656063525545E-10;
4;0,00018066143898957555;3,8996081248315615E-05;4,867176082864227E-06;6,830700421116656E-07;1,3994189040781715E-06;1,3943953722146609E-08;4,831654354898386E-05;7,671517628446195E-08;2,1601417812773207E-09;
5;0,00019406982226272956;1,2764191732380296E-05;8,029694909583482E-06;8,235469305363498E-08;2,6059946218907966E-06;0,7621860902990714;7,729896291316909E-07;6,361496122157405E-07;2,6816026752502275E-09;
6;0,0003011843108824922;8,063866010832141E-07;2,000352715116102E-05;1,157846724197159E-09;8,190142754330762E-07;3,32820648211865E-08;1,6107976234362299E-09;1,1642762270368634E-07;1,1055014831060584E-08;
7;0,00013604578746832167;2,2305608255336256E-06;8,084495856284942E-07;1,4300090803006166E-07;2,1153616492572407E-06;1,7497957956851858E-09;6,651047064523838E-11;2,5024528469063467E-07;1,3779371390232885E-10;
8;0,00037682546732231877;1,9559710993736478E-05;1,7825990355408226E-06;5,485136629038197E-09;3,3832135120609855E-06;7,358520486068225E-08;5,794094489666818E-10;2,8619644293604806E-09;4,801444414030698E-08;
9;3,539649969532128E-05;6,09485673820255E-06;3,242266020595272E-06;2,2297318010579617E-08;1,62053594735174E-07;7,164411291925046E-08;2,0336657474144245E-10;1,3009707502308616E-07;4,362188924960203E-09;
10;0,0003540215928104913;2,55261380647814E-06;1,728174772123335E-05;2,1743972040551785E-08;4,426402114796018E-06;8,848272724621954E-08;5,186139110405995E-12;7,622994726984936E-09;1,5183903940857299E-09;
11;8,172626407474616E-05;9,174612289455247E-06;7,2087250700456235E-06;6,66143053352994E-08;4,2849851099246895E-06;4,797037220513131E-08;9,002764548581793E-08;3,511199598992319E-07;2,2737436382985688E-10;
12;0,0003440777153741842;1,161504636949726E-05;2,1297709498373494E-05;2,8077703996754886E-09;8,61840276433825E-08;1,724445661148457E-08;0,7616431046324452;5,363952956078494E-07;2,0029611317429797E-05;
13;0,0010936825696709626;3,3258403124660935E-06;3,2234888582426433E-05;1,0646640667963417E-09;5,858071191420562E-07;4,1439241984409134E-07;4,2422477694479115E-08;1,5028380117656972E-08;2,5775301363572512E-08;
14;0,0005752104448333903;1,4909208341512915E-05;8,655606705460848E-06;1,931990805813405E-08;2,145924485340517E-05;9,32334864986156E-08;3,8924957161697113E-10;1,624281723623826E-07;3,0146383665611184E-09;
15;3,961024874789983E-05;3,3970939321592283E-06;2,0203983385797373E-05;4,9841524793152966E-09;4,952622862548917E-06;8,49859139788427E-08;5,859810738684319E-08;2,8218817876932574E-07;7,955766836320624E-10;
16;0,000205718313207932;9,936531034442906E-06;7,495282282654431E-07;2,817930578231925E-09;2,459749660156979E-06;6,028008295316136E-09;3,220798376631427E-07;8,424523177374337E-09;4,528030434100114E-10;
17;8,328036570570304E-05;1,602474502063749E-05;1,5921256488308716E-05;7,200854214255493E-09;2,748170549792108E-07;3,2088801040261683E-07;1,3929906022065793E-09;1,9892379807363528E-08;3,293363764586643E-11;
18;0,00038433305080070045;6,412884615974341E-06;2,222366990834923E-06;1,0679424275184582E-07;1,456749429858731E-07;3,132429698993147E-09;2,54403647229434E-09;1,0184346039181258E-07;2,2126958966191407E-09;
19;0,0002308066412286063;1,5182284908640301E-05;1,3413481524925302E-07;0,7616513044638269;2,0553817645219156E-06;5,609397208164367E-07;1,556873259809868E-08;1,9657845710388914E-07;6,862002430968991E-09;
20;1,760876841949653E-05;1,3241245348047555E-05;1,8308311029963298E-06;7,309581911077931E-08;7,958889538542664E-07;8,407090677035014E-09;1,6759911789804707E-09;2,1050969599520716E-08;1,715580680537554E-09;
21;0,00017186224053113177;1,1966491829880886E-05;1,4223963347352169E-05;4,522688908537754E-08;2,7577988325045344E-06;5,50829875649467E-08;8,604214278932992E-05;1,387734843452703E-08;0,7617274021293973;
22;0,0002451088937860007;5,882285591384795E-06;5,218841772348689E-06;1,0971742323791313E-10;3,933507117782851E-06;2,8813223226738837E-07;5,940619402589802E-05;2,4431083345291884E-07;6,603172717879321E-09;
23;0,0010165717821284536;7,586956549358393E-06;2,1826763943703054E-05;6,1668104561400135E-09;1,700738908538415E-06;3,174456566840066E-08;7,576435500813794E-11;5,0638468470499125E-08;3,088603066626857E-09;
24;0,00027011997265701405;1,378511629154969E-05;3,599719118638645E-05;2,226681380853252E-09;3,477519159492237E-07;1,723004419935159E-08;3,423986431388615E-09;8,44463639858575E-10;2,3317394036284156E-09;
25;0,00030074998533951864;5,457410240021052E-06;3,2774213289642954E-06;1,3681716077068874E-09;2,2123529535183656E-06;7,67033159720883E-08;8,097063739611515E-08;0,05919087831089405;6,187130457188729E-10;
26;0,00042816704643716284;1,3710395721732935E-06;3,118536366390375E-05;1,2177384216791398E-07;8,349435113124811E-09;2,9560673688108036E-09;6,770926889234465E-10;2,9025518688961985E-09;2,547997935636913E-09;
27;1,5457988220727754E-05;1,891017278523517E-05;1,7347138493928804E-06;1,9407586921997012E-08;2,811412500161203E-06;5,223070010156162E-08;6,05864768706625E-08;2,4995207740610166E-06;2,5527200969291944E-09;
28;0,0019987118379137347;1,0658847896167211E-06;3,7363615258307576E-06;2,0486669234228407E-08;2,103207474442735E-06;4,5551579558393386E-08;3,8270506860455674E-08;5,259425823258811E-07;1,8193056317476628E-09;
29;4,768806031816742E-05;3,8609263544943245E-06;3,937156525213586E-05;1,537574742500681E-08;5,729664773286313E-06;1,0687877742890074E-08;2,2621808022511405E-10;2,551745537641222E-07;3,2253677639793385E-10;
30;5,352046237886447E-05;4,915421553618399E-06;7,226130072406367E-06;9,865353004445865E-09;2,1622527131031965E-06;1,5050184349339527E-08;4,5972150345074693E-10;1,9885406503879256E-07;1,5486993707933739E-09;
31;1,4817104081324917E-05;8,404781769341221E-06;9,952955154474366E-06;5,3027445483349665E-09;4,736748575378459E-06;3,3969024589054985E-09;1,8738709829787E-08;1,1094914208952346E-07;1,0018949301356803E-05;
32;1,6048435638880328E-06;7,2875983960304974E-06;3,7132946721882567E-07;2,4255601310048017E-08;5,724316810026502E-07;2,3872483201616305E-06;1,8474820663163646E-09;2,05812598022978E-08;0,7616090798367152;
33;0,00013896252483357662;4,930076303885925E-06;1,0479688131830793E-05;1,0499657092964303E-09;3,6194109887737774E-06;8,763999233821962E-09;2,276245054756614;8,702719721791467E-08;1,773787757807507E-10;
34;0,00032991811100517056;1,231558022264352E-05;5,4392032186150314E-06;1,4993018393823158E-08;6,9870921666867025E-06;1,9103721122664037E-06;2,415358827036235E-07;5,550723368803353E-07;6,988814857875461E-10;
35;3,648249970498855E-06;8,92300922208238E-06;8,542163391878604E-06;2,9122160655306765E-10;2,6826572594992656E-06;1,026306935088298E-05;6,034869828015087E-10;1,7360625255201673E-07;2,238450517835265E-09;
36;0,0013123155415767163;6,095425841728491E-06;4,83781832302434E-06;1,5232036617186032E-09;1,3415341120164306E-06;2,4222206277699794E-08;1,3305839946065596E-08;1,2585308434182798E-06;2,3355469861502405E-09;
37;2,8267814779926144E-06;8,498546629548913E-07;1,0867957142223233E-05;1,839126315821697E-08;4,480179694020438E-06;3,721791934578294E-08;2,391307578856654E-09;1,064593377412661E-07;1,191010975313878E-09;
38;2,5838295575844686E-05;2,608976561718816E-06;5,053908941386557E-06;1,7897542457520314E-09;1,2477712593766541E-06;9,248048871634855E-08;1,2533704638365808E-08;3,6200817720777034E-08;0,7615862051434293;
39;0,0005477503540272282;7,352301278252965E-06;1,150093676436294E-05;3,0559635099798987E-08;0,7636522947273876;1,0591932558395442E-08;3,737196773928434E-09;8,783368292731682E-08;1,0715831569166877E-09;
40;0,0016848514023535678;8,181555045517397E-06;5,196467273160573E-06;2,7874995331831607E-10;1,2080906573108368E-06;2,1958190710104757E-06;2,0250298531368404E-11;2,013793924202452E-06;1,7699171954222694E-10;
41;0,0009811061274533107;2,263425248454777E-06;1,677857805884638E-05;1,6303188431779724E-07;5,0364377419857865E-08;4,125550095789845E-08;6,05963446006829E-09;5,995194197295753E-08;6,836509931416247E-10;
42;0,0007979153603878197;6,3379450607132935E-06;1,7981229274915788E-06;6,795187414046481E-09;2,161477472931923E-07;2,0395446291897686E-10;1,3309109741483864E-07;9,125910852531916E-08;2,9838973317584046E-08;
43;0,0016359345524678127;1,392859079038208E-05;1,590959881136772E-05;5,41705758016551E-09;2,46674877279415E-06;1,980813797353241E-09;1,963603593185278E-06;1,2258634125949823E-07;3,705061583970845E-10;
44;0,00035480037477985884;6,9292216646481576E-06;5,490165744382226E-06;3,0599488620960514E-08;6,276256346283608E-06;1,7226519923148825E-08;7,486501967543695E-10;6,814621536560151E-08;4,500006049514814E-09;
45;0,0002609489420441173;8,914796566234495E-06;6,858960809029096E-07;7,446297961430347E-08;1,3667233593500178E-06;5,345729198196007E-09;4,5765154308458194E-09;2,001994193323781E-07;1,0894879812517946E-09;
46;0,000315390196395856;5,546799728336067E-06;1,0623587777837522E-05;1,1922641437988755E-05;5,41472148173132E-06;7,126513357139807E-09;8,296171030531027E-09;1,1194090935908776E-06;3,0706066483607383E-09;
47;0,0002922224185391049;5,35737490473726E-06;2,6862485316156254E-07;5,416992417861827E-09;8,727825846515253E-07;1,2023655899759658E-07;4,491955524402629E-09;2,606691026594321E-07;1,0020724674528128E-09;
48;0,000902306756409886;1,3147035353085657E-06;8,709669762171846E-06;1,244311494396789E-07;2,7795361200560487E-07;2,7854211115896425E-08;1,5004322493727757E-07;1,6805747680339287E-07;2,9485378711464064E-08;
49;0,0007215339036813167;2,2328091642717775E-06;1,4722926090080435E-05;4,823362280652673E-09;6,073469998781627E-07;3,310304474108433E-08;1,673781942653418E-06;1,0471161309911558E-07;3,110238256132068E-10;
50;0,00016167203551737693;8,635918914193586E-06;1,0888858237842828E-05;1,9173266919007925E-08;4,787511686220936E-06;6,271136836773245E-07;1,6084957702952534E-11;5,9159704578742415E-08;1,5334342731890058E-09;



Execution Time: 307726 ms
