============================================================================
Função: Griewangk
============================================================================

1...2...3...4...5...6...7...8...9...10...11...12...13...14...15...16...17...18...19...20...21...22...23...24...25...26...27...28...29...30...31...32...33...34...35...36...37...38...39...40...41...42...43...44...45...46...47...48...49...50...
==========================================================
parameter;AGEO2_REAL1_igor;AGEO2_REAL1_porcentagem;AGEO2_REAL2_igor;AGEO2_REAL2_porcentagem;AGEO2_REAL2_normal;
meanNFE;100001;100001;100068;100068;100068;
meanFX;0;0,08231317861437933;0,0060556392329006205;0,022323026544522995;0,025236485458275677;
sdFX;0;0,017906161766568354;0,006967606316291675;0,019622412512892193;0,019150722461588623;

==========================================================
===> Médias para cada NFOB:
NFOB;AGEO2_REAL1_igor;AGEO2_REAL1_porcentagem;AGEO2_REAL2_igor;AGEO2_REAL2_porcentagem;AGEO2_REAL2_normal;
500;0,6920598929116675;282,2728171968141;107,54607200667843;84,9489730111179;95,42536175158631;
1000;0,11194544922754339;250,487948892577;9,985509024727392;9,716740121086836;25,275109288008316;
1500;0,054390907156735974;221,69398154292824;1,7986876763570834;1,825529821710281;9,06020895909389;
2000;0,031464749170048496;194,28679846056326;0,9194514073766945;0,9231524898575596;3,7350552286792422;
2500;0,01951659067358389;169,02293880525227;0,5251618401933659;0,5273411016797999;1,9779341837725617;
3000;0,009807409190674266;145,1193996545384;0,2971461536416562;0,3150056477005484;1,2835750049072252;
3500;0,0041807316188832225;123,49618744571377;0,1537343309920707;0,16203091381359358;0,932168349479593;
4000;0,003956909502186883;103,84264681403484;0,09027898483623688;0,09504608166975796;0,659984513590237;
4500;0,002102672061868074;85,99512317390867;0,07458369460461078;0,08274769789069968;0,4336271947695964;
5000;7,390747742639591E-05;70,18220333705747;0,06484872338614456;0,07248158698522132;0,2865726432928777;
6000;2,9282334359503892E-08;45,06775298233865;0,06207333966893511;0,06601184511016135;0,16769383285040887;
7000;0;26,71315166308554;0,06074934388254771;0,05763429569312624;0,13912770545664502;
8000;0;14,647978452762056;0,05918264563046964;0,053302473328203225;0,11766181412572589;
9000;0;7,767898934410225;0,05902344393307098;0,04547381952222232;0,10658429789288398;
10000;0;4,06457839401143;0,05720039507738301;0,04035912801150699;0,08660322004029722;
12000;0;1,0901502375935543;0,050771034746053025;0,038333527085185296;0,07396630470366934;
14000;0;0,41142352196765847;0,042785235692639;0,036179946787192475;0,05660116158822108;
16000;0;0,2646200297351552;0,0360407682994688;0,03516470479629924;0,049778826811345;
18000;0;0,19972127978049606;0,03208726829208442;0,032155900463455254;0,048192382487133444;
20000;0;0,16986504879251324;0,02815596744961325;0,03201500042232997;0,04256626790727352;
25000;0;0,1404684052288095;0,023763019799382938;0,030833503652329633;0,036551826690132946;
30000;0;0,12424927502489913;0,02157536194478278;0,03042352697807477;0,03566950923268595;
35000;0;0,11749295841607184;0,01887817753016381;0,030405934896741565;0,03497513970491055;
40000;0;0,10959541219824515;0,017479830590392965;0,02928111857427913;0,034973867642193776;
45000;0;0,10645488152457623;0,016508284444612924;0,029265122538379523;0,03497382798655928;
50000;0;0,10155241888574394;0,013312241470727942;0,028580671034693576;0,033986245065179915;
55000;0;0,09956323255363327;0,012246510166043577;0,028575869645983385;0,03216472604439652;
60000;0;0,09618907290567075;0,011839191579987298;0,0272649800309697;0,03212048231249718;
65000;0;0,09485997205272875;0,010944673026436386;0,02686019810916311;0,03177531520647483;
70000;0;0,09177007390367731;0,010425188801935745;0,026507019419107013;0,0317752590792416;
75000;0;0,09016732129568615;0,009369909866871567;0,026118256530565542;0,030643108284442108;
80000;0;0,08886610350378843;0,008581293187166059;0,025666220096324313;0,030397388451880315;
85000;0;0,0883312464705864;0,008291845474351434;0,024994013649112287;0,03015143244294987;
90000;0;0,08648696217357207;0,00808615285167531;0,02351423156438948;0,02838273129851002;
95000;0;0,08471759594879638;0,007548524821757674;0,022729060803163795;0,02558113795738553;
100000;0;0,08231317861437933;0,006059158767141255;0,022323026544522995;0,025236485458275677;

==========================================================
===> Melhores f(x) para cada execução:
execucao;AGEO2_REAL1_igor;AGEO2_REAL1_porcentagem;AGEO2_REAL2_igor;AGEO2_REAL2_porcentagem;AGEO2_REAL2_normal;
1;0;0,10427868490319414;3,3306690738754696E-16;0,036914779057374725;0,007396550949786196;
2;0;0,06828206212791788;0,007437350929665021;0,049220103506586566;2,1707292363615238E-07;
3;0;0,07810737430519399;0;0,00993496547250694;0,029499031137658394;
4;0;0,09809552360405271;0,00992930492524935;0,02465778656501061;0,03441389955558816;
5;0;0,0753308725961388;9,992007221626409E-16;7,392529145322513E-05;0,027017870633211816;
6;0;0,10580615502944002;3,3306690738754696E-15;0,06398106540542015;0,019690170811531016;
7;0;0,05224050711643746;3,3306690738754696E-16;0,00014667579196325775;0,04425383160012453;
8;0;0,07660831769540588;2,220446049250313E-16;0,009916088253457578;0,03194325596859382;
9;0;0,11684181777052705;2,0650148258027912E-14;0,019802542008260815;0,03692432820279645;
10;0;0,10473970540135147;0,00986467369268862;0,00010189373540814284;0,022151689432616584;
11;0;0,056724948068479275;4,9527937306947933E-11;0,03935154519387707;0,049160690248938876;
12;0;0,08432160209184425;0,007419865591682728;0,027153168108499992;0,054084314321655724;
13;0;0,09112176956887896;0,009864733917362756;0,009927086731052803;0,05655527377266012;
14;0;0,0750571738948701;0,00988217361255106;3,935892183382084E-05;0,017241332117151287;
15;0;0,08166783750316442;0;0,02724301548572794;0,02215188788432576;
16;0;0,08813729079567645;0,01968473976846241;0,04686958958428067;0,017236520943421207;
17;0;0,08639522403505373;0,01968310382601246;0,007450429487605992;0,06393984869648017;
18;0;0,06840469356047174;0,024613839617583344;0,03937073424577631;0,0344677056811179;
19;0;0,06810066714205043;0;0,02463295133039567;0,017236438348597338;
20;0;0,11937732415634172;0,007399309847507918;0,02709024320434783;5,276484531524517E-07;
21;0;0,11317382502831563;0,007397936636960534;0,00011178543707779376;3,7291928711713496E-07;
22;0;0,0863522278262927;0;0,0001522926164586602;3,6256244884125266E-07;
23;0;0,09893610815225307;0,00911779546240199;0,01730659886291608;4,3466484245247017E-07;
24;0;0,09787740649371857;0,007400020483046443;0,04182215479692253;0,054084234844810286;
25;0;0,096472004358516;0,014789945044631492;0,019816297150003437;0,029552512087887006;
26;0;0,04470668493040242;1,0080825063596421E-13;0,051695894637176165;0,017241577612890246;
27;0;0,06996895287895455;0,011657515151801467;0,049216090283208946;0,04919368150520309;
28;0;0,10088792309901118;1,1102230246251565E-16;0,02461896028192656;0,024591501869167476;
29;0;0,06270366489345813;1,1102230246251565E-16;0,01245875442073241;0,024610586578130977;
30;0;0,06861976963581196;0,014784582094194199;0,027149977949291193;0,007396446403699408;
31;0;0,07213665952352077;4,692168154019072E-08;0,00993191366457613;0,029510839211328466;
32;0;0,07403898139907361;3,3306690738754696E-16;0,01977349061576017;5,944561479731547E-07;
33;0;0,08002466983703194;0,007404084758281915;0,0639441475670921;0,012321142461576562;
34;0;0,07110566968943133;0,009869742272739734;0,007454766467890117;0,02459066157941614;
35;0;0,10890960096425428;0,007599868262651688;0,0001768988193366905;0,009857918428930024;
36;0;0,08882396961693939;2,5571877948493693E-11;0,0006841982808428737;0,007397164336280571;
37;0;0,07188892787408185;9,992007221626409E-16;0,024676770388755154;4,960942405762836E-07;
38;0;0,06029918564229397;2,445045514942734E-07;0,027097362538191616;0,012317216380018592;
39;0;0,06508896632411088;8,881784197001252E-16;0,02462444064511582;0,014780787563668851;
40;0;0,07024247388504656;3,3306690738754696E-16;0,0615024677852859;0,027037520639657142;
41;0;0,07191672745424516;0,017237486641886846;3,1416240803383566E-05;0,02706176143022143;
42;0;0,09034835856424961;1,514245173694917E-08;0,00746557244033208;0,04671524410437533;
43;0;0,07273879493757063;0,01728761567864101;0,009984177775946068;0,04421233957327775;
44;0;0,08667478570512588;0,012970010179068625;0,007460101686332488;0,06640527521466788;
45;0;0,061207265011658296;2,6645352591003757E-15;5,2018643037499146E-05;3,888926036754725E-07;
46;0;0,06845848197216309;0,009910753465299682;0,04925364890433681;0,01972062879423797;
47;0;0,11348870536348554;0,014782167563650583;3,955839223601654E-05;0,06146104951292397;
48;0;0,06767060754414767;1,1435297153639112E-14;0,04932664405644871;0,022127162743679762;
49;0;0,10508064827656816;0,014793035577081004;0,00010706721249020834;0,044268775266347316;
50;0;0,0761773324707431;0;0,04433791128478615;2,101541848320565E-07;

============================================================================
Função: Rastringin
============================================================================

1...2...3...4...5...6...7...8...9...10...11...12...13...14...15...16...17...18...19...20...21...22...23...24...25...26...27...28...29...30...31...32...33...34...35...36...37...38...39...40...41...42...43...44...45...46...47...48...49...50...
==========================================================
parameter;AGEO2_REAL1_igor;AGEO2_REAL1_porcentagem;AGEO2_REAL2_igor;AGEO2_REAL2_porcentagem;AGEO2_REAL2_normal;
meanNFE;100001;100001;100016;100016;100016;
meanFX;0;3,0210383754772807;1,4921397450962105E-14;1,2073623511383857E-05;0,0012283077921297547;
sdFX;0;0,8741440052735089;1,1142578111034217E-14;2,3050285005518555E-06;0,0002169033528172751;

==========================================================
===> Médias para cada NFOB:
NFOB;AGEO2_REAL1_igor;AGEO2_REAL1_porcentagem;AGEO2_REAL2_igor;AGEO2_REAL2_porcentagem;AGEO2_REAL2_normal;
500;42,033852396513666;128,1106819015313;206,12234755301986;159,94030051906435;178,71069083648268;
1000;6,805383665734255;65,99713110217375;127,22414855322036;82,19804925187647;104,74258107648743;
1500;1,3599403235323093;35,6754646071198;67,60892160349516;41,22032536567449;50,10917797009086;
2000;0,21496214103421096;24,79589991214401;30,359058956915895;22,817741282902833;24,626697923611978;
2500;0,06095128042164859;19,115787524244745;17,2207490276274;14,601396610993636;14,936368111633131;
3000;0,01968064434323054;15,214592639065211;11,153942981196654;10,372125656806784;9,87329514598952;
3500;2,794008041462348E-07;12,507251073242532;8,484597350182716;7,632523396403937;7,213087227498664;
4000;7,519800817590293E-09;10,67078836181494;6,3741887766112155;5,838136767643334;5,5399924797250915;
4500;2,481087335581833E-10;9,613821627766267;5,121610533341336;4,763878542555342;4,148546377749686;
5000;5,753975074185291E-12;8,780243773131014;4,316718822596482;3,906501198308064;3,3309466300316775;
6000;1,9610979506978764E-14;7,682790785800843;2,900087018294002;2,9819018897937237;2,2366573791084767;
7000;4,6895820560166614E-15;6,958198521173441;2,082993406428219;2,108166477271036;1,4384303705714203;
8000;7,105427357601002E-16;6,667380607018614;1,534829205995623;1,376328881241563;0,9101459450109516;
9000;0;6,352165117680562;1,1126542814643212;1,0236918006104152;0,6504659897266727;
10000;0;5,983217219569295;0,7872002552114425;0,7989166156625964;0,5084380595786471;
12000;0;5,295212536793013;0,46317082526947134;0,4187272181677983;0,2552444338102579;
14000;0;4,983601429431019;0,22537844660651046;0,2276820573522241;0,08342287524175916;
16000;0;4,687055065937749;0,16506148679561988;0,02330523980988275;0,04610215061188612;
18000;0;4,509435581975277;0,06007254460460913;0,003582983411697285;0,0071967334135955244;
20000;0;4,448551423181452;0,05901384054896084;2,574469338881613E-05;0,0019445629062262526;
25000;0;4,230396788236777;0,03939564899912909;1,973277189861733E-05;0,0016101241743348281;
30000;0;4,108957670809134;6,048215163275472E-05;1,798887842412E-05;0,00152083415916195;
35000;0;3,965214437323329;6,0459637680878586E-05;1,6661334295378084E-05;0,0014648289603842101;
40000;0;3,7685090204405856;6,043138689179272E-05;1,5892864564648334E-05;0,001445098320764373;
45000;0;3,6964839530643143;6,042699855456135E-05;1,528534780035784E-05;0,001394851655710312;
50000;0;3,6022417982635897;6,042697939207642E-05;1,476616807821074E-05;0,001358819804385405;
55000;0;3,485028342705174;6,042697936877062E-05;1,4521750710372316E-05;0,0013306152426629581;
60000;0;3,383272953907489;6,29697183285316E-12;1,4044784144005008E-05;0,0013154428327756306;
65000;0;3,336582214010875;2,6432189770275728E-14;1,3837415744148985E-05;0,001302118484208421;
70000;0;3,2729136486646326;2,6005864128819668E-14;1,3507896775308836E-05;0,0013010158059519484;
75000;0;3,2647496763287087;2,3163693185779265E-14;1,3220825426571991E-05;0,00129046386022992;
80000;0;3,2278916411644936;2,3021584638627248E-14;1,2992755325171856E-05;0,0012693507457719022;
85000;0;3,2047262856421184;2,1174173525650985E-14;1,2622389787253497E-05;0,0012465849833880327;
90000;0;3,1363237157443007;1,7337242752546444E-14;1,2595567759632332E-05;0,0012352308014375523;
95000;0;3,0620574859044734;1,5063505998114125E-14;1,2247829820353218E-05;0,0012299673694781176;
100000;0;3,0210383754772807;1,4921397450962105E-14;1,2073623511383857E-05;0,0012283077921297547;

==========================================================
===> Melhores f(x) para cada execução:
execucao;AGEO2_REAL1_igor;AGEO2_REAL1_porcentagem;AGEO2_REAL2_igor;AGEO2_REAL2_porcentagem;AGEO2_REAL2_normal;
1;0;4,190106350431947;1,4210854715202004E-14;1,4397610208050082E-05;0,0012463716356023724;
2;0;2,536379157748229;7,105427357601002E-15;1,2199691354908282E-05;0,00111251672931445;
3;0;3,5239175179972193;2,1316282072803006E-14;1,389626137893174E-05;0,0010643802702858807;
4;0;0,882254588190932;2,1316282072803006E-14;1,1727959744689542E-05;0,0010548007142574534;
5;0;2,8252332547522556;5,684341886080802E-14;1,2501060133729425E-05;0,0007559704099762143;
6;0;4,022760041490471;1,4210854715202004E-14;1,1305496279589988E-05;0,0012324715796054875;
7;0;3,2304346890144657;1,4210854715202004E-14;1,202659257870664E-05;0,0010786320121098925;
8;0;2,697836698258243;7,105427357601002E-15;1,3186500510187216E-05;0,0012068828114166763;
9;0;2,265520445357204;2,1316282072803006E-14;1,0213258619273802E-05;0,0010897302851446966;
10;0;2,187203724195733;7,105427357601002E-15;1,1814859313119541E-05;0,0012677718244447078;
11;0;3,073766646038557;3,552713678800501E-14;1,1237537599129155E-05;0,0013188604803673343;
12;0;1,4343606465793073;7,105427357601002E-15;1,0493542447420623E-05;0,0016325974547939381;
13;0;3,955674026329085;7,105427357601002E-15;9,40583551312102E-06;0,0014468534766720609;
14;0;2,501025352588904;7,105427357601002E-15;1,6610638169822778E-05;0,0011322988240891618;
15;0;1,47148938417984;7,105427357601002E-15;1,4177418194094571E-05;0,0014496248417330548;
16;0;3,730654367544261;1,4210854715202004E-14;1,2091282776793832E-05;0,0014145123346551713;
17;0;3,1700944273364087;1,4210854715202004E-14;1,5618112399806705E-05;0,001489134588972263;
18;0;2,5816849623866247;7,105427357601002E-15;9,26695183522952E-06;0,0007609296756072581;
19;0;3,2742512800318337;7,105427357601002E-15;1,5184982814275827E-05;0,0012337515588995984;
20;0;3,4734327808481282;7,105427357601002E-15;1,0931431717153828E-05;0,001376392806776039;
21;0;3,612105916745257;5,684341886080802E-14;1,4542195621913834E-05;0,0011670457192280992;
22;0;3,4051567735209787;1,4210854715202004E-14;1,000614926738308E-05;0,0008063616037503607;
23;0;3,9012812816407845;7,105427357601002E-15;1,0413393930264192E-05;0,0012019910903191544;
24;0;3,7331926907955335;2,1316282072803006E-14;7,88861349576564E-06;0,0009350125757805472;
25;0;2,7106525184370156;2,842170943040401E-14;7,841735119029636E-06;0,00133753196936226;
26;0;4,379432650083352;2,1316282072803006E-14;1,3374939719312806E-05;0,0013420193344302334;
27;0;2,855543925866094;7,105427357601002E-15;1,1837477067899727E-05;0,0016097576799509739;
28;0;1,8532935975066422;7,105427357601002E-15;1,542878989369001E-05;0,0012665531889268777;
29;0;2,689082312987445;1,4210854715202004E-14;1,2621492921027766E-05;0,0010720295163650917;
30;0;2,4107656808689057;1,4210854715202004E-14;1,0412882275545599E-05;0,001227675486504154;
31;0;2,8577810824828376;2,842170943040401E-14;1,0923947215246699E-05;0,0013775643625990597;
32;0;1,9398824889987694;0;1,623174476605982E-05;0,0010756437633148153;
33;0;4,6432779567272675;7,105427357601002E-15;8,476875578367071E-06;0,0012759383185354523;
34;0;2,9926900089143658;1,4210854715202004E-14;8,98111431979487E-06;0,0015469231455966792;
35;0;1,6070334263957733;7,105427357601002E-15;1,3306600877172059E-05;0,0014051652237654366;
36;0;3,2910159802118315;1,4210854715202004E-14;1,1786367586807955E-05;0,0015914627320654517;
37;0;1,7779733962666384;7,105427357601002E-15;1,661247104323138E-05;0,0011258665572597693;
38;0;3,738815299478098;2,1316282072803006E-14;1,193664494536506E-05;0,0015430165065453139;
39;0;3,749205655538738;1,4210854715202004E-14;1,1961471308552518E-05;0,0012892788385485687;
40;0;4,344235022709114;1,4210854715202004E-14;1,2550841937297719E-05;0,0007780013607217029;
41;0;4,050777075110268;7,105427357601002E-15;1,0384389845796704E-05;0,0015127090492370598;
42;0;2,992997942396727;7,105427357601002E-15;1,0296255950947852E-05;0,0011847014910486564;
43;0;1,6712997864908345;1,4210854715202004E-14;1,2726614173175221E-05;0,0012741282634678441;
44;0;4,484228391360531;7,105427357601002E-15;1,2991148054197765E-05;0,0010399023112981354;
45;0;3,0655817446294833;2,1316282072803006E-14;1,0165383613980339E-05;0,0011086856105180232;
46;0;3,4258034258128873;1,4210854715202004E-14;7,82681007649444E-06;0,001248982347533456;
47;0;2,5313119999995095;1,4210854715202004E-14;1,6313747771334874E-05;0,0010587500531968885;
48;0;3,2292670740273053;2,1316282072803006E-14;1,3906690149667611E-05;0,0010222431382516106;
49;0;2,728075270959991;7,105427357601002E-15;1,1281986083133688E-05;0,0011842324188364728;
50;0;3,3520780556014103;1,4210854715202004E-14;1,2365377372702824E-05;0,0014417316348058762;

============================================================================
Função: Rosenbrock
============================================================================

1...2...3...4...5...6...7...8...9...10...11...12...13...14...15...16...17...18...19...20...21...22...23...24...25...26...27...28...29...30...31...32...33...34...35...36...37...38...39...40...41...42...43...44...45...46...47...48...49...50...
==========================================================
parameter;AGEO2_REAL1_igor;AGEO2_REAL1_porcentagem;AGEO2_REAL2_igor;AGEO2_REAL2_porcentagem;AGEO2_REAL2_normal;
meanNFE;100001;100001;100001;100001;100001;
meanFX;0,015394516983358714;1,3918797423325286E-06;0,00017396044600279112;0,00011565451803414472;6,955657452525378E-05;
sdFX;0,014415004703835273;1,9034194351722947E-06;0,00021881577954925327;0,00021362355473108696;7,658445256204345E-05;

==========================================================
===> Médias para cada NFOB:
NFOB;AGEO2_REAL1_igor;AGEO2_REAL1_porcentagem;AGEO2_REAL2_igor;AGEO2_REAL2_porcentagem;AGEO2_REAL2_normal;
500;2,120986041314404;187,45344383405774;0,47855395595393607;0,6449527831386327;0,5617759591738742;
1000;0,8691743700557645;76,96176292968372;0,27811863891498606;0,36309822501919486;0,19708231361995995;
1500;0,7427955704951262;30,56113274140482;0,15477077804975622;0,153663248259479;0,15621449246267718;
2000;0,39657366702939134;10,931219777789739;0,11300366471996974;0,13274891147914514;0,06959410745471596;
2500;0,26107700472407847;2,5392587316962145;0,0876018792170303;0,11882108514931254;0,05960201207673548;
3000;0,23823219533716622;0,9446489344462543;0,06532137591678024;0,1029732069221233;0,03637189458127179;
3500;0,21619611900350416;0,7522923280647918;0,058766726631628956;0,09210876176019461;0,033851883802102196;
4000;0,2025389728354;0,6482355842248291;0,044489001869877705;0,08261230032523656;0,025502397014112853;
4500;0,18894308523524267;0,575624531464198;0,03601808347978794;0,07276217086812269;0,019469247525495222;
5000;0,17558740801351874;0,510535623329423;0,02774075998674751;0,06434626161853071;0,017677602772024216;
6000;0,16447792984736295;0,40253273723725036;0,018991753850078216;0,04228851693020209;0,014859851004155074;
7000;0,15714956425376314;0,3080068159388693;0,010422417028028678;0,0325549965452199;0,011916400712157273;
8000;0,15086970702922678;0,22341847089401776;0,0072393080170225456;0,027146814601265116;0,008509777958197566;
9000;0,14724466307351863;0,15489218985801445;0,005038177948441949;0,02456316830245942;0,00671380464267768;
10000;0,1401358498427501;0,12882334353748903;0,004978450543757034;0,023032832888491166;0,004845939535306408;
12000;0,12965620471296238;0,09845126335193069;0,003996338561590547;0,014638814072678022;0,003408883491317443;
14000;0,11815587551737497;0,0658127461644314;0,003776248773432901;0,012220342395828249;0,0032963550376698745;
16000;0,10227056889266357;0,03355139832319086;0,0034558946723739887;0,00804600019140514;0,002485364378728185;
18000;0,08791629305415448;0,012443418322978494;0,0022048764922529395;0,007040989947689388;0,002349240200347677;
20000;0,08121233913420565;0,006400022877001199;0,0015989146397921198;0,005725480559407335;0,001451883277980231;
25000;0,06635369179113383;0,0043516208682695505;0,0012881204585527316;0,0018162408366400916;0,0007836639910287039;
30000;0,05579145888916132;0,002574444653192002;0,001044341919355807;0,0017611657986208212;0,0007103541884374078;
35000;0,047836984315523114;0,002140170026610059;0,0009081022282475706;0,0011096758304232133;0,0005642154010879323;
40000;0,03667446297114964;0,001503349346844836;0,000734878378840838;0,0008007816215480145;0,00047822496239129965;
45000;0,03488171270553872;0,0006069948244180254;0,0006263443453445913;0,0004054521832587382;0,0003376437723648359;
50000;0,03321419853337812;0,0005191572858188639;0,000591966939155855;0,000344641537057221;0,0003312700502509592;
55000;0,030520548103126845;3,944755369976603E-05;0,0004299827836309527;0,0003431291888133764;0,00022135161427672592;
60000;0,030127687365163622;4,774831177313736E-06;0,0004198846301372391;0,00029949732307408937;0,00018741331902115098;
65000;0,027323140765000406;4,035383213499534E-06;0,0004131407870523194;0,00028677635052625514;0,0001628160368246589;
70000;0,025022288199404167;3,211215696314761E-06;0,0003257437565379677;0,00018391699690101774;0,00015352787363687756;
75000;0,025022288199404167;3,096934141735912E-06;0,0002605085939455834;0,00018018937964419093;0,00014036981290632108;
80000;0,022685082950587146;2,3635951861356598E-06;0,00023921318914912868;0,00015330098070468888;0,00013459271974641297;
85000;0,021505013998224295;2,3355658253949365E-06;0,00023043483302681502;0,00014195247328410303;0,00013196151323312816;
90000;0,018581209164879736;2,1585601400967238E-06;0,00019789665453154504;0,00013429079557625086;0,00013168684861545444;
95000;0,017818913661189803;1,4519102486930702E-06;0,00018455835416725006;0,0001157228837065136;7,262478097231319E-05;
100000;0,015394516983358714;1,3918797423325286E-06;0,00017396044600279112;0,00011565451803414472;6,955657452525378E-05;

==========================================================
===> Melhores f(x) para cada execução:
execucao;AGEO2_REAL1_igor;AGEO2_REAL1_porcentagem;AGEO2_REAL2_igor;AGEO2_REAL2_porcentagem;AGEO2_REAL2_normal;
1;0,010815392875604651;3,268289856077973E-06;2,4200743749626453E-05;1,931546574528236E-05;4,412729194136524E-05;
2;0,07941158686851828;1,5304581877302553E-06;0,0006068478467178846;0,00040423254284022413;4,996969182652377E-05;
3;0,014097336814808275;4,175261623041953E-06;2,044135559125537E-06;0,0008785994986459807;4,956268740311632E-05;
4;0,023827124012749345;3,8744632137513553E-07;3,820199160446467E-05;8,106136423103073E-05;8,717319730076312E-05;
5;0,00420888268965617;3,3197588577174176E-07;0,0004747376568601935;0,0001535637835195658;4,4997631896279045E-05;
6;0,019514328301699205;5,122892981567373E-07;1,1678735885111166E-05;3,635108549482842E-05;3,2066285643012364E-05;
7;0,001196790657668063;1,454277967694904E-06;0,0002368265101762662;4,799509906977776E-05;0,00022884150346466555;
8;0,0007885676397259005;2,108195370421547E-06;0,00012002883920261706;1,1353671765000604E-06;8,097630441802875E-05;
9;0,019834973345754132;2,281939741230745E-06;1,3939655115508514E-05;5,462895833957702E-05;1,0591892673419744E-05;
10;0,026479270744067546;2,5216491716486E-09;0,00016634076306785208;0,0003603119414474594;3,22905434786825E-05;
11;0,024957405151754125;7,227008364031884E-07;8,424275142055619E-05;1,5962342249570475E-05;8,035755568495333E-06;
12;0,00815026431673887;1,2143539914882597E-06;3,014955675329468E-05;1,0160470704964319E-05;9,232311237552314E-05;
13;0,00014350124760050152;8,198758870496218E-07;0,00018475069241225887;3,132372739509262E-05;0,00014099941444062756;
14;0,033060778319507114;7,951725469757329E-07;6,560891310190074E-05;1,5423040500265767E-05;2,818869740700801E-05;
15;0,00045010347283999853;7,210874080004888E-07;0,0008487961491229264;1,1248396784145689E-05;0,0002565204607072013;
16;0,013171024311944406;4,1667789216943245E-06;2,4775804177039325E-06;1,9113804526806433E-06;3,8345272184928296E-05;
17;0,01436455442712711;5,632662650652199E-06;0,0007040656474075785;6,926488375396353E-05;7,889258513365093E-05;
18;0,00456878292018389;6,823051873029662E-07;0,00011228297742266949;4,420392884762762E-05;7,537324834968673E-06;
19;0,031048481978606927;1,0837967025160836E-07;0,00014207728298015396;0,00023334114991782224;3,338171598390064E-05;
20;0,010916210740253491;7,453909637422367E-07;0,0002727790358706414;5,743663061785325E-06;7,83228415916055E-05;
21;0,007643596934927908;1,8521212240152186E-06;1,7992539574203666E-06;8,591672851002268E-06;0,000213186008382178;
22;0,028013720530374975;1,2584006738622812E-07;0,00014651587308716328;0,0007496531640105417;1,9441189285067583E-05;
23;0,0029792452595729267;3,9310248370221324E-07;3,8931254488112614E-05;0,0002199621302310088;7,986596073990726E-07;
24;0,0028834782563260217;1,4906016315899212E-06;7,155848160957737E-06;0,0002229736589071745;2,046238333579051E-05;
25;0,027372865951553638;1,008215468080053E-06;0,0004579510639333198;6,354465366527985E-05;6,623873878361899E-06;
26;0,0014876461452098173;2,8230089213769766E-06;0,0008375636486057248;3,2907441430585304E-05;3,109417838642697E-05;
27;0,02423189494755776;2,536789532049861E-06;1,687130903321777E-05;2,1109146131576404E-06;5,8019977777053715E-05;
28;0,006109947267091573;3,422824153524916E-08;1,3212888978346372E-05;1,5608637171671494E-06;1,4359674915872099E-05;
29;0,007220464540707515;2,1836133883648336E-06;0,00019320374014407632;3,684759836224186E-05;9,949304013716663E-05;
30;0,0014368151179793463;1,2109005935522245E-06;2,286261936690135E-05;0,0004779034569583913;3,5201016747891354E-05;
31;0,022291414959236772;2,4103027563068558E-06;0,0002988202626017043;4,187789082173538E-05;9,932385650073312E-06;
32;0,009615513555290084;1,1372009066811772E-05;1,550415526379805E-05;8,719207486941232E-06;1,7371378306520577E-05;
33;0,015277601254306116;3,209597196156703E-07;0,00010898082308414158;6,023613195418841E-05;6,542748605294939E-06;
34;0,0063937308843520025;1,7986683016537764E-06;0,0005439813039103176;8,744647038510688E-08;0,00038995813960050724;
35;0,05063389030991838;1,5993945413692747E-06;0,00019291727797679636;3,63275128794604E-05;3,271107935421328E-05;
36;0,005963252459478054;1,9241000806343813E-07;0,00018793316135397415;0,00012562227021686127;1,3662411520960435E-05;
37;0,005816131302358632;1,613815595978648E-07;4,142653268778828E-05;3,936083519010161E-05;8,38477697940513E-05;
38;0,031765556398478695;4,06482715577729E-07;0,00012647119185561802;0,0008933384270699278;1,0258746850211953E-05;
39;0,0184290755151688;5,395720800881448E-08;0,00012276250618015088;7,4198869112304975E-06;4,2120298638695584E-05;
40;0,025184593495836637;3,1134921550733716E-07;0,00014811129202435975;3,5473279081550586E-06;4,2318197579874076E-05;
41;0,00370688591583381;1,18238561200587E-07;2,1913531765683172E-05;1,3075912538101348E-05;5,949940731139801E-05;
42;0,023305916408969247;9,210488229348981E-08;6,186056372872281E-05;4,689840451563154E-06;0,00014296863868148367;
43;0,011037373914312405;7,334285366258842E-07;1,7554067711648657E-05;1,8279697016423128E-05;0,0001542374975707142;
44;0,005852898114524312;3,6535989214188206E-07;0,0004854492910714863;4,045202513488735E-06;1,1302522149436237E-05;
45;0,027232392876049796;1,8166458558076998E-07;0,00014752983500930828;7,128138774975721E-05;2,992535071311148E-05;
46;0,009048482095807326;2,729464696947134E-06;8,793734547142201E-06;1,3146743351211402E-05;2,673045319331469E-05;
47;0,0015224046130770561;2,0862324364872484E-07;1,284033077132161E-05;3,170326784045368E-06;0,00010693322770096415;
48;0,01319085231312578;5,734176641985167E-07;1,4860925319672998E-05;8,04378216214614E-06;7,668625078001513E-05;
49;0,011529384210308441;8,684800111613807E-08;0,00015579824517431665;1,0440619773763501E-05;0,0001068220150592307;
50;0,021543462783393943;5,581364444747109E-07;0,00010636830349802858;0,00012818180753305374;0,00019217599447564614;

============================================================================
Função: Schwefel
============================================================================

1...2...3...4...5...6...7...8...9...10...11...12...13...14...15...16...17...18...19...20...21...22...23...24...25...26...27...28...29...30...31...32...33...34...35...36...37...38...39...40...41...42...43...44...45...46...47...48...49...50...
==========================================================
parameter;AGEO2_REAL1_igor;AGEO2_REAL1_porcentagem;AGEO2_REAL2_igor;AGEO2_REAL2_porcentagem;AGEO2_REAL2_normal;
meanNFE;100001;100001;100068;100068;100068;
meanFX;982,4023933807505;352,33855607861636;1,9218152834598368;0,00017489784357167083;0,0001277314131766616;
sdFX;119,92552006413901;105,95309085000827;0,5691415843294486;1,2987263830358383E-05;1,4391760357962088E-07;

==========================================================
===> Médias para cada NFOB:
NFOB;AGEO2_REAL1_igor;AGEO2_REAL1_porcentagem;AGEO2_REAL2_igor;AGEO2_REAL2_porcentagem;AGEO2_REAL2_normal;
500;2200,8649372605264;1635,5006473080205;2479,8015389433313;2199,7415863750953;2352,4075477427286;
1000;1892,3867982114077;1380,6238113049353;1160,377231159649;991,6435820351002;1177,4948480912512;
1500;1774,9972904828692;1216,3196624476213;632,5661543733296;585,4256946766759;677,9128795609996;
2000;1665,2548572035676;1109,0786788605876;379,3546807045952;377,7065807672071;428,7338576880822;
2500;1603,2765142022254;1044,3360543416525;247,23340548076143;272,85171031005007;295,702013376845;
3000;1566,3852465402672;1000,957774202715;160,41730910855517;202,10599940131914;221,64418926286146;
3500;1511,8184124574539;975,4188956158924;118,4311246827861;148,20347297925815;171,0438435143204;
4000;1435,7405506798316;931,8746955758578;83,81801033090247;110,77992610390072;114,82753052721486;
4500;1413,7798727169784;914,9489591656213;62,28258995819903;75,13068199552917;79,59303923357648;
5000;1388,1272550056697;896,8905055349674;47,91789147566241;48,5420219088324;57,39137473397776;
6000;1365,925771834104;879,6048694160492;33,237031773891296;25,46182571537508;31,32058982690769;
7000;1329,0827950562953;858,0798723872954;21,501329562996244;14,672014495892718;18,140612334659263;
8000;1317,444490744778;835,0255566114818;17,46417845605478;10,996635507092932;8,370729530573717;
9000;1302,4930685009954;818,796806704823;14,603892284258873;4,802466910266821;2,4983736523168134;
10000;1300,7941866906697;774,7829942609253;11,803958456442851;3,6641756597738278;2,3689451874804854;
12000;1250,9617838660827;736,3717229591518;4,361026819097878;0,03103830376165206;2,3688951301186263;
14000;1201,494331184637;679,3944884148113;3,8303991722710817;0,00023306729590331088;2,3688949949493963;
16000;1192,3891798973061;620,3991033265667;3,5930480743474074;0,0002202006126572087;0,00013775801391602727;
18000;1150,6887236389673;597,5612599088255;3,3811786694524746;0,00021699896637073835;0,0001281400716288772;
20000;1138,2167660428938;562,6517310519141;3,222456015189218;0,00021233404184386017;0,00012808334509827545;
25000;1134,5599742379472;535,2890351211955;2,9880514125451008;0,0002055415729591914;0,00012801663207937964;
30000;1113,2596553822334;502,19392129225315;2,7810846987444346;0,00020007856955999158;0,00012796752351277975;
35000;1087,409718380601;485,9647423542802;2,627336049328351;0,00019688222228069207;0,00012792951280061972;
40000;1070,8546524304375;465,2843981489992;2,5408043732880286;0,00019306073269035552;0,00012791098926754786;
45000;1055,0720257124237;446,60138744950746;2,4405497065189774;0,00018880770498071796;0,00012790246408258098;
50000;1054,3498424120867;440,6221763078226;2,4308823003250835;0,00018596601588797057;0,00012786488241545158;
55000;1046,8284166816898;428,25238769541306;2,3196319931770994;0,00018489120369849843;0,00012783522224708578;
60000;1039,453297951857;396,50799155811546;2,259845570145244;0,00018336705878027715;0,00012782244528352748;
65000;1037,9949101781851;392,0426393726746;2,165826027694002;0,00018242081148855504;0,00012781860423274338;
70000;1023,9117634309428;379,2883972242575;2,153601592375162;0,00018175149989474448;0,0001278044155696989;
75000;1010,2050080068973;376,6273950840356;2,110284582325894;0,00017960717454116093;0,00012779113296346623;
80000;1005,7416364629845;376,1351927202015;2,045602304770964;0,00017935687665158185;0,00012778275247910643;
85000;990,1341228466916;375,88483019788;2,007339320788451;0,00017737170594045893;0,00012777398025718868;
90000;984,7880455254005;374,9198214448617;2,004742934243768;0,00017732900780174533;0,0001277629890864773;
95000;984,7880455254005;357,6315030938939;1,9346498056278323;0,00017554204390762606;0,0001277438659235486;
100000;982,4023933807505;352,33855607861636;1,9218152834598368;0,00017489784357167083;0,0001277314131766616;

==========================================================
===> Melhores f(x) para cada execução:
execucao;AGEO2_REAL1_igor;AGEO2_REAL1_porcentagem;AGEO2_REAL2_igor;AGEO2_REAL2_porcentagem;AGEO2_REAL2_normal;
1;1135,2519977692577;207,31967823181503;2,1465027128124348;0,00018082910082739545;0,00012769490967912134;
2;1181,9200313508777;475,146819701818;2,3038962059190453;0,00016909563055378385;0,00012770518333127256;
3;1085,3018604246504;293,12914453526173;0,8188611709538236;0,0001737761804179172;0,00012786480783688603;
4;796,4554377953045;346,25193639058807;2,4404925564658697;0,0001865756939878338;0,0001277231613130425;
5;791,1177096965898;410,4680962210291;2,415836011625288;0,00016922854774747975;0,0001276334378417232;
6;957,8726680509185;537,0468890461716;2,3491521747564548;0,0001846638879214879;0,00012760401295963675;
7;1074,8546290232916;420,3518420373857;1,5340459916442342;0,00016841610613482771;0,00012782259909727145;
8;1090,021394883665;401,97566057754057;2,1873062088752704;0,0002012910708799609;0,00012773661819664994;
9;1179,8103551712957;403,31996063971155;1,8354616677861486;0,0001835676694099675;0,00012772600439348025;
10;938,357660030214;300,3248171930263;2,3017305176445007;0,00016618307290627854;0,00012773832349921577;
11;1027,9959553654621;479,7243897174044;1,3566000700393488;0,00018786814507620875;0,0001278100507988711;
12;520,4420103027005;225,65376664219457;2,236403971392974;0,00017124199075624347;0,0001275680333492346;
13;699,6645407636092;206,23161485780793;2,3852462953809663;0,00017218453467648942;0,00012774574770446634;
14;978,6768598033682;518,3928380086472;0,3298339066814151;0,0001654661464272067;0,00012791587323590647;
15;923,8646510191434;442,47430160478325;2,076672139434777;0,00017328109970549121;0,00012781084296875633;
16;997,9857098919097;445,3694563063691;1,539335152082458;0,00016932433481997577;0,00012768034139298834;
17;1101,287374004397;253,2706725296316;1,7973145473843033;0,00015232617806759663;0,00012771899127983488;
18;933,0324649821482;417,5406670695529;2,2836680074024116;0,00018408603773423238;0,00012780437918991083;
19;902,2622132534702;206,8952404163897;1,6739537729990843;0,00018294047731615137;0,00012769506247423124;
20;941,9695913643532;363,710701534249;2,007490282377148;0,00016164276530616917;0,00012773158414347563;
21;935,5434937959699;302,22065975654095;1,664366993506519;0,0001859133744801511;0,0001277412638955866;
22;953,227213771203;99,71908628199844;1,3296834516359013;0,00017220203608303564;0,00012764186067215633;
23;962,1839492633771;295,1541565616262;2,312493176516;0,00016796495765447617;0,0001276500543099246;
24;1009,6907134253365;362,646604976062;1,990152653484074;0,00017881557505461387;0,00012780280485458206;
25;1081,963967891666;268,79657821476303;2,539997921890972;0,0001814582601582515;0,00012786721708835103;
26;851,5970801688736;426,33524184730504;1,3568648844793643;0,0001471834912081249;0,00012762041569658322;
27;1119,215105575147;361,361659573643;1,0658684358704704;0,00015533709574810928;0,00012749163488479098;
28;955,7014656611573;236,34934360570605;2,3160911928571295;0,00016534455789951608;0,00012772819991369033;
29;1077,0489871826917;387,15116840549035;1,8624267625818902;0,00015368975709861843;0,00012801984121324494;
30;862,0929604782959;205,24239150515223;1,9924102057802884;0,00016794823386589997;0,00012766976306011202;
31;992,0729824702462;467,9864948648815;2,145130087034886;0,00019739587696676608;0,0001279972966585774;
32;992,9361286801245;196,9283486478639;0,9337952784753725;0,0001947421887962264;0,0001281044596908032;
33;896,7998581454831;250,63402167106597;1,765633907180927;0,0001835050834415597;0,00012753559440170648;
34;1031,8929033666982;353,90315020001117;1,9963703426628854;0,00018711568918661214;0,00012778551536030136;
35;1010,0872064637447;342,0958796021682;3,3040760706089713;0,00018820104287442518;0,00012774161314155208;
36;1028,9787661690166;323,49206510211616;1,9431580783048048;0,00016575774498051032;0,00012759764649672434;
37;997,1655828165153;272,2099532767975;2,1088387930194585;0,00018018456830759533;0,00012752208476740634;
38;1055,284649913593;571,2145443712839;2,284843098044803;0,00017095439670811174;0,00012794614303857088;
39;985,8009547373795;287,36472088827213;2,783698528579407;0,00014903547707945108;0,00012788180629286217;
40;1010,5243891046416;250,94293820882103;1,880584903577983;0,00018322352843824774;0,00012766009695042158;
41;1022,5588996377369;543,1939203975662;1,2523321018024944;0,00016879736904229503;0,00012786636580131017;
42;960,6693922580744;268,01438957064056;1,8927447464920988;0,0001824789051170228;0,00012776949370163493;
43;1104,760068756779;432,8125901626868;1,6972530784687478;0,00018194797394244233;0,0001278522804568638;
44;1080,7309386678662;479,77446662736793;2,1827048072809703;0,00017234885126526933;0,00012742729450110346;
45;1148,2330110490502;397,60877980589476;1,017272675067943;0,00016680127737345174;0,00012781694749719463;
46;978,0827584119943;278,908508082779;2,682888947034371;0,00015323618936236016;0,00012756343039654894;
47;1004,5198176772737;380,1092386051605;2,2779477228150427;0,0001884588282337063;0,00012790027358278167;
48;973,676048476621;469,92655977213417;2,4921557527050027;0,00016354954095731955;0,00012751532540278276;
49;956,5592452861456;404,2080516087144;0,7876940506921528;0,00018853350138670066;0,0001275862923648674;
50;822,3760147881972;346,02379847493194;2,2114821608829516;0,0001987781351999729;0,00012753767805406824;

============================================================================
Função: Ackley
============================================================================

1...2...3...4...5...6...7...8...9...10...11...12...13...14...15...16...17...18...19...20...21...22...23...24...25...26...27...28...29...30...31...32...33...34...35...36...37...38...39...40...41...42...43...44...45...46...47...48...49...50...
==========================================================
parameter;AGEO2_REAL1_igor;AGEO2_REAL1_porcentagem;AGEO2_REAL2_igor;AGEO2_REAL2_porcentagem;AGEO2_REAL2_normal;
meanNFE;100021;100021;100359;100359;100359;
meanFX;0;0,18805303616007493;7,680966973566683E-14;0,002906956333046935;0,004810908791743884;
sdFX;0;0,024246431626096052;8,391887939047397E-14;0,00021646545338827066;0,00038446472817891246;

==========================================================
===> Médias para cada NFOB:
NFOB;AGEO2_REAL1_igor;AGEO2_REAL1_porcentagem;AGEO2_REAL2_igor;AGEO2_REAL2_porcentagem;AGEO2_REAL2_normal;
500;18,896772937967338;20,096646703890073;20,92583379292048;20,76036844242713;20,741699543048114;
1000;13,302077475140766;19,569594608168476;20,861972689664363;20,095019116719754;20,042167846063034;
1500;8,264380778137854;19,449611745651787;19,939151658936026;18,07974873000638;17,49415419835581;
2000;4,780659925113156;19,42126054091103;18,819759694882997;16,228035209264508;15,55445231866802;
2500;2,716584591099204;19,400999580083457;17,440406433178687;14,203061281153694;13,587403284465971;
3000;1,1660488718889008;19,386953401592056;14,058102212097573;10,734576853697325;10,34308765411918;
3500;0,3277658395702609;19,376070560439693;12,206631385767217;8,975056247301062;8,772590444529643;
4000;0,11173476817129313;19,361093785018728;9,656216015791488;6,9162119895466345;6,731353756948129;
4500;0,0417758491802946;19,351298318587652;8,088143974402778;5,696999147438884;5,610886080077003;
5000;0,016490722800505325;19,33775187262778;6,850688706930225;4,884121557382102;4,735512083639172;
6000;0,00312615184553529;19,313183174422377;4,235319639459078;3,436946249724196;3,224702696692227;
7000;0,0005803244608082281;19,28720066183788;2,9424701707710494;2,540662779566603;2,2504026122133975;
8000;0,00010923537773315672;19,263729830441243;2,199112542638237;1,8884329306253838;1,5114261563384395;
9000;2,0564928369140035E-05;19,240460117795124;1,7346035725033533;1,3838837179257206;1,0759095989879723;
10000;3,861232741542153E-06;19,217413449947426;1,2301983255028202;0,8735586504783939;0,5836703598276176;
12000;1,4252182232610266E-07;19,145596639961006;0,4867604013374288;0,2545197791863989;0,11777439211629413;
14000;5,42323540742018E-09;19,06806600041266;0,13089183579419023;0,05338743748771911;0,031566516773589084;
16000;1,9853644062095555E-10;18,980095876821853;0,03634656580332432;0,016353738955425214;0,008659021601585479;
18000;7,652332101315551E-12;18,88598262847124;0,008004232409556949;0,0050832372210740575;0,006874097072377552;
20000;2,9181990157667315E-13;18,756435112883295;0,0020045892009415665;0,003919870170843253;0,0061650760027379195;
25000;2,2666313270747196E-14;18,218881722124706;3,0449138119408305E-05;0,003408228093434218;0,005766547892794023;
30000;9,166001291305293E-15;17,220865689120547;6,0169260578391E-08;0,003327485827096979;0,005578969037549016;
35000;5,044853423896711E-15;15,41988005775265;4,910431528060144E-10;0,003269903914697352;0,005444431394764564;
40000;3,481659405224491E-15;13,187461690421701;1,8263321521772014E-10;0,0032167881775389874;0,0053237125625066285;
45000;2,6290081223123707E-15;10,10881376278384;1,8132730872366664E-10;0,003149603607171727;0,005179014295777904;
50000;1,4210854715202005E-15;6,870921335104356;1,8131693479972455E-10;0,0031260334646567144;0,005070882071326963;
55000;7,815970093361102E-16;4,143793732636276;1,8131657952835668E-10;0,0030751656132284922;0,005027931822497251;
60000;3,552713678800501E-16;2,2115854981133665;5,1757353958237216E-11;0,0030651808472245533;0,005009303579877837;
65000;1,4210854715202004E-16;1,316157058077475;5,158540261618327E-13;0,003021890786173955;0,004956578907150586;
70000;0;0,8583825544306398;1,8857804207073058E-13;0,003021890786173955;0,004925513275601432;
75000;0;0,555298823791304;1,5852208434807834E-13;0,0029809901575734445;0,004900833024939999;
80000;0;0,2334930079286503;1,270450411539059E-13;0,0029692436853071768;0,004861245308750597;
85000;0;0,19908196301156927;8,846257060213247E-14;0,0029547747110988355;0,004838448481155879;
90000;0;0,19458365200075967;7,851497230149108E-14;0,002942303483954021;0,004829483643398191;
95000;0;0,19103389892364667;7,695177828281885E-14;0,0029121563541353625;0,004813173968195485;
100000;0;0,18805303616007493;7,680966973566683E-14;0,002906956333046935;0,004812308098246021;

==========================================================
===> Melhores f(x) para cada execução:
execucao;AGEO2_REAL1_igor;AGEO2_REAL1_porcentagem;AGEO2_REAL2_igor;AGEO2_REAL2_porcentagem;AGEO2_REAL2_normal;
1;0;0,23384080134306018;9,237055564881302E-14;0,002924104447938447;0,004580512187434493;
2;0;0,17663873596639945;8,526512829121202E-14;0,002817950557055582;0,005004127344228948;
3;0;0,15868494359936847;6,394884621840902E-14;0,0027609674852975274;0,0050094817343051545;
4;0;0,21501189723337077;4,263256414560601E-14;0,0032359035560922678;0,004539433231158796;
5;0;0,15189822183637247;6,394884621840902E-14;0,0028455128061537494;0,005037752359061898;
6;0;0,1834492604296436;3,907985046680551E-14;0,0028727917300699346;0,005043129525788004;
7;0;0,16368417873803054;4,618527782440651E-14;0,0028186857935565968;0,004388672544330063;
8;0;0,1905707525631115;5,684341886080802E-14;0,0029252074928969307;0,00506210118544459;
9;0;0,17124968627854997;5,3290705182007514E-14;0,002849295890928971;0,004709751080028468;
10;0;0,18602645712507382;4,973799150320701E-14;0,0031305338751401734;0,004482073307300993;
11;0;0,19188411245891857;6,750155989720952E-14;0,002826056764398288;0,005494784418917931;
12;0;0,18792235819660874;4,973799150320701E-14;0,0030806130930649545;0,004905521579246397;
13;0;0,1536165940209102;5,684341886080802E-14;0,002906512377226278;0,004208290307925466;
14;0;0,15591619832798287;5,684341886080802E-14;0,002856029975969676;0,005228628257157197;
15;0;0,16091886142919165;5,684341886080802E-14;0,0028738072192133757;0,004860688151953951;
16;0;0,20101125625220462;7,460698725481052E-14;0,0029681419577904933;0,0039398550938898325;
17;0;0,1832318573002638;4,973799150320701E-14;0,002408055295642697;0,005220948734240949;
18;0;0,1535925025040683;1,0302869668521453E-13;0,002967602055129248;0,004143256017751895;
19;0;0,18237176526297816;9,237055564881302E-14;0,002922100729179533;0,0046645042137676285;
20;0;0,1758978530003823;4,263256414560601E-14;0,0031431797881360524;0,005327662085473861;
21;0;0,17626327819149878;6,394884621840902E-14;0,0026563666915215833;0,005192288908542508;
22;0;0,21359683592318746;6,394884621840902E-14;0,0031013871962990436;0,005295894508133614;
23;0;0,18773054101439257;6,394884621840902E-14;0,003070397532791702;0,00437283700300739;
24;0;0,21883377073903176;1,0302869668521453E-13;0,0028378104749933186;0,004786590929970913;
25;0;0,20838223529028355;6,394884621840902E-14;0,0030362804260057885;0,004681355352708749;
26;0;0,20766817050860098;3,907985046680551E-14;0,002864878710557406;0,0047828185830987024;
27;0;0,1736538107222536;1,2079226507921703E-13;0,0019554727709127917;0,005085298661256843;
28;0;0,2116600979616372;4,618527782440651E-14;0,0030856432850896454;0,004627849748818136;
29;0;0,18494106154468426;4,618527782440651E-14;0,003190049776012671;0,0049519681253826775;
30;0;0,21388489122801246;4,263256414560601E-14;0,0026948311964609672;0,004715628201989119;
31;0;0,15674399693581975;4,263256414560601E-14;0,0029324931274778976;0,005564925597074222;
32;0;0,13386302012381535;8,526512829121202E-14;0,0027785109690476872;0,0049595341841985885;
33;0;0,12868284865794877;7,815970093361102E-14;0,0030032052789401575;0,0052793698293385205;
34;0;0,20957885299229062;6,750155989720952E-14;0,0027784883301826824;0,005290347973314624;
35;0;0,19736105174119345;4,263256414560601E-14;0,002704047793674391;0,0046181905832654024;
36;0;0,22199156920994056;8,171241461241152E-14;0,002848454896721364;0,004431923446812647;
37;0;0,21465606534047055;7,460698725481052E-14;0,0031229259089471384;0,004693467895535264;
38;0;0,2000306853371967;6,750155989720952E-14;0,0029003288326272525;0,00415490500914828;
39;0;0,21475451515609834;7,815970093361102E-14;0,002951542005767749;0,004819618287964289;
40;0;0,19081828188897276;6,430411758628907E-13;0,002770557312672395;0,004013206700715699;
41;0;0,1864289415408571;5,684341886080802E-14;0,0029644966703408215;0,0046869613127746845;
42;0;0,17793113713671005;1,0302869668521453E-13;0,003207744783107813;0,005270361473350249;
43;0;0,19146975308040837;5,684341886080802E-14;0,0027955193523148125;0,004457135355181663;
44;0;0,20888937040184175;6,750155989720952E-14;0,0029545812646851743;0,004895926745678736;
45;0;0,18742424781534694;6,394884621840902E-14;0,0030933069835725746;0,00471721267389924;
46;0;0,20785175335994666;6,039613253960852E-14;0,003123289709787258;0,005341778490798532;
47;0;0,16113576320181622;7,460698725481052E-14;0,0033059400661912264;0,004485527544385803;
48;0;0,2134754052627592;9,237055564881302E-14;0,002816213302306636;0,005073828250552026;
49;0;0,21573935931701627;4,973799150320701E-14;0,002792571285450407;0,004607752588764669;
50;0;0,20979220251322417;5,684341886080802E-14;0,0028774278270056186;0,004839762262125902;

============================================================================
Função: Beale
============================================================================

1...2...3...4...5...6...7...8...9...10...11...12...13...14...15...16...17...18...19...20...21...22...23...24...25...26...27...28...29...30...31...32...33...34...35...36...37...38...39...40...41...42...43...44...45...46...47...48...49...50...
==========================================================
parameter;AGEO2_REAL1_igor;AGEO2_REAL1_porcentagem;AGEO2_REAL2_igor;AGEO2_REAL2_porcentagem;AGEO2_REAL2_normal;
meanNFE;100001;100001;100001;100001;100001;
meanFX;0,002759711707822394;9,140989698316069E-06;6,466280672855149E-05;3,570309748229806E-05;4,67084013094261E-05;
sdFX;0,0028480334619971834;1,4168235598906534E-05;7,994259002196803E-05;4,95191704488975E-05;7,386336417518324E-05;

==========================================================
===> Médias para cada NFOB:
NFOB;AGEO2_REAL1_igor;AGEO2_REAL1_porcentagem;AGEO2_REAL2_igor;AGEO2_REAL2_porcentagem;AGEO2_REAL2_normal;
500;42,90327010284835;1,7874220460296388;0,7500773672607985;0,7393067919364994;0,8828342919805041;
1000;8,21602946238911;0,964643286288373;0,15747924451944054;0,24738976297417645;0,3068462139866273;
1500;0,22011249213970188;0,7348541260935738;0,06943612922891412;0,17687986202351966;0,15294452906165332;
2000;0,19537838330521665;0,4727935360384543;0,028462710937354772;0,11611946999697481;0,12423189571277847;
2500;0,16360751761817682;0,46876683619660975;0,021569803266418955;0,11152144492341869;0,0712701095572152;
3000;0,14224581852017834;0,4505030870715693;0,016458987249034843;0,08998746827227816;0,017219604189112746;
3500;0,10718113329516894;0,4449309485586377;0,014466852746027537;0,08568346143955002;0,012946609622864974;
4000;0,10238538038328004;0,38741955696086877;0,0124963553693948;0,07242271410524406;0,009935280569374351;
4500;0,09138310868200225;0,34170488362196044;0,010117089375581026;0,05141797513898783;0,007773432566632193;
5000;0,08838821473587352;0,20248394694407537;0,008680068073549147;0,05086646517388981;0,0065687211446280305;
6000;0,06419581289241248;0,172851749010693;0,006701801572715932;0,036904884419365354;0,004918520085997018;
7000;0,057778645969904535;0,15323435901575277;0,004963267324181479;0,019497505917768106;0,0041647325370428685;
8000;0,053022874790456614;0,14515627759948846;0,004244433799607587;0,01899714585243541;0,003753383506232588;
9000;0,04310775268722469;0,14031384278320755;0,003951972826356217;0,0022279167459327183;0,002738890169937488;
10000;0,03470292140422543;0,12414920546936024;0,0036755809715240243;0,0007278775740023445;0,0022423954640114255;
12000;0,02626140628264284;0,12304617020551657;0,0026102401462136005;0,0005945905988907021;0,0018239835113018936;
14000;0,021376055599308198;0,10774359077724309;0,001753189587189652;0,000580517350618448;0,0016431807197249957;
16000;0,020678034639631505;0,09260574702503374;0,0015597791820939225;0,00046915137051354195;0,0012069909164805683;
18000;0,019518495473540922;0,09198055993696454;0,0011358499185258255;0,0004077372969892954;0,001035609796785718;
20000;0,0180353349820506;0,09184067955621561;0,0008287807079584604;0,0003631108967654486;0,0006619588275421197;
25000;0,012641906082064072;0,09183230710464375;0,0007672135942589607;0,00023001028063027504;0,0005148506387482619;
30000;0,010511824863910106;0,0763761352679108;0,0006087961171122478;0,00017205948188411094;0,0003512136756212329;
35000;0,009910569644041202;0,076214587954275;0,0005753851306892011;0,0001350794605022172;0,00026183573060913545;
40000;0,00784089651314691;0,06095615935041393;0,0004135840212572682;0,00010076731165861383;0,00020447125618753615;
45000;0,007131131154313378;0,015280077576676425;0,0003016841296841621;8,388909532032308E-05;0,00015746078923271458;
50000;0,006123981028240178;0,015258950891516545;0,0002710224711686764;7,94486303611993E-05;0,00012357760085582585;
55000;0,00573761431934339;0,015258411059568579;0,00023956329703126708;7,223686289262941E-05;0,00012123832007539987;
60000;0,0055751954035089205;0,015250827325519349;0,0001909367078624313;6,595849174372175E-05;0,00010836545951217469;
65000;0,00455197603486007;0,01524918282238219;0,00015798627318270683;5,796310420458686E-05;9,500656622226267E-05;
70000;0,003994723038092193;0,015248585118050781;0,0001554744016273236;5,7925868794801914E-05;9,308361964141927E-05;
75000;0,0037829503654690576;4,8247946742154644E-05;0,00010329428920620516;5,1627788701416736E-05;8,021648424294364E-05;
80000;0,003320023115907261;1,3670924754764673E-05;0,00010017351806680222;4,841349284461724E-05;8,021648424294364E-05;
85000;0,003188476204401422;1,0837570949670254E-05;0,00010017351806680222;4,3888468736103084E-05;5,1507999931530155E-05;
90000;0,003188476204401422;9,603684229891537E-06;9,006665072651006E-05;4,0864739097390265E-05;4,9638452399527496E-05;
95000;0,002806852213143861;9,141724843851991E-06;7,58830688090925E-05;3,593391252910608E-05;4,8353746623769005E-05;
100000;0,002759711707822394;9,140989698316069E-06;6,466280672855149E-05;3,570309748229806E-05;4,67084013094261E-05;

==========================================================
===> Melhores f(x) para cada execução:
execucao;AGEO2_REAL1_igor;AGEO2_REAL1_porcentagem;AGEO2_REAL2_igor;AGEO2_REAL2_porcentagem;AGEO2_REAL2_normal;
1;0,0034318106757832904;6,288289821179176E-06;3,0335230487179747E-05;7,062854741116525E-05;0,00043989867840495004;
2;0,0018434254618667097;1,4068400169139033E-05;0,00014088281157831957;0,00012737188485997456;1,5617332549591055E-06;
3;0,0014897421764246137;3,748037203306609E-06;0,0002257015438573416;4,4716863115608956E-05;4,2086292342973475E-05;
4;0,003928537183551272;1,402276012556345E-05;0,00024212223883464403;5,659507147524163E-05;5,952958739958877E-05;
5;0,007782706443050627;1,204840482687995E-05;5,58352530873378E-05;0,00013188108023647277;0,0001026147299901788;
6;0,003604739066758669;2,785318248217865E-06;1,4044545112071902E-05;8,236077200814115E-07;6,952353659139104E-06;
7;0,0029463268982366938;1,2896551245218966E-05;2,2607197900821885E-05;1,010622868371466E-06;6,968021396917269E-05;
8;0,00010231774317205774;1,8869255429162266E-06;3,832028854686049E-06;1,4542346173046014E-05;0,00012407341242585143;
9;0,0005836311169134051;1,4502407145953709E-05;0,00011025457402270661;0,00021467631048759637;1,8276972000257442E-06;
10;0,0012191388837001214;4,0208391690115526E-07;5,950964640875187E-05;9,639012081324788E-05;2,3822071296261853E-05;
11;2,813298762928677E-06;1,227462927576506E-05;3,776577794926185E-06;1,7646763348221913E-05;3,377974123399729E-06;
12;0,006632773383801724;2,4100421125649728E-06;4,876975320229031E-06;3,5273601703240976E-08;3,477848687078347E-05;
13;0,004544510931685224;4,539894481674227E-06;2,0227797713440905E-05;6,817313309700602E-07;5,197124002511678E-06;
14;0,001039046068369996;5,290495502485458E-07;3,0183350234156498E-05;1,6215964646102717E-07;9,303772755212238E-08;
15;0,0011951960868129138;4,873759282610808E-06;1,5552718252485666E-06;2,5013373990956723E-05;2,8342412476262764E-06;
16;0,0013091150837662817;1,787135200672273E-05;0,0001951693290828809;4,979455787205174E-06;4,7914329170726215E-06;
17;0,0006667732741947317;1,0312872760050945E-05;5,205973129860671E-06;8,707715966186288E-05;0,00021211908339075817;
18;0,011433243672148801;4,257649610792117E-06;0,00015871284030770496;9,3150202615967E-05;3,804592130973938E-05;
19;0,004701930291932436;4,442201816718366E-06;5,440187060955595E-05;4,108575498360655E-07;4,526064699056697E-06;
20;0,00018022353143714733;2,3520585289398273E-06;1,6544727477821432E-06;9,158524739759682E-07;1,583234118101969E-05;
21;0,0005722025042200228;6,843488092649724E-08;4,621117755384234E-06;0,00018748843291427157;5,263218915416988E-07;
22;0,006826992780100453;5,912680647732362E-07;0,0001193187872116324;2,4789543774679652E-05;4,4238981982980435E-06;
23;5,226313850504799E-05;9,881187277311235E-06;3,0401139564281622E-05;1,3859609153631028E-06;9,916300614249911E-06;
24;0,0013681901328969277;2,041892236295614E-05;0,00021434946578071195;1,6952252936778082E-07;3,8906488302743465E-05;
25;0,0022505106655987548;1,968109607590915E-06;1,584755838198997E-05;1,9139202554256673E-05;5,017385084259066E-06;
26;0,0024935244755299717;3,5844698050372396E-06;1,0728050497000288E-05;5,15805425750856E-05;7,296380544653512E-05;
27;0,003319873949109161;1,32807838927738E-07;9,675075407260313E-05;2,1268647650883485E-05;2,6490788185859077E-05;
28;3,17628620157827E-05;3,292266460784872E-06;9,611713484464205E-07;6,554572287916303E-06;3,2321420949187444E-06;
29;0,002738987316775334;7,06474077269937E-06;0,0003246034817909736;1,0204890324175E-05;0,00010182015916233885;
30;0,007090140480945289;4,033157298494412E-06;6,0823951145583556E-05;1,6053225850808023E-05;4,487127404216557E-08;
31;0,0003608607773094629;3,356295999118854E-05;8,5806803529964E-06;3,5375348007260705E-07;0,00010690626266238008;
32;0,0038963404707587908;6,581296957957602E-08;5,3741632261472325E-06;2,1482074753744232E-07;0,0001086354416781676;
33;0,0043566128426222196;4,672899724238584E-06;7,50538957702144E-05;1,4535139809608249E-06;1,4729572852933318E-05;
34;0,00018233065105962122;4,376794625535835E-06;1,7028298290230515E-05;1,906505887619203E-05;2,376265433032061E-06;
35;0,001512206592334832;7,64494501671307E-05;1,2741011149017821E-05;2,6939228409631616E-06;0,00010991396845371843;
36;0,0001928162334447741;7,277483164477816E-06;6,563603903254186E-06;3,395602767866452E-05;8,896050895562354E-05;
37;0,004660038979319787;6,425408842784815E-05;0,00015673323771203283;3,792815701314698E-08;5,199250234272921E-06;
38;6,09385781671328E-05;6,434468009609365E-06;0,00011583677998841719;1,7429520356107222E-07;7,944608053438173E-05;
39;0,0001421726420494485;5,846194649887303E-06;0,00022689111747763307;6,734250644739257E-05;1,6316415217363785E-05;
40;0,0013026928312778168;5,518937889894957E-07;3,927355892520974E-05;0,00011299586740677289;1,089304670240279E-06;
41;4,195966285002254E-05;3,4741241711042974E-07;7,219062067035933E-07;6,42508445797921E-05;2,603921778333287E-06;
42;0,0024025367420084692;6,14755156516162E-06;1,6829306846865477E-05;2,0152822463912262E-05;6,599108910213925E-06;
43;0,005684192727689845;7,232155348299248E-07;6,684299695499746E-06;3,18293804061788E-05;1,912123959726141E-05;
44;0,0022470599279094242;7,673139534216505E-06;6,319516791624626E-05;6,483302995927068E-06;4,72785497311571E-05;
45;0,011016469371237719;4,713745125274389E-06;2,6690496526265995E-05;1,3283363367587057E-05;6,69423156304571E-06;
46;0,0030366973891195357;5,851579208917391E-06;2,3427341083447562E-05;5,270296467944356E-06;2,6704385828529855E-05;
47;0,0015098457509401756;9,069111880315622E-06;6,059150897623966E-06;3,069952478846978E-05;3,0255557690230003E-05;
48;0,0003284553625300901;5,429768823094545E-06;4,19717794500961E-06;4,526253119960884E-05;4,699364954919716E-06;
49;0,0011365837093076782;1,3211404880442956E-06;1,4652779346007203E-05;2,2595965075821661E-07;4,7746844238119436E-05;
50;0,008532324571116502;1,4732722779487957E-05;0,0001473113567104977;2,065326830820616E-06;0,0001531591528199742;

Execution Time: 201618 ms
