




============================================================================
Função: Griewangk
============================================================================
parameter;GEOreal2_P_VO_UNI;GEOreal2_N_VO_UNI;GEOreal2_P_DS_UNI;GEOreal2_N_DS_UNI;
meanNFE;100068;100000;100000;100000;
meanFX;0,005536976415552253;0,01276774821822762;0,004426782751369684;0,003345101259502119;
sdFX;0,007649671708346625;0,007517159756393268;0,005298846751218899;0,004695845145094255;
==========================================================
===> f(x) médio para cada NFE:
NFE;GEOreal2_P_VO_UNI;GEOreal2_N_VO_UNI;GEOreal2_P_DS_UNI;GEOreal2_N_DS_UNI;
500;268,85951423842414;297,6658004658464;235,48518072728936;247,87710154521193;
1000;231,13331579673684;283,74224211426116;172,17256403727046;193,50318878434254;
1500;196,27682501461604;270,0285294328395;123,13483747295669;146,10863787934514;
2000;165,0930504101246;256,80380124819334;84,26317127722442;108,40961937830822;
2500;138,4475816575789;243,90622592457163;54,314307392496964;78,80632490658641;
3000;114,55792410957106;230,80771412395407;31,63697296043887;53,35651484135881;
3500;92,90171110977559;218,6816968071806;17,383477237823435;34,89673311690354;
4000;73,33537670942583;207,3232392086216;8,562862092866341;21,5665284733815;
4500;58,329097808000405;195,76744583207932;4,125980455746152;12,896253469578221;
5000;45,174699851423455;184,72406781419662;2,2063538216967244;7,66216825472139;
6000;26,79926366918893;163,86789554867084;0,6897981487922519;2,4090871366080253;
7000;14,526994197693488;145,80337237013936;0,22214465720612936;0,7962868994401446;
8000;6,446453134871786;128,8412033725659;0,1216999964919614;0,30435497663566946;
9000;2,789879707739676;112,72850733311022;0,06038691287151434;0,15203161879166077;
10000;1,3292864154212891;98,24327794276874;0,047946242911579874;0,08867494461461042;
12000;0,23848808316782194;73,63787769264927;0,034457565475219505;0,05423946827140817;
14000;0,09311361456774737;54,23593070319525;0,030182539146784544;0,037640833688397636;
16000;0,04966938061590149;39,360981479911736;0,02520779124378323;0,029822694309288092;
18000;0,039491383513971474;28,484216041747395;0,020965890701816745;0,02277499430119303;
20000;0,036251786931049725;20,856610518271985;0,01831545553106111;0,02039465813117705;
25000;0,028352609008897182;10,938955884860054;0,015729511134344943;0,01710841325084607;
30000;0,022145319359655902;5,519669057991135;0,01266073988639975;0,013627977553970449;
35000;0,01912263542118237;3,1370326887984095;0,01058932816023877;0,012229956241913847;
40000;0,01748201944827347;1,7493619219270704;0,008958529759521381;0,009429108003441442;
45000;0,01670877616349381;0,8968995242788309;0,008345489038568736;0,009169433389326277;
50000;0,01454742248705606;0,3799829239517393;0,00761851243740356;0,007834801393106793;
55000;0,012444930172452084;0,19922751492574384;0,007580825443611769;0,006970512126322825;
60000;0,010361217328285773;0,09756990581224954;0,0072536289348038106;0,00682261240148013;
65000;0,01015627246791657;0,0629681498415694;0,006851894907535645;0,006059934369561286;
70000;0,009268499096374706;0,029873115209151046;0,006121463404066496;0,005830527380573494;
75000;0,009017767812243371;0,019311650370872558;0,005876529937492496;0,005559035520147872;
80000;0,008672782988273333;0,017560906317718228;0,005876529937492496;0,00518128801255432;
85000;0,007998019832497729;0,01660786532592654;0,0057291259658162706;0,0046270343971401;
90000;0,007133485935856332;0,015361430204096275;0,005526085529239697;0,00412584789613098;
95000;0,0063000807874548535;0,01376139499231167;0,004665813713909981;0,0038638554402588123;
100000;0,005600969554451112;0,01276774821822762;0,004426782751369684;0,0033487803899028413;

==========================================================
===> Melhores f(x) para cada execução:
execucao;GEOreal2_P_VO_UNI;GEOreal2_N_VO_UNI;GEOreal2_P_DS_UNI;GEOreal2_N_DS_UNI;
1;2,890349882211929E-06;0,013056099282785505;0,00011203440944285159;0,0007665947545560936;
2;8,566453546521302E-09;0,004160588201346238;0,005261749296369134;0,002162114932778625;
3;3,0471318689384574E-06;0,017185663507155557;0,010650291869425565;0,0003282989649796564;
4;0,009857286343534444;0,01809081439373772;0,0004384059042232824;0,001955901174359176;
5;4,001588724822369E-07;0,004809177956638266;0,00025545920833669467;0,00801136978055994;
6;8,48714901025005E-07;0,00378569694954356;0,000903191659422764;0,00771154761973547;
7;1,0795234817173593E-07;0,012803314736102522;6,798183894041188E-05;0,0006225379403125286;
8;2,4482347393828263E-07;0,01721579659755912;0,007953056440547668;0,016570683320435764;
9;1,7296867049765297E-08;0,013413310827309899;0,013240707339167157;0,00010047199855045541;
10;8,242164728500256E-10;0,009762254258352532;0,00020725922473630032;0,0006350605276641552;
11;0,0003979480140708924;0,004047566167772132;0,00023095996695388088;0,0010986718722308941;
12;0,012155041909486686;0,004144405181140454;0,0007894508823100832;0,0005448770687240811;
13;0,01724102851833975;0,01708519397017605;0,0004800216926398315;0,010005195847165416;
14;8,194432651986716E-06;0,013007601330563223;0,003347700830720335;0,00023361858688952797;
15;5,813618031424994E-09;0,015393570524818379;0,01258870215493868;0,0002264664740261324;
16;2,479623883999693E-08;0,01585505185205649;0,00020210446789337144;0,0005933969469315015;
17;0,009866414521605638;0,017661377671388978;0,0006341660974876762;0,0005090972901217183;
18;0,019699026831487165;0,009802004784702723;0,00023978920845979523;0,010079589219368246;
19;0,0006722581564871932;0,02060552258407078;0,0003760747638206219;0,00011400787003146284;
20;0,0002121979570207655;0,026667563916715098;0,010085009946577905;0,0007117189875011087;
21;0,02213101857034383;0,009689220054210579;0,0008502586060923356;0,0013161129639283065;
22;2,7277912662548864E-05;0,01395462683768578;0,0009843239949284266;0,0077845731246483085;
23;5,605658609519892E-07;0,004720942876075052;0,0003365754347778305;0,0014591498753842025;
24;0,027082563556445782;0,01059503549568297;0,015300521984465743;0,00011972601481236023;
25;0,0029975589354227505;0,02113987254373495;0,000811581546549367;0,00014946031461027243;
26;0,007536815664403562;0,001280984958434983;0,008911583326923656;0,015179646006789449;
27;1,4706695861121943E-09;0,01620052519129056;0,0005384904018820302;0,008936555876992491;
28;2,2094981955156356E-08;0,022456181260477215;0,00036579959932270256;8,455167265697394E-05;
29;0,022193009561418453;0,030836382128982764;0,008732624370570985;0,007728528637535148;
30;7,773233885899344E-06;0,018769878141948637;0,008341053497344264;0,0003540167108553316;
31;0,007063065869620355;0,009124843117237491;0,010254920496757247;0,01275686048100122;
32;0,009867454018533395;0,004182631291038907;0,0004976325768132339;0,000532594961357713;
33;0,0057198396504226645;0,0071194595574937125;0,011395729493324569;0,0009218789691147755;
34;0,019680685896433237;0,008783169431482496;0,00029547183697609114;0,0001157955440984626;
35;0,004366022651792978;0,005942854314894275;0,0003107299074799341;0,012835098210290052;
36;0,012323128799203387;0,003356265386462276;0,0003210289105896047;0,01279555088629436;
37;2,422223749354302E-07;0,002617176286596745;0,0149714402302622;0,00015983236022454328;
38;0,007396074933654906;0,013653009445568243;0,0013883290249867564;0,0010533998172890247;
39;2,0232274744458323E-09;0,01667651310306273;0,0011051322790487372;0,00025680201101363487;
40;1,4563442987114428E-06;0,014775694279496543;0,00018610497952631366;0,0006309740940017017;
41;0,009864716320073574;0,023662397685892955;0,017597242249694833;0,005567559771458175;
42;1,2492050954771017E-06;0,008634549550913362;0,01017661904572953;0,0004990707936255445;
43;0,009857288408696263;0,0323794598853373;0,0004964756000364057;0,0003980579846227794;
44;0,001663573502065474;0,0025467973127709653;0,010151360781315732;0,0029429507678550015;
45;0,022156156126428295;0,023538336027630113;0,0030437505690724675;0,007565103120724559;
46;1,1368948649170818E-06;0,016237817739788163;0,0003655150803323348;0,0005514701940191324;
47;0,007396726614712357;0,009393503560575889;0,000442844018890276;0,0001682841532355539;
48;0,007396050068502191;0,003672166572628255;0,0038375567185667814;0,0002509301963147248;
49;3,5144115873020354E-07;0,014037877850151093;0,012847713390284343;0,0009964685387454653;
50;5,106932765563954E-09;0,009856664329900844;0,008416610413525483;0,00016283774468472956;






============================================================================
Função: Rastringin
============================================================================
parameter;GEOreal2_P_VO_UNI;GEOreal2_N_VO_UNI;GEOreal2_P_DS_UNI;GEOreal2_N_DS_UNI;
meanNFE;100016;100016;100016;100016;
meanFX;0;0;0;0;
sdFX;0;0;0;0;
==========================================================
===> f(x) médio para cada NFE:
NFE;GEOreal2_P_VO_UNI;GEOreal2_N_VO_UNI;GEOreal2_P_DS_UNI;GEOreal2_N_DS_UNI;
500;137,28703230540776;97,36081623316633;155,723538714616;158,86549453766375;
1000;89,48698577137084;43,80587658999282;107,83363693456468;115,3746607382594;
1500;59,480844698592065;22,20005087542326;78,55107123180059;85,13163562585746;
2000;40,999732761717986;13,905421563128163;56,7719402265528;63,99647267867541;
2500;27,735354252202587;8,83752396864267;41,575577799809004;48,156330950464174;
3000;19,708135402828233;6,297334806065831;30,962219518853978;35,88172362521169;
3500;14,444318679399553;4,528524667538452;23,407868402252756;27,23622194610848;
4000;10,79908174346854;3,3902984106167127;18,60510236284999;20,72408976256401;
4500;8,15947044982491;2,542016349550467;14,666663413560537;15,977493816429133;
5000;6,237554837457555;1,866263326498946;12,112698936114768;12,770559080177271;
6000;3,9010715521629993;1,169310594287504;7,974933199548818;8,175577114720928;
7000;2,345938097909536;0,7653805587958541;5,2118623691884025;5,34447643056283;
8000;1,2013943663818638;0,5821817093447694;4,030139468633284;4,03020200245117;
9000;0,7356532562647057;0,37381503924414444;2,7535751747702943;2,87690993411879;
10000;0,4476631552129861;0,2740732247378253;2,2360230659170286;1,9695102713378136;
12000;0,1986546280963124;0,1571486778072091;1,1374437152540733;1,1051310270881458;
14000;0,060156152212397986;0,06887396771539585;0,7077490416283392;0,6356816920793055;
16000;0,01981664148144418;0,0010697963516081187;0,37302045889760804;0,4004181139329755;
18000;0,0001319352277008079;9,99871539707442E-05;0,15845918802677417;0,2251016324496598;
20000;1,7218207567424315E-05;6,839544295615951E-06;0,092379079621209;0,15655937094869812;
25000;3,2173375075217337E-13;3,822719918389339E-14;0,01966760916813854;0,059002810698576554;
30000;3,9790393202565614E-15;3,9790393202565614E-15;9,469184263224406E-06;1,779914506258251E-05;
35000;2,1316282072803005E-15;2,415845301584341E-15;5,826450433232821E-15;3,9790393202565614E-15;
40000;1,1368683772161603E-15;1,4210854715202005E-15;1,8474111129762605E-15;9,947598300641404E-16;
45000;7,105427357601002E-16;9,947598300641404E-16;7,105427357601002E-16;5,684341886080802E-16;
50000;5,684341886080802E-16;7,105427357601002E-16;2,842170943040401E-16;2,842170943040401E-16;
55000;5,684341886080802E-16;7,105427357601002E-16;2,842170943040401E-16;0;
60000;4,263256414560601E-16;5,684341886080802E-16;1,4210854715202004E-16;0;
65000;1,4210854715202004E-16;2,842170943040401E-16;0;0;
70000;1,4210854715202004E-16;2,842170943040401E-16;0;0;
75000;0;0;0;0;
80000;0;0;0;0;
85000;0;0;0;0;
90000;0;0;0;0;
95000;0;0;0;0;
100000;0;0;0;0;

==========================================================
===> Melhores f(x) para cada execução:
execucao;GEOreal2_P_VO_UNI;GEOreal2_N_VO_UNI;GEOreal2_P_DS_UNI;GEOreal2_N_DS_UNI;
1;0;0;0;0;
2;0;0;0;0;
3;0;0;0;0;
4;0;0;0;0;
5;0;0;0;0;
6;0;0;0;0;
7;0;0;0;0;
8;0;0;0;0;
9;0;0;0;0;
10;0;0;0;0;
11;0;0;0;0;
12;0;0;0;0;
13;0;0;0;0;
14;0;0;0;0;
15;0;0;0;0;
16;0;0;0;0;
17;0;0;0;0;
18;0;0;0;0;
19;0;0;0;0;
20;0;0;0;0;
21;0;0;0;0;
22;0;0;0;0;
23;0;0;0;0;
24;0;0;0;0;
25;0;0;0;0;
26;0;0;0;0;
27;0;0;0;0;
28;0;0;0;0;
29;0;0;0;0;
30;0;0;0;0;
31;0;0;0;0;
32;0;0;0;0;
33;0;0;0;0;
34;0;0;0;0;
35;0;0;0;0;
36;0;0;0;0;
37;0;0;0;0;
38;0;0;0;0;
39;0;0;0;0;
40;0;0;0;0;
41;0;0;0;0;
42;0;0;0;0;
43;0;0;0;0;
44;0;0;0;0;
45;0;0;0;0;
46;0;0;0;0;
47;0;0;0;0;
48;0;0;0;0;
49;0;0;0;0;
50;0;0;0;0;






============================================================================
Função: Rosenbrock
============================================================================
parameter;GEOreal2_P_VO_UNI;GEOreal2_N_VO_UNI;GEOreal2_P_DS_UNI;GEOreal2_N_DS_UNI;
meanNFE;100000;100000;100000;100000;
meanFX;1,6699298420234445E-08;7,610332184725091E-06;1,7219522656447693E-08;1,4296414676463352E-05;
sdFX;2,0847894102634253E-08;8,380138716607446E-06;3,48292856281301E-08;3,387525337592783E-05;
==========================================================
===> f(x) médio para cada NFE:
NFE;GEOreal2_P_VO_UNI;GEOreal2_N_VO_UNI;GEOreal2_P_DS_UNI;GEOreal2_N_DS_UNI;
500;290,47143821734625;0,9558585468877345;329,2497503207819;0,7854719391782515;
1000;181,59859094165654;0,7552161744963029;237,35267521272067;0,5389103367913889;
1500;108,66383438208715;0,5868550244430426;166,38192302874205;0,38781059703859955;
2000;63,71695248894067;0,42528227940234187;116,44312012399222;0,27663412023012146;
2500;36,09329206964343;0,2889112389204256;78,66028162812044;0,2572936350786823;
3000;19,93761451703163;0,26449138102729763;51,729542721256394;0,2411911819941296;
3500;10,376762971956486;0,238527765488256;33,26638104688005;0,0571953766461813;
4000;5,5154676806621;0,20651135706741627;21,126271945539443;0,053339477953542956;
4500;2,6294613570792587;0,1773691607694859;13,524110090040713;0,04572544547975662;
5000;1,1988625157590436;0,12899109696169958;8,379489905268525;0,04084676410010154;
6000;0,4018843752617886;0,09689251559590434;2,734536112926968;0,03095400450920601;
7000;0,25055835748143573;0,08821036636387795;0,8715438008379802;0,026899776395439164;
8000;0,16165700248363432;0,08526029348208665;0,4029542582702968;0,01829004290633157;
9000;0,11029328059594785;0,07959712793215434;0,27831958464565815;0,013282264283685346;
10000;0,0728749208396866;0,06313876003649002;0,19239943983845417;0,012002210256114074;
12000;0,03206519758887993;0,009055900212333986;0,09693036553862504;0,010938708220631959;
14000;0,01835180117197183;0,006517388697538246;0,04773567523523986;0,007889336249183495;
16000;0,011827949166447842;0,004308159395812913;0,024484592603254404;0,007798634085020699;
18000;0,007681763193152716;0,002243413379991445;0,014963111883273459;0,006717913885045343;
20000;0,004999289076883245;0,0016221041532592797;0,009956185509231164;0,005986116774276288;
25000;0,0019043092347546886;0,0010801414820975448;0,0037015245503193637;0,004668268522435499;
30000;0,0007561113019703766;8,285221284343543E-05;0,0014942354955599759;0,0037721351985762486;
35000;0,00041346326178752334;7,33758188288778E-05;0,0006563231738146555;0,00045914258751353994;
40000;0,00014357473717410774;6,0762375303619656E-05;0,0002853909476002725;0,0003444690369309894;
45000;3,231550097182239E-05;2,766646101447601E-05;0,00013041782742100437;0,00020768953513726593;
50000;6,9665331254653115E-06;2,3423733966169847E-05;5,71723184459167E-05;0,00013865928892760218;
55000;3,157289532830466E-06;1,8932149861120866E-05;1,763495832414192E-05;0,00013507337214614738;
60000;2,724946493927555E-06;1,6913474495425802E-05;6,142666341249956E-06;0,00013480491366528536;
65000;2,529564485775109E-06;1,4658910932568896E-05;2,5374998918470524E-06;0,00013238987440553597;
70000;1,2917602888158511E-06;1,273906555448367E-05;1,9834297592459796E-06;0,00013236532115409874;
75000;1,2164865127211803E-06;1,1795694717564803E-05;1,7759884806507118E-06;8,349442210495658E-05;
80000;1,325307245674992E-07;1,0810050915865824E-05;8,782831069361758E-07;7,71248934497058E-05;
85000;1,3121730721581532E-07;9,757033712163982E-06;4,0162210607542445E-07;7,454039991028322E-05;
90000;2,309785167533106E-08;9,550241449997853E-06;2,3345838228011688E-08;1,4624443184644356E-05;
95000;2,2000655263391693E-08;8,327842999060902E-06;2,2478769596214463E-08;1,4592416972811683E-05;
100000;1,6699298420234445E-08;7,610332184725091E-06;1,7219522656447693E-08;1,4296414676463352E-05;

==========================================================
===> Melhores f(x) para cada execução:
execucao;GEOreal2_P_VO_UNI;GEOreal2_N_VO_UNI;GEOreal2_P_DS_UNI;GEOreal2_N_DS_UNI;
1;3,636787398725036E-09;1,482711098123578E-06;1,778006082291716E-08;4,844420278866185E-06;
2;2,4706385807664877E-08;6,085520206603558E-06;5,222908453789166E-08;4,4670433613477454E-07;
3;1,1690987371332641E-08;5,921089033896243E-08;1,8663009735788164E-09;1,199620861593401E-05;
4;5,3055430354934586E-09;9,309697824704192E-06;3,5585442510031787E-09;7,512397648734822E-07;
5;1,1903913959298619E-08;6,313245010402072E-08;1,6531670729777297E-07;5,6415809800967054E-05;
6;1,0332611329817413E-09;2,0910237279148974E-05;7,997282091637291E-08;1,2001297466830935E-05;
7;1,1948345789123938E-08;3,761931287356896E-05;2,871319476453241E-09;6,372724776012711E-07;
8;6,528061624491925E-09;3,467757834892551E-06;2,1674665089118017E-08;6,81359458650246E-07;
9;6,3995962523585225E-09;1,5452916283884152E-06;2,9326200076724023E-09;6,877482438948396E-07;
10;1,4008406859476676E-08;1,1322756141906244E-05;7,2285548899320515E-09;4,047280486022095E-05;
11;9,896189096608735E-09;7,712305924583834E-06;5,783955398908224E-09;4,2748645160483575E-07;
12;4,610135819429559E-10;2,3472882731185686E-06;4,698350466531267E-10;4,365553383744195E-06;
13;6,6050486383862105E-09;2,7636465475984462E-06;2,2298438659135465E-10;7,774123649801504E-07;
14;3,0614545186984767E-09;4,6503365108588807E-07;9,903948784869261E-09;6,527036863176078E-06;
15;5,958190909558689E-08;4,296881582258693E-06;8,800724201784485E-09;2,506493386609168E-06;
16;2,4035109519817484E-08;6,1202177855215435E-06;1,3835929532035591E-08;1,8605283108657814E-06;
17;3,36351297075504E-08;1,8168527514730155E-06;5,937750167280857E-10;2,5385812636250536E-06;
18;6,007378744760136E-09;1,1741238780413261E-05;1,00994971238261E-08;9,425773704175254E-06;
19;1,956856768752458E-09;1,4598191077698853E-05;1,696024706121658E-09;2,542546132926486E-07;
20;5,20660181273794E-09;1,425377785641891E-05;1,631064973110553E-09;5,666638674244555E-08;
21;2,86423073652837E-09;9,284996682627604E-06;2,0183198823541805E-08;6,527007900908484E-08;
22;9,97160385433693E-10;1,6879196411318645E-05;1,0641939597280872E-09;0,00014859231461462755;
23;7,925663639343841E-08;5,814533238957073E-06;1,9247913390056012E-09;4,094398216977025E-06;
24;2,7129904388534987E-08;5,6806297344898645E-06;2,1831474355153018E-08;6,390073928265578E-06;
25;4,1092836630894937E-10;8,668445938309111E-07;4,285834782565285E-09;6,223517521854737E-06;
26;5,9733780892979436E-09;1,5716153409226294E-05;1,1561208506298218E-08;5,259398551290294E-07;
27;8,218122657916676E-09;1,7949032957392403E-06;5,2311248990228374E-09;2,620428815982724E-06;
28;6,933284694819325E-09;4,343917562852094E-06;1,9654045530697372E-09;9,432200626618038E-07;
29;1,1438220279608774E-09;8,61214840024533E-06;5,6513241199765725E-08;2,097952948898395E-05;
30;1,2383839311771632E-08;4,727437986586968E-06;6,462086922408364E-09;1,4571167589128847E-06;
31;6,415073784603726E-08;3,8985349472367915E-05;4,090650076787393E-09;3,251279187114128E-05;
32;2,2928321486030504E-09;6,776205125066828E-06;2,4941357311692212E-08;1,4922619353301815E-06;
33;2,5593985869972854E-09;1,5811624040731305E-06;6,037387466796268E-09;2,6329152671234024E-06;
34;9,743869583732386E-10;1,1971857705432533E-06;4,713973862193028E-09;1,06095105756376E-06;
35;8,866634084570412E-09;1,0649980183595797E-05;4,063897716437806E-09;4,108950586332351E-06;
36;4,976525914499609E-08;8,980737820434305E-07;3,5254807140302235E-09;1,5678063426368143E-05;
37;4,883534043465202E-09;2,689232041233842E-06;5,565492586473615E-10;2,6476876937338513E-05;
38;1,8040047885949426E-08;8,175389099544538E-06;4,5199844423319126E-09;5,1438462697664376E-06;
39;3,455621807915739E-08;2,3516172596474964E-05;1,9260657118993877E-09;8,87113397553133E-07;
40;2,332057267512996E-09;1,3792680161377838E-05;3,513382932608351E-09;1,6471342953870396E-05;
41;5,915600043318546E-09;2,149441843664153E-06;1,2203565459467556E-08;1,4770374138267767E-05;
42;3,134253470283642E-08;6,576243936295204E-06;1,619696422975092E-11;2,1567181372998552E-06;
43;3,7490477351923644E-08;7,437143139454444E-06;7,379554598893118E-09;7,63725950722612E-06;
44;3,752447274474135E-08;8,047590367633351E-07;1,7209492990687164E-08;0,0001861893159385706;
45;1,6890086183583532E-09;6,2989358753246505E-06;8,83290382057525E-09;1,1355864467131295E-06;
46;8,010019329425485E-08;4,95724606392806E-06;1,7245199606692648E-07;4,009392863526959E-06;
47;4,4472080810661445E-09;1,936534135823274E-06;6,786459808029045E-10;3,424192043988978E-05;
48;4,271807799724033E-09;6,842697780977429E-06;3,066407641770416E-08;1,4363004177188708E-06;
49;2,826894853583039E-10;1,8966558154519096E-06;5,575052788768608E-09;7,1515739937310846E-06;
50;5,0560535076678385E-08;1,653697198426099E-06;8,584941467006113E-09;6,07168626422314E-08;






============================================================================
Função: Schwefel
============================================================================
parameter;GEOreal2_P_VO_UNI;GEOreal2_N_VO_UNI;GEOreal2_P_DS_UNI;GEOreal2_N_DS_UNI;
meanNFE;100068;100068;100068;100000;
meanFX;0,00012727566210742224;1992,8299100413965;0,00012727566208923236;1715,4861619506744;
sdFX;4,534462113072458E-13;350,8945967351893;4,500831521958328E-13;290,6754913438766;
==========================================================
===> f(x) médio para cada NFE:
NFE;GEOreal2_P_VO_UNI;GEOreal2_N_VO_UNI;GEOreal2_P_DS_UNI;GEOreal2_N_DS_UNI;
500;1254,302823443496;3948,2455499518546;1716,1045565492182;3479,0213681588893;
1000;771,0341460001549;3748,0515699394387;1125,5360269337539;3100,4662882429366;
1500;612,0036130532071;3565,3774534641216;872,9463157657534;2836,9081727801345;
2000;488,4762524778861;3394,774701938162;718,7009455923587;2579,9568688207914;
2500;446,24554914726934;3234,520483811136;605,4451758056608;2452,8306105439756;
3000;406,5262113029446;3076,853317664814;546,5702872642951;2375,3842720479815;
3500;363,9492150207281;2933,57075468435;460,83727196096936;2315,052522405228;
4000;336,6575579958587;2769,090825519306;392,02727126903926;2272,252982014036;
4500;300,7574529608909;2650,1545100317408;334,67569526572845;2227,555981189298;
5000;277,6619835660415;2544,6253109721297;303,0025599326498;2199,1126284217034;
6000;242,01062934275316;2367,5585688287147;247,20996219317436;2153,9602652125886;
7000;220,5359405640594;2238,1206317935003;210,13172662735604;2128,8934945033334;
8000;193,03234576991716;2142,8121156205707;168,04965084361982;2088,236528840302;
9000;165,08478132040025;2077,603246318376;152,44003077377573;2078,1485716759494;
10000;145,63800748814722;2037,5215010817994;130,61457261290175;2069,1669174679105;
12000;111,52832363401852;2000,4662211605232;99,89475916191773;2050,763325222933;
14000;77,89856331917049;1993,208862259902;84,01473963794672;2021,4409649667834;
16000;51,604523229921305;1992,829910095993;62,088999341885774;2012,3272707435087;
18000;32,59501935416561;1992,8299100414035;47,37642580669262;2000,6990589063134;
20000;19,74686219314124;1992,8299100413965;37,95994904863388;1994,3145162496503;
25000;6,9234898745670215;1992,8299100413965;26,066923778778335;1967,188800507009;
30000;2,3706744757323306;1992,8299100413965;10,92090077124989;1937,0916181575592;
35000;0,0001272756625257898;1992,8299100413965;4,737662053634859;1922,223634457496;
40000;0,00012727566245303025;1992,8299100413965;2,3688939838927583;1911,4807169509181;
45000;0,00012727566243484034;1992,8299100413965;0,016479901901984704;1893,730982379906;
50000;0,00012727566239846056;1992,8299100413965;0,00012727568979244098;1863,8971391684897;
55000;0,00012727566238027066;1992,8299100413965;0,00012727566230751107;1841,0051512116659;
60000;0,00012727566236208076;1992,8299100413965;0,00012727566225294141;1829,4292608375001;
65000;0,00012727566232570097;1992,8299100413965;0,0001272756622347515;1808,6777054245913;
70000;0,00012727566230751107;1992,8299100413965;0,00012727566219837173;1793,9016220930498;
75000;0,0001272756622711313;1992,8299100413965;0,00012727566216199192;1778,6060061755568;
80000;0,0001272756622165616;1992,8299100413965;0,00012727566212561214;1756,9301599807366;
85000;0,00012727566218018183;1992,8299100413965;0,00012727566208923236;1745,2926946250038;
90000;0,00012727566216199192;1992,8299100413965;0,00012727566208923236;1730,8755009410022;
95000;0,00012727566212561214;1992,8299100413965;0,00012727566208923236;1724,3946566629272;
100000;0,00012727566210742224;1992,8299100413965;0,00012727566208923236;1715,4861619506744;

==========================================================
===> Melhores f(x) para cada execução:
execucao;GEOreal2_P_VO_UNI;GEOreal2_N_VO_UNI;GEOreal2_P_DS_UNI;GEOreal2_N_DS_UNI;
1;0,00012727566263492918;1776,751872976808;0,00012727566263492918;1853,4210551906594;
2;0,00012727566263492918;1993,8474938570962;0,00012727566172543447;1944,745325648404;
3;0,00012727566172543447;2000,7857487204913;0,00012727566172543447;1649,8375759471148;
4;0,00012727566263492918;1638,4544679619016;0,00012727566263492918;1256,8828500781956;
5;0,00012727566172543447;2323,689787742873;0,00012727566263492918;1851,6044118993477;
6;0,00012727566263492918;1737,2476812527493;0,00012727566172543447;1511,210714698011;
7;0,00012727566172543447;1717,6354614067245;0,00012727566263492918;1554,416569215266;
8;0,00012727566172543447;1474,64874208178;0,00012727566172543447;1493,047165110503;
9;0,00012727566172543447;1796,569604297104;0,00012727566172543447;1370,2395814933252;
10;0,00012727566172543447;2198,315907695152;0,00012727566172543447;1645,5372718780777;
11;0,00012727566172543447;1974,1104940187934;0,00012727566172543447;1140,331446595258;
12;0,00012727566172543447;1842,9680023742724;0,00012727566263492918;1692,213914107499;
13;0,00012727566263492918;2237,787197941645;0,00012727566263492918;1935,9304137198123;
14;0,00012727566263492918;1948,927519291291;0,00012727566263492918;1979,1837175928597;
15;0,00012727566172543447;2632,639294986583;0,00012727566263492918;2164,541182760313;
16;0,00012727566172543447;1243,6437099971363;0,00012727566172543447;1203,8448235466026;
17;0,00012727566263492918;1922,346852534418;0,00012727566172543447;1277,4379124172751;
18;0,00012727566263492918;1875,856575942537;0,00012727566172543447;1667,3049286653709;
19;0,00012727566172543447;1756,973534058333;0,00012727566172543447;1860,0050647055793;
20;0,00012727566172543447;2138,902106136085;0,00012727566172543447;1511,5293435692743;
21;0,00012727566263492918;1902,1735830289558;0,00012727566172543447;1731,7576786625689;
22;0,00012727566172543447;1928,789860693507;0,00012727566263492918;1308,6676009203345;
23;0,00012727566172543447;1934,6174493274539;0,00012727566263492918;1684,314970203724;
24;0,00012727566263492918;1875,453207752943;0,00012727566172543447;1835,2200585147561;
25;0,00012727566172543447;2000,829797230776;0,00012727566263492918;1623,1908138582537;
26;0,00012727566172543447;1882,4392926207656;0,00012727566172543447;2147,469747291334;
27;0,00012727566172543447;1796,569604297104;0,00012727566172543447;1575,7536570243874;
28;0,00012727566263492918;1783,5542008152054;0,00012727566263492918;1628,0958883155868;
29;0,00012727566172543447;2935,764995090489;0,00012727566263492918;2308,383500061024;
30;0,00012727566263492918;1388,7790537581182;0,00012727566172543447;1387,6772981382378;
31;0,00012727566172543447;2507,126778483753;0,00012727566172543447;2173,373664038507;
32;0,00012727566263492918;1283,1957317256224;0,00012727566172543447;1483,958856239471;
33;0,00012727566172543447;2317,614536865699;0,00012727566172543447;1827,2807846021385;
34;0,00012727566263492918;2021,0481873105532;0,00012727566172543447;1827,936689240758;
35;0,00012727566263492918;2093,0881238478223;0,00012727566263492918;1633,7642422629347;
36;0,00012727566172543447;2021,5197818286838;0,00012727566172543447;2088,409638007314;
37;0,00012727566172543447;2679,4410612533457;0,00012727566172543447;2268,278887041507;
38;0,00012727566263492918;2027,5830739843545;0,00012727566263492918;1694,440026817224;
39;0,00012727566172543447;2132,4563885468833;0,00012727566263492918;2031,843278466712;
40;0,00012727566172543447;1632,5583669427112;0,00012727566172543447;1267,0643015311643;
41;0,00012727566263492918;2218,8653720851366;0,00012727566172543447;1731,6303533985551;
42;0,00012727566172543447;2086,5991694371187;0,00012727566263492918;2073,080507797849;
43;0,00012727566172543447;2073,6859798138694;0,00012727566172543447;1927,322720732163;
44;0,00012727566263492918;1783,6572263626374;0,00012727566263492918;1647,0903727713455;
45;0,00012727566263492918;2779,00269058559;0,00012727566172543447;1962,3388663635392;
46;0,00012727566263492918;1797,934394848909;0,00012727566172543447;1744,4955146419718;
47;0,00012727566172543447;2192,146068873154;0,00012727566172543447;1865,9221523414749;
48;0,00012727566172543447;2494,294059967249;0,00012727566263492918;1858,4377917611298;
49;0,00012727566172543447;1639,4283954775697;0,00012727566263492918;1233,0583571668517;
50;0,00012727566263492918;2199,177013940044;0,00012727566172543447;1640,7846104821604;






============================================================================
Função: Ackley
============================================================================
parameter;GEOreal2_P_VO_UNI;GEOreal2_N_VO_UNI;GEOreal2_P_DS_UNI;GEOreal2_N_DS_UNI;
meanNFE;100359;100359;100359;100359;
meanFX;1,0211573453489109E-09;4,153292820774368E-10;4,0906101617110836E-10;3,3246536190745244E-10;
sdFX;2,975580506603677E-10;1,805983603096888E-10;5,8160497341855167E-11;3,792086709258826E-11;
==========================================================
===> f(x) médio para cada NFE:
NFE;GEOreal2_P_VO_UNI;GEOreal2_N_VO_UNI;GEOreal2_P_DS_UNI;GEOreal2_N_DS_UNI;
500;19,822465507314067;19,995903419131977;20,132687649434132;20,14696196427077;
1000;19,301992433230545;19,586657084455975;19,606963951639795;19,64662050463586;
1500;18,775743071073784;19,34972387809316;19,123300728768925;19,219562545124074;
2000;18,434034860854407;19,297271092173165;18,91853595038038;19,046378060695666;
2500;18,080993723264324;19,25987792764669;18,71655266057636;18,897964813501535;
3000;17,082164731085406;19,201227128515317;18,31060339291562;18,60945806035245;
3500;16,26980797525692;19,168392134609178;18,013286458221096;18,438044304629663;
4000;14,366479160543038;19,124293451428333;17,336918412161292;18,07148346436367;
4500;12,963151781406271;19,088589031977804;16,839276621353484;17,789069990886695;
5000;11,470933601324798;19,057109859254123;16,247598487987563;17,415798361868024;
6000;7,368455415700409;18,957641627587712;14,27456678250999;16,17043234207437;
7000;4,73640697229668;18,848752279132338;11,632470280882949;14,443823852785533;
8000;2,806242016090846;18,729177439141548;8,796193712360639;12,5509934003478;
9000;1,780747802702044;18,623533622939206;7,040274988815348;10,872998762294873;
10000;0,961544236406347;18,440678521496046;5,407706577765099;8,683116649499151;
12000;0,2546890688566755;17,987199929236127;2,8979340326861815;5,128038121806802;
14000;0,033946036996414436;17,40633647806962;1,7240313372682017;3,0677346746372653;
16000;0,0053816984159030315;16,29143114063616;0,8754818359360647;1,7368454011616625;
18000;0,001419856968491686;14,932018030154023;0,35248262907174627;0,9397967437948972;
20000;0,0003090456330457414;12,630723927986816;0,10009235785509475;0,45055696673841483;
25000;4,208446940054955E-06;5,932231430477603;0,0006291399080126326;0,022163307611363977;
30000;4,1194498749064225E-07;1,4836068367553468;9,530185068342689E-06;0,0002777046324128918;
35000;1,794243878805446E-08;0,09949396369579169;2,6024084434084214E-07;1,915913360335253E-06;
40000;4,641809070449199E-09;0,0005467979696165059;1,6567276119872077E-08;2,749673745228165E-07;
45000;3,570409461417512E-09;2,439595291406249E-05;7,750876562795383E-10;2,552496846419672E-07;
50000;2,329379569232515E-09;2,498939574735459E-07;5,95942424297391E-10;1,1246040614310005E-08;
55000;1,8968675163932857E-09;7,760580515991933E-09;4,878513237827065E-10;1,1027916215766709E-08;
60000;1,6386069745522036E-09;3,012118483525228E-09;4,778469531174778E-10;4,892135763157057E-09;
65000;1,4262855785318607E-09;2,4650456964536717E-09;4,628424221664318E-10;3,748147037185845E-10;
70000;1,2753922362662706E-09;9,87206831837284E-10;4,4080806560486963E-10;3,5769275541497335E-10;
75000;1,140819918532543E-09;8,778933135999978E-10;4,242968998369179E-10;3,5195526493225773E-10;
80000;1,1061533911060906E-09;8,21932530925551E-10;4,200974501600285E-10;3,467097542397823E-10;
85000;1,0912322068179492E-09;6,657262474618619E-10;4,171254630591648E-10;3,3753956074633607E-10;
90000;1,0660697569164768E-09;4,5425146311117714E-10;4,139630505051173E-10;3,344603527466461E-10;
95000;1,0369600289550362E-09;4,1990695365257126E-10;4,1277495199665284E-10;3,3369779828262836E-10;
100000;1,0211573453489109E-09;4,155842248110275E-10;4,0906101617110836E-10;3,3246536190745244E-10;

==========================================================
===> Melhores f(x) para cada execução:
execucao;GEOreal2_P_VO_UNI;GEOreal2_N_VO_UNI;GEOreal2_P_DS_UNI;GEOreal2_N_DS_UNI;
1;5,995239860112633E-10;3,547420135419088E-10;4,760032368267275E-10;3,622382394041779E-10;
2;1,3123688802352262E-09;2,7119284595755744E-10;3,850679775041499E-10;2,730295989294973E-10;
3;1,172221431033904E-09;2,0180834781058365E-10;4,0470737872055906E-10;2,9672264645341784E-10;
4;9,601315298368718E-10;3,6686031990029733E-10;4,938947029131668E-10;3,575486573481612E-10;
5;7,806093549334037E-10;4,346567550328473E-10;4,5646686430700356E-10;3,148272753605852E-10;
6;9,38918276460754E-10;4,821956167688768E-10;4,5083936583978357E-10;2,623181671879138E-10;
7;1,1654179843390011E-09;2,3853630182202323E-10;3,764384359783435E-10;3,552820260210865E-10;
8;1,3011565158649319E-09;8,420180108714703E-10;4,164384392879583E-10;3,532143466600246E-10;
9;9,840661618909508E-10;2,8560975806612987E-10;4,466578218398354E-10;3,881019949858455E-10;
10;8,088569813935464E-10;6,086366965973866E-10;4,483595716919808E-10;3,368612055965059E-10;
11;8,732925493859511E-10;2,254729736250738E-10;4,1391956528968876E-10;3,412310434214305E-10;
12;1,2429808293745737E-09;4,3025494278481347E-10;4,015312526917114E-10;3,828617423096148E-10;
13;8,902425463475083E-10;3,0248159532675345E-10;4,3853276565641863E-10;3,16148884849099E-10;
14;2,1303954156337568E-09;2,531166387598205E-10;3,679581084270467E-10;3,1466029781768157E-10;
15;7,821938652341487E-10;4,426006228186452E-10;3,495905787076481E-10;3,4219382882838545E-10;
16;7,571578919396416E-10;2,6982149847754044E-10;4,702798150901799E-10;3,3872282756419736E-10;
17;1,1462795157513028E-09;3,184617014539981E-10;3,609770260482037E-10;3,12052605977442E-10;
18;7,082903152877407E-10;3,382574220722745E-10;4,700488887010579E-10;3,5270630860395613E-10;
19;1,124551118891759E-09;4,305888978706207E-10;3,5908342965740303E-10;4,001705633527308E-10;
20;7,784919375808386E-10;5,150440074430662E-10;3,751239319171873E-10;3,4062708209603443E-10;
21;7,8888362509133E-10;3,2945024486252805E-10;3,9054626199686027E-10;3,232543122067E-10;
22;1,0398473193617974E-09;5,623483900762949E-10;3,361719791428186E-10;2,7134916535942466E-10;
23;1,2114114156247524E-09;3,3712765912241593E-10;4,4419223854674783E-10;2,7054269935433695E-10;
24;1,112724135055032E-09;3,4721026054285176E-10;3,921556412933569E-10;2,8973445864721725E-10;
25;7,508447197324131E-10;3,55967699761095E-10;4,18527434931093E-10;3,806732706834737E-10;
26;1,3602523551980994E-09;3,9267433749046177E-10;3,4989255937034613E-10;3,6482461496234464E-10;
27;1,2714878039332689E-09;2,8481395020207856E-10;3,944258253341104E-10;3,4643221624719445E-10;
28;8,26709367629519E-10;3,0957636454331805E-10;4,5977088802828803E-10;3,1532820798929606E-10;
29;1,8064554296870483E-09;2,7911895017496136E-10;6,204707858614711E-10;2,857731828953547E-10;
30;8,591918287947919E-10;1,1679333056235919E-09;3,0090774316704483E-10;3,410463023101329E-10;
31;1,2925909231853439E-09;7,545466473857232E-10;3,6326852637103E-10;3,9333514223471866E-10;
32;1,0007994433181011E-09;4,5007553239884146E-10;4,900684302810987E-10;2,95152347007388E-10;
33;6,978915223498916E-10;3,6691005789180053E-10;3,842757223537774E-10;3,7686120890612074E-10;
34;8,592913047777984E-10;3,2289904083881993E-10;4,034319545098697E-10;2,4214941163336334E-10;
35;7,478817565242935E-10;3,051034980217082E-10;3,318660901641124E-10;3,2514790859750065E-10;
36;8,931237971410155E-10;3,262528025516076E-10;4,389306695884443E-10;3,2435920616080693E-10;
37;1,1651017928215879E-09;4,256577312844456E-10;3,9253578165698855E-10;3,63019836413514E-10;
38;1,5366943273420475E-09;7,423714976084739E-10;3,538502824085299E-10;2,85215406847783E-10;
39;7,677520841298247E-10;3,1459990168514196E-10;4,833040634366625E-10;3,226929834454495E-10;
40;9,212115514856123E-10;4,452900270734972E-10;4,0250824895338155E-10;3,2229863222710264E-10;
41;1,4296688277681824E-09;4,6292569777506287E-10;3,268674220180401E-10;3,913314117198752E-10;
42;1,0035350328507775E-09;4,008136045285937E-10;4,5087134026289277E-10;3,3433167345719994E-10;
43;8,277325491690135E-10;4,419824506385339E-10;3,78744147155885E-10;3,326938724512729E-10;
44;1,0694307661651692E-09;6,827249876550923E-10;4,318003732350917E-10;3,1754510132486757E-10;
45;7,340688057411171E-10;3,1673152989242226E-10;5,010782899717015E-10;3,1948488299349265E-10;
46;9,66679181146901E-10;2,973230550651351E-10;3,6898128996654123E-10;3,5284131172375055E-10;
47;1,0777121417504532E-09;7,127098911041685E-10;3,261853009917104E-10;3,780407098474825E-10;
48;5,448193007850932E-10;3,65886876352306E-10;3,4845371033043193E-10;3,390425717952894E-10;
49;1,0431513430830819E-09;2,8534685725389863E-10;3,9324277167906985E-10;2,873754567644937E-10;
50;9,937757283751125E-10;3,6773428746528225E-10;4,1380587845196715E-10;3,8987124639788817E-10;






============================================================================
Função: Beale
============================================================================
parameter;GEOreal2_P_VO_UNI;GEOreal2_N_VO_UNI;GEOreal2_P_DS_UNI;GEOreal2_N_DS_UNI;
meanNFE;100001;100001;100001;100001;
meanFX;2,6736617559289563E-07;8,583304652229994E-07;0,0914579889788234;0,047730640204215816;
sdFX;1,2584148309897126E-06;1,8673548066088116E-06;0,24997298488610678;0,18273702141522766;
==========================================================
===> f(x) médio para cada NFE:
NFE;GEOreal2_P_VO_UNI;GEOreal2_N_VO_UNI;GEOreal2_P_DS_UNI;GEOreal2_N_DS_UNI;
500;0,8934184397053485;0,8399258329988254;0,42163060607350195;1,0118220182208049;
1000;0,7547491515198366;0,6409464984972171;0,36692347646805407;0,6340416910309128;
1500;0,5871213562454036;0,5521968966548433;0,31326182229785254;0,5937755194608237;
2000;0,5352195633905669;0,29260639865860516;0,29753811590672696;0,5037332283832673;
2500;0,4660795651987241;0,2600472975376016;0,2808556787446794;0,4656103144988327;
3000;0,43534032046644106;0,24652963299160396;0,2476071419419887;0,42954249851164067;
3500;0,39333482945816023;0,20947657512140375;0,2356231202109511;0,40373969865514975;
4000;0,3483687908500342;0,15597174016335552;0,2287405489404779;0,3786155846132215;
4500;0,30715108525694734;0,14752415157398194;0,21005176908236226;0,35042257789558656;
5000;0,28832503788458425;0,13144395977075654;0,20361453043836736;0,3197947106120446;
6000;0,269378042245572;0,11448331357817193;0,19312728133585366;0,28968280681657926;
7000;0,25684804322826116;0,11094067244219852;0,1900763548146276;0,25716706779960413;
8000;0,21584091282732817;0,09331017384159873;0,1862061968689353;0,2454775153818742;
9000;0,16344820642661395;0,09269320031558653;0,1691202155826131;0,23788494900797955;
10000;0,13137537245280712;0,09266080579377797;0,1679701175141056;0,23305352083753086;
12000;0,10155122069078222;0,09239350596324966;0,16761700888371853;0,22900628401170697;
14000;0,09669975028370471;0,09182537309344363;0,15258183580905282;0,22847548172483798;
16000;0,07877097232248585;0,09181912058017777;0,15242139927206985;0,21352771496775586;
18000;0,06177482989040836;0,09177785756503906;0,15238496501902046;0,19807338660000728;
20000;0,045977424521169125;0,06150411643774434;0,15238492159202777;0,18323272836769072;
25000;0,015349555092438093;0,030581799338549688;0,15238487010464374;0,15253248811928727;
30000;0,015260083540765707;0,015357205666722875;0,15238484126405;0,1390981174629414;
35000;0,015251704913412862;8,665217538231004E-05;0,15238481256545666;0,1239051582776586;
40000;0,015250166055000947;2,2638694699602503E-05;0,14539283986194187;0,12386626851458482;
45000;0,015234998417604508;8,450530985136106E-06;0,14539282963410996;0,10863458057647099;
50000;0,015234357971228461;4,739898486342298E-06;0,10675693773104107;0,09340431892753476;
55000;0,015233900406898421;3,950516547215571E-06;0,0914590118532405;0,07817160559880829;
60000;0,015233485702946444;3,4984136531419484E-06;0,09145811606081296;0,07817122002549955;
65000;0,01523293174563789;2,972305963402571E-06;0,09145810528172914;0,07817121315524314;
70000;0,015232788978544895;2,883111674832363E-06;0,09145809618381623;0,07817121123100845;
75000;1,9424451929783115E-06;2,3180709379423354E-06;0,09145808510664777;0,07817121107993148;
80000;1,2545852804707E-06;1,7450924718808447E-06;0,09145808275178942;0,07817120701659813;
85000;3,9756007370509386E-07;1,6342081473975153E-06;0,09145801902126514;0,06293954158162285;
90000;3,605128762260646E-07;9,17570070819244E-07;0,0914579966038252;0,06293954022475365;
95000;2,7116332298269256E-07;8,814281733562641E-07;0,09145799034479922;0,06293953887034705;
100000;2,6736617559289563E-07;8,583304652229994E-07;0,0914579889788234;0,047730640204215816;

==========================================================
===> Melhores f(x) para cada execução:
execucao;GEOreal2_P_VO_UNI;GEOreal2_N_VO_UNI;GEOreal2_P_DS_UNI;GEOreal2_N_DS_UNI;
1;2,588336103461581E-12;2,6902534618559506E-07;2,1455603725592483E-08;2,936100920162258E-08;
2;9,390969593329797E-11;3,969864110445143E-09;5,762507977919231E-09;9,900734818949033E-10;
3;4,022380764595183E-11;3,285547561419113E-06;3,946694500615347E-09;9,989940281498598E-09;
4;4,648384610109E-10;1,0420874382339743E-06;0,7615833365346578;2,3195471528497694E-09;
5;7,612212080852018E-09;1,917447684221693E-08;0,7615832907152066;2,67287661815842E-08;
6;6,071774842353122E-07;1,7127470811732996E-10;1,3226862532399994E-09;5,998339287940528E-08;
7;2,999619772803364E-08;6,649117023297859E-09;4,260477773398515E-09;2,585595831553398E-09;
8;6,892563784846146E-09;1,2905676766442995E-06;1,0774986686691908E-08;7,344333278057706E-08;
9;3,0339064317109374E-07;2,2166839785213412E-09;1,118016614792374E-07;7,56122208242123E-08;
10;1,0236762228216995E-08;8,550307232590236E-06;1,7369109465095274E-09;9,85562058287531E-09;
11;6,804684912579885E-08;5,73289959117574E-08;1,1799713455217052E-08;1,592554104966359E-08;
12;2,3423927637716003E-08;1,7863132680622054E-07;6,844949068598397E-09;3,756443356710366E-09;
13;3,481030570385556E-08;1,3761632102356918E-06;1,3558943951589556E-09;2,6712279494053236E-08;
14;8,823181731155296E-06;1,1077781148809623E-08;0,7615832766949635;0,7615833291919635;
15;1,2981277241081068E-07;2,0789001874581227E-07;4,4899035209774805E-09;0,0011386162827531291;
16;4,811665178234957E-10;3,920032191285436E-07;2,7251135340575936E-09;6,866723697527455E-10;
17;1,3468468467474884E-09;3,1576510834675414E-06;4,1481122073480676E-08;2,7626441371524126E-08;
18;9,55962247732333E-07;8,353861549097155E-07;1,7940038610704323E-09;4,6687628398445676E-08;
19;2,2111761627929396E-12;3,056491600322554E-07;2,232985783498028E-09;4,423346853074795E-09;
20;3,0639167977255793E-09;2,003884458267763E-08;1,5065950787439125E-08;1,1106218046861989E-08;
21;3,851843222651995E-09;5,877858007579581E-08;6,564523651856423E-09;4,679699611484593E-08;
22;9,479755277497114E-11;6,236016461534558E-08;1,8004458129054852E-09;2,5310217626122016E-08;
23;1,3097400035195086E-08;4,907369907249674E-07;9,840249822227039E-09;3,7112545103701112E-09;
24;2,1932655250094936E-08;6,430777995806387E-07;2,3491701242607968E-09;2,0865875406586743E-08;
25;1,0413406498995203E-09;2,4482419256184156E-07;9,395764157453875E-09;7,137302276215844E-09;
26;1,5974735232524373E-07;1,0304108685152133E-10;2,5642495342416127E-08;0,10064158829094205;
27;4,334879591824362E-08;4,995052367290834E-08;0,7615833429651265;0,7615838203765141;
28;4,585590252783619E-08;2,3334837260348104E-09;2,1361538186803324E-08;1,2984160548575247E-08;
29;3,1685399846760878E-09;1,1100829593128955E-08;9,57648061887078E-09;2,914647242501736E-09;
30;1,959699078372972E-08;1,9593310919296788E-07;0,003398929015346306;4,37334110126524E-08;
31;1,842931885122361E-08;8,52054174011946E-09;0,7615832764972155;1,0445666020594262E-07;
32;3,0163232783457247E-09;8,770909089423414E-08;1,2874310499428293E-09;1,749847702541887E-08;
33;1,0266048436275324E-07;7,854568874563243E-07;2,148776627690872E-09;1,908219084233707E-08;
34;1,999661506615708E-08;5,5033131135006045E-09;9,169297044065914E-09;2,0368864808731942E-08;
35;3,623285395504276E-08;2,8679482145950066E-08;9,308843739050871E-09;0,76158369402303;
36;2,4743682897428846E-10;1,2347118161346078E-07;1,6014937290001143E-09;4,1843697706511055E-11;
37;7,675009081012034E-10;7,25471612289898E-08;2,7321373792258467E-08;1,3770704272609427E-08;
38;8,691255765216106E-09;7,336867586288253E-07;4,867216137849817E-08;4,032578909413144E-08;
39;2,9349599990955135E-10;5,20376888554601E-07;4,037487929273872E-08;6,131775965037884E-09;
40;2,930047445578529E-11;1,621499753471905E-10;4,6936018648737895E-09;3,142350371593248E-09;
41;3,661501607041524E-08;1,1148259431536626E-10;1,0065966072639237E-07;1,4238570378975548E-08;
42;7,798086732641016E-12;9,352584571792006E-06;0,7615833180336796;6,364934117763522E-09;
43;3,852566737722901E-09;1,1117827608306523E-07;2,4405479401214546E-08;3,981372111631864E-09;
44;3,5378493614045764E-07;4,0193761810205265E-07;2,0246513364732317E-08;7,219064391632E-08;
45;6,012862883020821E-09;3,351165694766489E-06;1,9436914699757105E-08;8,146740031996867E-10;
46;4,888684420089576E-10;1,8759473505927009E-06;1,3397373062225458E-08;1,7827364845667896E-08;
47;1,2272063476647337E-10;8,268241756827199E-07;2,7916051875521785E-09;9,919484312869832E-09;
48;1,3165822860002733E-06;1,64784612525647E-07;1,5356286819067166E-10;4,5825645003938453E-10;
49;1,4269187769988124E-07;3,3550784811594165E-08;6,438720827919192E-09;1,7578744004184206E-08;
50;1,0244575654263006E-11;1,6615900573127052E-06;1,099545366334987E-08;2,6049524476117713E-09;



Execution Time: 167212 ms
