




============================================================================
Função: Griewangk
============================================================================
parameter;AGEO1var;AGEO2var;
meanNFE;100101;100101;
meanFX;1,554413637626573;0,006184215647872375;
sdFX;1,6919410978643181;0,004232327520765302;
==========================================================
===> f(x) médio para cada NFE:
NFE;AGEO1var;AGEO2var;
500;62,83205454416602;46,684175552680315;
1000;20,80798058682246;11,309980180723837;
1500;13,197317013560255;4,286284000414565;
2000;11,46513618060555;1,8364406875989951;
2500;10,580051919590998;1,7075066981428642;
3000;9,944399028733514;1,1104401163314292;
3500;7,442933350632748;0,8226264551003094;
4000;5,986022284301903;0,8016378156666936;
4500;5,074542687092952;0,7935825641118437;
5000;5,016050020265298;0,7734444976214172;
6000;4,241289386020663;0,738634529793687;
7000;4,100678652349246;0,7194285891552858;
8000;3,934952574331569;0,6265184291452203;
9000;3,6928164973409805;0,46020896692476115;
10000;3,6894917224019963;0,4536206260428516;
12000;3,577726042401029;0,15206277164965024;
14000;3,2567713551200903;0,14249274792992817;
16000;2,8693286104563187;0,1297564950241158;
18000;2,791689927126794;0,12870932675254326;
20000;2,599921931812679;0,12277808746615286;
25000;2,505734218589824;0,1129763835125905;
30000;2,3504109415169285;0,021952183371039425;
35000;2,1483169294615303;0,016737365470992856;
40000;2,0129179219043367;0,014040621296501592;
45000;1,9992411675787174;0,013948983361184315;
50000;1,9992411675787174;0,012439537922147349;
55000;1,9628604100650173;0,012374433600452877;
60000;1,7940437678442132;0,00983418819164118;
65000;1,7413893033019874;0,009548901282195129;
70000;1,7274870466458399;0,009171371822729795;
75000;1,7274870466458399;0,009171371822729795;
80000;1,5761980378108071;0,0081868089156459;
85000;1,554413637626573;0,007781935906729789;
90000;1,554413637626573;0,007725282361167043;
95000;1,554413637626573;0,006756449759180072;
100000;1,554413637626573;0,006184215647872375;

==========================================================
===> Melhores f(x) para cada execução:
execucao;AGEO1var;AGEO2var;
1;0,4128974750036065;0,0044705615494625706;
2;0,44626947591313204;0,0056877052156514285;
3;1,005575506845731;0,004835565776632245;
4;2,5344523271742325;0,006074125379952888;
5;0,008548654204960204;0,0049753184426447605;
6;0,003942285698979586;0,012381013350624692;
7;0,5666054816022068;0,0032350896418886776;
8;1,3727350129290752;0,004744187993657167;
9;0,34713907162670044;0,005628401913991943;
10;0,13975296461412068;0,00461061982209543;
11;0,37589919103029235;0,0043791514745809;
12;0,4063257530212131;0,0032350896418886776;
13;0,005950368227680691;0,003806166562401847;
14;2,6838609174299406;0,004915972652922318;
15;1,55299624863127;0,00505613440176178;
16;0,9467466444710815;0,007409795406854602;
17;0,4916814728525193;0,0033985974356538495;
18;0,2588673904141525;0,006321397899714087;
19;1,4118528588006913;0,01341736003783578;
20;0,12226937821162132;0,007342109183229528;
21;0,38117879750835804;0,004744187993657167;
22;1,4495297130368887;0,006501255526876637;
23;1,041571452477713;0,0053665386138616045;
24;1,079327482709392;0,008104709960044976;
25;0,25638663055513844;0,004665956453434816;
26;1,0162665455883613;0,0171171445977244;
27;0,3400494832450709;0,026638718094701197;
28;1,4335034943996205;0,005236216667807603;
29;3,71347104767616;0,0075951129006949225;
30;1,0065972411752075;0,005242639544642214;
31;0,934320260900826;0,00461061982209543;
32;5,386344198878162;0,0033985974356538495;
33;3,5378233470126874;0,0032711943306080737;
34;3,253592301867002;0,016027317577778866;
35;1,0138322920346308;0,0031756402216979174;
36;1,4878477726006012;0,004835565776632245;
37;4,6918622178205895;0,005717257093188044;
38;1,0023910745215419;0,008388508919806692;
39;0,9916557526481908;0,004665956453434816;
40;6,9275181057894235;0,005636751080690394;
41;3,6070134590373217;0,0025635255120870504;
42;0,7688541218900342;0,0039335012872351305;
43;1,720679883357111;0,004761368218368034;
44;2,4447448129897915;0,00363638271198663;
45;0,8947071552842979;0,003978157557667283;
46;0,8149949353516401;0,0031013193043120113;
47;0,05100753064898833;0,0031013193043120113;
48;0,28372569415874804;0,005778998915184963;
49;6,373553684456059;0,005585962837381553;
50;4,72196291300588;0,005905993896607065;






============================================================================
Função: Rastringin
============================================================================
parameter;AGEO1var;AGEO2var;
meanNFE;100161;100161;
meanFX;28,130560702436227;7,840188168503513;
sdFX;10,648221396447457;3,3128742748742037;
==========================================================
===> f(x) médio para cada NFE:
NFE;AGEO1var;AGEO2var;
500;161,43864397285347;106,97919870608997;
1000;87,06159910795328;89,36718008380971;
1500;59,253926244357814;71,54801337302384;
2000;38,40031426495056;52,78508802292378;
2500;34,345376043444574;45,83716030441032;
3000;33,252180569602984;39,902319189785935;
3500;32,85042936499143;37,99511629587532;
4000;31,627639887450254;32,96181824825306;
4500;30,96753600905489;30,166981003641823;
5000;30,84693834996606;26,876063220785127;
6000;29,59997885060069;23,595828471361305;
7000;28,49685329079715;22,10025209197271;
8000;28,235511429296523;20,902650705354393;
9000;28,227893737902285;20,426844430100736;
10000;28,227835465206308;19,43195181700348;
12000;28,227835465206308;17,749052902995942;
14000;28,227835465206308;16,86914596838337;
16000;28,227835465206308;16,109652313640833;
18000;28,227835465206308;15,373969216288822;
20000;28,227835465206308;15,009284245578531;
25000;28,227835465206308;13,57889166066376;
30000;28,227835465206308;12,700732022623972;
35000;28,227835465206308;11,811518405692077;
40000;28,17993508404704;10,581195974156612;
45000;28,17993508404704;10,25693604654334;
50000;28,17993508404704;10,032642872756519;
55000;28,17993508404704;9,541854688282738;
60000;28,17993508404704;9,247775994076289;
65000;28,17993508404704;9,163497360532775;
70000;28,130560702436227;8,92581574419549;
75000;28,130560702436227;8,778432522233084;
80000;28,130560702436227;8,538441247112447;
85000;28,130560702436227;8,199414818677054;
90000;28,130560702436227;7,983108817546496;
95000;28,130560702436227;7,9383741658106475;
100000;28,130560702436227;7,840188168503513;

==========================================================
===> Melhores f(x) para cada execução:
execucao;AGEO1var;AGEO2var;
1;32,17427613964842;6,014302447805903;
2;26,752632744647627;2,9828220376296954;
3;19,79252431425286;10,983605189507408;
4;18,97941428827889;8,951378915401762;
5;18,993607793230964;7,96883232820818;
6;20,030001573959453;9,90722377416612;
7;21,898640148952218;14,090882689116434;
8;22,901835602429344;6,981654522802394;
9;39,23505707819024;7,998562733754504;
10;18,056630118545336;7,080439925841745;
11;33,11739105623724;8,05697515692679;
12;22,14024570663357;5,998945285814301;
13;40,68919749122581;7,0414538387024805;
14;22,036041025812132;8,064526998955593;
15;20,06648423208746;8,122892292182982;
16;40,93430290476621;7,98138052576558;
17;24,78596778304896;21,719218170854546;
18;42,61895046820993;6,983097047667449;
19;22,82550718661536;1,9675034341490374;
20;18,00768011455031;11,039947584746344;
21;20,017226335555122;7,967969408481416;
22;50,10109252514549;5,965983778432133;
23;35,979961992540794;12,12131591911755;
24;12,271975703581788;8,008676259426117;
25;41,08920739514868;5,0153292082520124;
26;35,97839385732645;5,999715338518158;
27;7,074520116295197;5,999955609331003;
28;41,969848619276846;7,906654220526342;
29;34,20937790343385;10,00011762111533;
30;46,1169404201118;10,0564042779788;
31;24,543644452294835;11,865970570174369;
32;30,867791122910766;6,0635425094681565;
33;33,0430874442892;6,0317820369415145;
34;17,106269340816773;11,07451637486826;
35;17,06547639248452;3,0485823520459476;
36;20,03472974264406;3,999318800266906;
37;17,056272622565032;6,031584193239922;
38;39,26582547442205;2,9828178331675588;
39;17,052382660378;6,949671678887874;
40;23,02529797640628;10,092046378485655;
41;39,926680743193145;5,936043264634229;
42;18,067408512603755;7,048815357391334;
43;31,700397800195635;4,064567257010538;
44;25,943940797689855;7,9188009849539185;
45;20,02378699316757;10,900588669002104;
46;27,93067866156064;9,00713719629806;
47;23,103847143975663;9,967012649814052;
48;40,77080788119934;7,00790572739016;
49;34,03477036061623;10,057945236295538;
50;55,120006358659836;2,982992813661326;






============================================================================
Função: Rosenbrock
============================================================================
parameter;AGEO1var;AGEO2var;
meanNFE;100023;100023;
meanFX;0,00012121838748467566;5,7646347874555005E-05;
sdFX;0,00011860176801288044;5,4419490947302216E-05;
==========================================================
===> f(x) médio para cada NFE:
NFE;AGEO1var;AGEO2var;
500;0,35540535595354333;1,1152207658822153;
1000;0,2179341503107982;0,7043846627308646;
1500;0,12856566719264456;0,38380709241657074;
2000;0,08813628744537078;0,2934949172720418;
2500;0,03395976273304099;0,1685191393490057;
3000;0,027292529570318847;0,12741730528616935;
3500;0,023723098326026357;0,08277609290777796;
4000;0,019313170714948247;0,07351770067203085;
4500;0,008620054878643264;0,06604136633694381;
5000;0,006794753676691095;0,06522255370018737;
6000;0,004998415153305926;0,0453860601214047;
7000;0,004604705393638494;0,03680625617203401;
8000;0,00445087400928955;0,02149542548961044;
9000;0,0028114301907698914;0,005375899132604741;
10000;0,002224169010311014;0,003916838100208916;
12000;0,0019349789879770886;0,0015342017564349908;
14000;0,001112519305793805;0,0011394959314825013;
16000;0,0010601679938607804;0,0011132350669881554;
18000;0,0010589833356971262;0,000921653724814247;
20000;0,0010319746540436796;0,0008173244228548622;
25000;0,0006271996564669561;0,00036485812318023237;
30000;0,0005035124291498632;0,00024972550266532013;
35000;0,000422695715581876;0,00020018821647622986;
40000;0,000378837820782707;0,0001708627128582099;
45000;0,0003437666210401849;0,00014213641868728098;
50000;0,0003101038977788578;0,00011087210302748535;
55000;0,00023884630689648844;0,00010401695213979747;
60000;0,00020118022930776065;9,884403097746847E-05;
65000;0,00018238818849343808;9,67614549799726E-05;
70000;0,0001752269648832827;8,218670842042572E-05;
75000;0,00015998583909716588;7,532043076942742E-05;
80000;0,00015998583909716588;7,104904109013197E-05;
85000;0,00014726898643959398;6,811050858528604E-05;
90000;0,00013292378240662098;6,448077047326358E-05;
95000;0,0001290531851315619;5,975903659681028E-05;
100000;0,00012121838748467566;5,7646347874555005E-05;

==========================================================
===> Melhores f(x) para cada execução:
execucao;AGEO1var;AGEO2var;
1;1,5870544892419822E-05;8,018744901464232E-05;
2;0,0002814954734028374;0,0001090146558026045;
3;0,000400096825052537;1,2732530238028651E-05;
4;8,966491983249475E-05;1,3864600491273174E-05;
5;0,00010266424547288746;1,2732530238028651E-05;
6;9,68347953482746E-06;7,25489059268087E-05;
7;7,623185957499665E-05;0,00017911511691801727;
8;0,00019314373721473444;0,00014227474631899878;
9;0,0001076474802680161;7,044318421630633E-05;
10;0,00018203634078429158;6,482254401603816E-05;
11;1,6529512633522721E-06;8,528086807543464E-05;
12;4,220673460361349E-06;2,8771350992162275E-06;
13;1,3995789577468062E-05;2,4828680233688943E-05;
14;3,4426180491873114E-05;5,102242195477635E-05;
15;0,0001595234582981223;0,00023753358339809996;
16;1,4270771576420211E-05;4,1086076796969526E-05;
17;9,402268240680229E-05;7,25489059268087E-05;
18;2,2718672504251656E-05;3,536302590329494E-05;
19;0,00023753358339809996;0,0001531688043498238;
20;0,00012823920056422304;8,528086807543464E-05;
21;9,905929737654132E-05;1,4270771576420211E-05;
22;8,801785615547957E-05;9,154810992615023E-05;
23;0,0003284676739075207;4,2175759878706286E-05;
24;0,00014421788947303633;6,482254401603816E-05;
25;4,250563362805409E-05;6,646211204800484E-05;
26;6,052344200316405E-06;2,021315536048899E-06;
27;4,250563362805409E-05;7,124241620630472E-06;
28;0,0002729550079305623;4,250563362805409E-05;
29;0,0003335678086326657;1,5870544892419822E-05;
30;7,623185957499665E-05;6,250688609132E-05;
31;1,7614634618971697E-05;2,8771350992162275E-06;
32;0,00010510077628840534;7,918313194727006E-05;
33;0,00032788172370658216;1,3864600491273174E-05;
34;7,474542290168473E-05;0,000207225606857455;
35;1,118248750616245E-05;1,4664375473771773E-05;
36;4,7986533649742076E-05;1,3864600491273174E-05;
37;0,0001888431497540261;2,8771350992162275E-06;
38;9,440227878172966E-05;5,490216108160771E-05;
39;0,0005019265890423834;1,8273875128587248E-05;
40;0,00024009882556091862;2,0303968399015835E-05;
41;1,7614634618971697E-05;1,6529512633522721E-06;
42;1,5870544892419822E-05;6,052344200316405E-06;
43;5,054029490123827E-06;3,9560277382889675E-05;
44;0,00013020518941163402;0,00014227474631899878;
45;4,137588455472557E-05;1,3995789577468062E-05;
46;1,9897131512287455E-05;7,653243688362505E-05;
47;2,1273577412949717E-05;3,218849167572097E-05;
48;0,0001518875669812707;4,0552063198347245E-05;
49;0,00026612340255253097;7,897503890225352E-05;
50;0,00017911511691801727;6,646211204800484E-05;






============================================================================
Função: Schwefel
============================================================================
parameter;AGEO1var;AGEO2var;
meanNFE;100001;100001;
meanFX;786,4565229471218;191,50107935939207;
sdFX;194,63847622243654;145,88448808444554;
==========================================================
===> f(x) médio para cada NFE:
NFE;AGEO1var;AGEO2var;
500;2208,40830235465;1906,8508203757876;
1000;1458,5829902554865;1367,0115950681634;
1500;1226,9973076056956;1071,2701707244362;
2000;1163,932160283682;941,4219373739968;
2500;1140,6134893660903;897,5993406901498;
3000;1137,40458449728;858,6964492892859;
3500;1117,4323102442793;804,6506068409489;
4000;1108,191136092913;779,0226653000341;
4500;1079,0273849309167;743,3726235639872;
5000;1073,326543127332;717,8559960116069;
6000;1065,0002530763152;705,1035698237927;
7000;1036,3948796065313;664,5109559450966;
8000;1025,9934621617192;650,5584887316272;
9000;1012,2727269094502;631,9413331363477;
10000;1001,6334891992713;614,8483507281729;
12000;984,8970470091352;589,0250805752362;
14000;966,567674316697;542,6358171105422;
16000;963,5389489676055;519,9510111869438;
18000;946,6845947860778;502,3591947662286;
20000;943,6048310224694;481,4989565583682;
25000;925,7116223882238;405,39270385748483;
30000;906,1000053693351;360,6903355307859;
35000;894,9157506013205;331,31806472482754;
40000;876,5637912763898;295,6826586301156;
45000;862,0044244595936;286,9382187240995;
50000;856,9902481350482;282,3012686400209;
55000;841,7495529516533;269,992777180415;
60000;841,6743084977705;256,9746311161857;
65000;829,8071202005277;245,70278117346473;
70000;817,9442107188888;236,3873890845577;
75000;806,9618502087687;223,15105298427963;
80000;802,0762463750045;215,21514580950006;
85000;789,917826549935;213,26532653144656;
90000;789,917826549935;209,67387359650573;
95000;788,4339240676169;202,66891285600622;
100000;786,4565229471218;191,50107935939207;

==========================================================
===> Melhores f(x) para cada execução:
execucao;AGEO1var;AGEO2var;
1;968,5323634149436;225,81488434711127;
2;966,0835087973314;153,06244743263414;
3;887,3151021021176;165,66971045783248;
4;844,4927834693549;153,1658333621881;
5;876,2381892914941;34,85676641481405;
6;935,3729117908547;137,72214444163;
7;553,5140047921032;156,97680931730793;
8;747,8527977222816;271,3943219003736;
9;1066,7784986994752;187,47778651686122;
10;758,7075713012464;187,44227843211547;
11;731,629964536688;234,0415355047303;
12;981,5390697511361;271,99290313534675;
13;407,223759161192;222,14765256068586;
14;752,3472214319368;318,52713662807764;
15;973,9900850262761;249,92695034519602;
16;772,2044268524241;365,7789726844153;
17;678,011065948439;158,8270301644843;
18;898,5309763860628;103,65391528028886;
19;851,2420210830669;395,14269395856763;
20;819,3411384651527;118,86995375557126;
21;772,1729786344022;103,16395561810123;
22;610,7032754227466;34,510797113081935;
23;587,4913942903527;149,4729792877033;
24;1045,2829576966901;180,05828708159697;
25;875,3599578303492;118,90473733719546;
26;705,5091148745787;268,9122904774117;
27;738,6064824333284;234,26757114514157;
28;743,2308707909119;916,8464044327484;
29;930,6190763155205;145,75913235764847;
30;1078,5503039269825;0,32188897716878273;
31;566,4126992428824;68,91386240386873;
32;748,4802306879483;137,45747554886066;
33;917,0636959586773;0,5396336000203519;
34;775,3092027978269;69,13838968565324;
35;894,1205035086041;187,3519656669605;
36;909,6109300290927;0,8661448899492825;
37;423,3105640524914;68,78711095663675;
38;934,1929906239275;199,97284078669782;
39;407,85133879184787;118,79591914697903;
40;995,5153247193007;200,0064644724689;
41;268,8071873682452;237,62195888671204;
42;927,3311999701968;339,98544649753376;
43;464,30237037362576;103,23844974003714;
44;913,5637215661995;451,0881812368016;
45;777,6426554869272;237,19972069130836;
46;605,3157765240312;199,9238229198504;
47;972,7777038942727;0,5361463989120239;
48;935,7181685663136;165,9902797759023;
49;402,5435784925371;288,5209086340219;
50;924,4824324617075;234,4094755623978;






============================================================================
Função: Ackley
============================================================================
parameter;AGEO1var;AGEO2var;
meanNFE;100321;100321;
meanFX;4,73141232555187;1,257939676510334;
sdFX;5,664453408707262;2,1134458648878938;
==========================================================
===> f(x) médio para cada NFE:
NFE;AGEO1var;AGEO2var;
500;20,38579176781043;18,778093937579637;
1000;19,46753992656898;18,410557532707;
1500;18,222529225019624;17,86723911912113;
2000;16,793234262379613;16,717120779924098;
2500;14,978391969404184;14,872652103996643;
3000;12,400616198222702;12,162009099182836;
3500;9,923596975173444;9,569909406718507;
4000;7,709651975567405;7,340265441662703;
4500;6,306554896748111;5,758597210358174;
5000;5,64527310010132;4,721036764216327;
6000;5,089128125800409;3,5585677515498095;
7000;4,983070719133582;2,768461665000316;
8000;4,90339038898776;2,41982205006154;
9000;4,858409289333087;2,355335312089123;
10000;4,846251441543692;2,317645776974303;
12000;4,768902433122628;2,2838607660910704;
14000;4,768902433122628;2,24116894469622;
16000;4,768902433122628;2,19918002934948;
18000;4,768902433122628;2,1771565376635693;
20000;4,768902433122628;2,1660042854695765;
25000;4,768902433122628;2,1122289822216493;
30000;4,75632190792515;2,0838046519304423;
35000;4,755672868893343;1,8390358053008302;
40000;4,740508230663474;1,763457443435777;
45000;4,740508230663474;1,7458012957807434;
50000;4,740508230663474;1,44787869789005;
55000;4,740508230663474;1,4242862065055804;
60000;4,7378085642926315;1,410535101429887;
65000;4,7378085642926315;1,3989235483676115;
70000;4,7378085642926315;1,3819472685211602;
75000;4,7378085642926315;1,3729477507387222;
80000;4,73141232555187;1,3239933604444545;
85000;4,73141232555187;1,3067901550977385;
90000;4,73141232555187;1,2996447088765195;
95000;4,73141232555187;1,2765058554861224;
100000;4,73141232555187;1,2579413730917148;

==========================================================
===> Melhores f(x) para cada execução:
execucao;AGEO1var;AGEO2var;
1;0,0046788029609246;1,3405256784134068;
2;1,646398377948458;0,004369014435678054;
3;1,6465882885868446;0,0042609674691895805;
4;0,0041502251570300075;1,8997899716736164;
5;1,3404797445639396;0,03451790737378957;
6;1,3405061504440923;1,647094808101162;
7;2,87245573596838;1,5018215119886058;
8;15,131211626708582;0,03541173252400043;
9;1,340507625781182;0,1499550063763202;
10;1,7781223975208178;0,004369014435678054;
11;1,6463980087209187;0,003919747742624935;
12;1,778261086729735;1,6545521371789;
13;2,1202675998148273;0,026839698659042455;
14;1,6464618935897377;1,342807372361051;
15;1,5017918356059816;1,3409267676367378;
16;1,6463756430392174;0,839757329853267;
17;16,24191375935704;1,646399864554457;
18;16,231720360945726;0,004036568559182996;
19;1,7781051923464481;1,5085038287576964;
20;1,5017990415555822;1,501797040263181;
21;2,1213420035417556;1,1602514897139358;
22;0,005334932734580633;0,027669425564671002;
23;1,501814373373115;1,3404991503358374;
24;1,9708623040836208;1,3411921154053807;
25;16,08300127834883;1,5123010557895178;
26;9,856834914289802;0,004874859480541005;
27;1,778811629595772;1,5018027028848095;
28;1,5017945722819022;1,342288057360502;
29;1,8998009491664654;1,355047523107615;
30;6,325234593585371;1,3425777378042767;
31;1,7780746021421372;1,1640444775702505;
32;1,7780513669085387;1,6463308600832676;
33;2,120383803395967;0,10940664285691426;
34;13,826597266817625;15,096989324791435;
35;16,47532331041142;0,9445179313299228;
36;0,007357536178130175;0,049037101224445934;
37;1,7781048524342182;0,0032762085009458985;
38;3,589131587005305;0,003414293635369603;
39;1,6462851436283792;0,8047692074202395;
40;1,5018250387448084;1,7785141688180062;
41;9,333675604706777;1,779068308484728;
42;15,965469885720617;0,004036568559182996;
43;8,97847693329856;1,7784117235002839;
44;2,1202171368658185;1,349387676220715;
45;16,129723093811958;1,3406768728673093;
46;1,501809525959338;1,5018009670008645;
47;16,78011431169095;1,5018003998408673;
48;1,5018073616101795;1,3414921896108112;
49;2,013363838590557;1,77804190882199;
50;1,5017991293254944;1,5018069085744834;






============================================================================
Função: Beale
============================================================================
parameter;AGEO1var;AGEO2var;
meanNFE;100023;100023;
meanFX;0,00035683952168089994;0,00014849793602481694;
sdFX;0,0003957429296026735;0,0002537572521427373;
==========================================================
===> f(x) médio para cada NFE:
NFE;AGEO1var;AGEO2var;
500;0,6585784607330671;0,9283361525350813;
1000;0,3643926100868701;0,6707827290890558;
1500;0,24431204258164854;0,4712039908863931;
2000;0,18999726451104224;0,37931625094663135;
2500;0,09881526722341474;0,32952701130310513;
3000;0,07125622560391616;0,2908544521240983;
3500;0,06857649869485495;0,24004432653343769;
4000;0,04799842864786448;0,21166015631722374;
4500;0,04437519536505853;0,16269770358165137;
5000;0,038901299947778314;0,14373482472755347;
6000;0,03140229738418783;0,13055887809019262;
7000;0,02035942209525461;0,11709012007171053;
8000;0,013339068639060068;0,1048254649946367;
9000;0,012627086666369247;0,06850903473353563;
10000;0,011871616336179915;0,05442201272880077;
12000;0,005865282458735435;0,049146042318476565;
14000;0,005075132384614668;0,04425988582312053;
16000;0,004605578732400133;0,029160842826071634;
18000;0,003400018773978371;0,021136199827185908;
20000;0,0027261027050762077;0,020439076061564556;
25000;0,0020595406942591752;0,0045441520356338415;
30000;0,0016799583061810472;0,0026888348572754006;
35000;0,0011107957651077197;0,0018877964659371202;
40000;0,0009275722221662223;0,0012551060586326193;
45000;0,0008188177170070088;0,0010556567615448047;
50000;0,0007309706203441218;0,0008895070369863134;
55000;0,000667525749640402;0,0006834045444811025;
60000;0,0005902820651301681;0,00046233748924701524;
65000;0,0005872348059497331;0,0004425169113601193;
70000;0,0005601970701123341;0,00043230727907640694;
75000;0,000531700796785599;0,0002304226123034687;
80000;0,0004757573662775148;0,00022424072895308646;
85000;0,0004186283971433282;0,0002061301523425029;
90000;0,0003708006363901811;0,000195475674671267;
95000;0,00035683952168089994;0,00019246360764484666;
100000;0,00035683952168089994;0,00014849793602481694;

==========================================================
===> Melhores f(x) para cada execução:
execucao;AGEO1var;AGEO2var;
1;5,201484019050296E-05;1,2844014822479987E-05;
2;0,00024755010765598257;9,242884663855994E-05;
3;0,00021160115989003942;0,00037568813731209377;
4;0,0006699100459593552;3,790299736490265E-05;
5;0,0011081613146340116;7,211365895886093E-06;
6;0,000513658369335687;2,2073089829384454E-05;
7;0,0007887831532619458;0,00029432679745251627;
8;4,0031071618345786E-05;0,00039756619624476097;
9;0,00016395197222536547;2,354953477044512E-05;
10;0,00021674432765059117;9,242884663855994E-05;
11;0,0002448586978342495;0,00012089507372088542;
12;0,0016609979746535822;0,00012089507372088542;
13;2,6637590845878838E-05;0,00016344736614349616;
14;9,355554833393201E-07;0,00010916048780403414;
15;3,756902460565083E-05;7,475136007207091E-06;
16;0,0017105317187713714;7,475136007207091E-06;
17;0,000910265012319152;4,30219947723692E-05;
18;0,0003321861998661969;0,00019184044170875885;
19;0,0001591107108456905;7,475136007207091E-06;
20;0,0004247129352078303;0,0001552169378579874;
21;0,0009805884182369589;9,242884663855994E-05;
22;0,00041620284228126986;6,928163829161841E-06;
23;0,0004201009232498757;5,155735311171338E-06;
24;0,0011031686872039477;3,790299736490265E-05;
25;0,0003684901140005086;0,0009315793060751211;
26;2,1634927710220337E-06;1,698093320868849E-05;
27;3,790299736490265E-05;3,51611597396455E-06;
28;0,000562662252296126;7,078758917565255E-05;
29;0,00039845280527065743;0,00016344736614349616;
30;0,00013601120167624646;0,00012820619173851058;
31;9,317427970502291E-07;0,00016344736614349616;
32;0,00029754493573445255;7,475136007207091E-06;
33;0,00020787512121677593;0,00014198509834028827;
34;0,00036360399501063;1,8728913897592613E-05;
35;1,1939411157068087E-05;9,096348810675631E-05;
36;0,0003684901140005086;0,0001617563368718918;
37;0,00026526940417126395;7,36798291218531E-05;
38;0,000537522322334928;0,0003874562938047595;
39;0,0003012331548966811;0,00016344736614349616;
40;2,1654791423579134E-05;0,00010249291622007403;
41;6,566671455932179E-05;1,2844014822479987E-05;
42;0,0002610008187643263;0,00016344736614349616;
43;0,00031160225668494914;0,0001617563368718918;
44;0,00021219433953015965;4,0031071618345786E-05;
45;2,354953477044512E-05;0,0002884383742600895;
46;5,920397368379598E-05;3,746925133348242E-05;
47;2,315035230701467E-05;0,0015403561461326085;
48;0,0001617563368718918;3,756902460565083E-05;
49;0,0003831023330262855;6,928163829161841E-06;
50;1,8728913897592613E-05;8,47684507873672E-05;



Execution Time: 579472 ms
