




============================================================================
============================================================================
O que irá executar a seguir: executar_algoritmos
============================================================================
============================================================================













============================================================================
Função: Griewangk
============================================================================
parameter;GEOreal2_P_VO;GEOreal2_P_DS;GEOreal2_P_VO_UNI;GEOreal2_P_DS_UNI;
meanNFE;100080;100080;100080;100080;
meanFX;0,008003053522785242;0,0022994561733594683;0,0077044858783366175;0,0029546295467773264;
FXatual;0,008003053522785242;0,0022994561733594683;0,0077044858783366175;0,0029546295467773264;
medianFX;2,2394042176188123E-10;0,0008462231880007609;1,6881632569631932E-07;0,0007781637578689882;
sdFX;0,012248081592916158;0,0037157636018507766;0,011597684926112553;0,004785107300557771;
==========================================================
===> f(x) médio para cada NFE:
NFE;GEOreal2_P_VO;GEOreal2_P_DS;GEOreal2_P_VO_UNI;GEOreal2_P_DS_UNI;
5;294,87403280955897;289,1035620968405;295,13427674738017;289,5521374073596;
50;293,1021560912212;277,1884369120254;293,08893302913543;276,02357238299453;
100;292,1882745517247;270,802928112754;292,58725051931367;268,5823336400004;
500;249,39576602612374;80,61680574613752;248,51295843774702;81,450726179666;
1000;208,50626546260477;14,48823534296174;208,85118401164112;16,0734896555543;
1500;173,33697700463836;2,2795750162187653;172,31234341472341;2,2676854435273333;
2000;142,36401941379575;0,6062090801594622;142,27444481074318;0,7193498774943252;
2500;115,06727148681519;0,24749774722070733;115,34711474673573;0,26708693689931884;
3000;91,12719182132817;0,1532008179606576;92,36237878242653;0,14125368447902945;
3500;68,3538367621705;0,08444815746611692;68,36290658260522;0,08875087952072883;
4000;51,33927876004676;0,05452400876492909;51,4210810321149;0,07895053424999646;
4500;38,29549337295766;0,05070117349389931;38,70624412543502;0,06500900885688697;
5000;27,20894534370127;0,04910917854685716;28,33332743272526;0,06029272676910025;
6000;13,12547662534105;0,043993115050159536;14,19855512265502;0,05525767369736588;
7000;5,654730510921249;0,040015974706893186;6,644999023476333;0,05074967589414818;
8000;2,2918208616832083;0,03967229232411411;2,6207015844524784;0,04682711385791567;
9000;1,0671023356886944;0,03676309656608732;1,186324126868258;0,0451571516750218;
10000;0,5525093459325746;0,031962991013617215;0,4878043981921074;0,041267766366394676;
12000;0,16534758003983957;0,02961763796818705;0,2006934528158478;0,03986205760597352;
14000;0,06327326476437187;0,024403704419196662;0,07389018188873189;0,03596536135541227;
16000;0,04424575050748801;0,020385436218755656;0,054857046836233526;0,029156021386298536;
18000;0,043811078618034106;0,015947063609967053;0,040586601605814086;0,02621383993716444;
20000;0,042612335953697913;0,015851351884722774;0,03667700845350459;0,023994067724246528;
25000;0,03805084936378356;0,014270531676413544;0,03036213584808036;0,02025203761532528;
30000;0,02885734892535034;0,011241908948356773;0,026923950850496935;0,016896785464280438;
35000;0,02429103008445888;0,010218212916326835;0,024174650472949064;0,012676457654601602;
40000;0,0208478952441803;0,009817034672316427;0,022530400988608014;0,01193750468907158;
45000;0,019287206711396703;0,009093659540209974;0,021233351696137565;0,008985328498111154;
50000;0,016055271340041016;0,008453194543657483;0,017848534310495726;0,008092972513942425;
55000;0,014691409184042159;0,00756327296475671;0,016599641456925128;0,007233143419157095;
60000;0,014099913597726924;0,0072873029754782215;0,014628829776935933;0,005569940646765239;
65000;0,01341863485857867;0,006546424994749217;0,012721518552584007;0,005433526199224525;
70000;0,011935002673820463;0,005419555319651706;0,011489800503161637;0,005022677806340983;
75000;0,011934740718452339;0,004059093770152336;0,010629045079156402;0,004744046471764038;
80000;0,011195353294872767;0,003893743182870657;0,00995648454103433;0,004321487395825313;
85000;0,009842374231384324;0,0038532999694079833;0,009588416402731953;0,003788477840451998;
90000;0,008802881590449141;0,0028446961304009477;0,008863821398818287;0,0031841532864863437;
95000;0,0086179579113709;0,002754604816915027;0,008604272520630164;0,0029546295467773264;
100000;0,008003053522785242;0,0022994561733594683;0,0077044858783366175;0,0029546295467773264;











============================================================================
Função: Rastringin
============================================================================
parameter;GEOreal2_P_VO;GEOreal2_P_DS;GEOreal2_P_VO_UNI;GEOreal2_P_DS_UNI;
meanNFE;100080;100080;100080;100080;
meanFX;0;0;0;0;
FXatual;0;0;0;0;
medianFX;0;0;0;0;
sdFX;0;0;0;0;
==========================================================
===> f(x) médio para cada NFE:
NFE;GEOreal2_P_VO;GEOreal2_P_DS;GEOreal2_P_VO_UNI;GEOreal2_P_DS_UNI;
5;239,28469309350368;240,45079151680324;239,64509715050673;240,20010856554694;
50;234,83105772502532;236,0857003464076;234,0933039655137;236,26760747505915;
100;232,83163531489086;233,9925343312018;232,40822746121458;233,80513496751192;
500;138,12095426553265;162,02808683449192;141,82125772433074;162,84994546172285;
1000;91,33624235524493;111,86963824283546;94,89035730239802;111,64305003507934;
1500;59,818264807263915;81,5202473740674;64,24708992971344;82,20556067879636;
2000;40,16196306405779;59,825987902754946;43,12285853555962;61,00121351195952;
2500;27,362122328012457;43,971075304990684;29,63481419002692;44,417163521285595;
3000;18,87813682889696;32,52798945295363;21,17403555411817;33,17295989930608;
3500;14,33202972418058;24,989515905034466;16,232095977263203;25,3001684617921;
4000;10,385091720019542;19,1578165698877;11,498394214292961;19,530195899959192;
4500;7,945093533239502;15,802698953951161;8,301806851904836;14,795514424693573;
5000;6,314338931221855;12,679441642694494;5,9722219690919705;11,62023123234896;
6000;3,4080453007065294;7,91670179700193;3,646791865739985;7,38023781484163;
7000;1,9621370381354033;5,344619054734919;2,4027060206286928;5,170096932017393;
8000;1,2723585684937007;3,8195823563217557;1,8564866979226735;3,65763610043318;
9000;0,922442107827791;2,8003453701456658;1,1192560626925867;2,8938049993374464;
10000;0,584880711015882;1,991971450176915;0,8341628149718616;2,203781656745825;
12000;0,2786815411429668;1,1574711811260676;0,4780118877728382;1,301295500298922;
14000;0,099741228541156;0,5620750180446537;0,1865066062515089;0,7593631694436839;
16000;0,010051908577854363;0,41190285796850823;0,08151789109293794;0,45588564458888514;
18000;6,352012452062183E-05;0,2554896562031397;0,04918225006637229;0,29181160482521873;
20000;2,9037390820718655E-07;0,12938391353690779;0,049170386498375684;0,14053887414649643;
25000;1,0854055432218957E-10;0,04917143718431305;1,0885406354077532E-09;0,0637087782712257;
30000;5,5067062021407766E-15;5,990912654851855E-10;2,9132252166164105E-14;0,024584469156713595;
35000;2,842170943040401E-15;3,907985046680551E-15;1,0480505352461478E-14;1,8829293679800685E-10;
40000;1,2434497875801752E-15;1,7763568394002505E-15;2,3092638912203257E-15;3,0198066269804257E-15;
45000;7,105427357601002E-16;8,881784197001252E-16;1,4210854715202005E-15;1,2434497875801752E-15;
50000;1,7763568394002506E-16;5,329070518200751E-16;1,4210854715202005E-15;0;
55000;1,7763568394002506E-16;3,552713678800501E-16;8,881784197001252E-16;0;
60000;1,7763568394002506E-16;1,7763568394002506E-16;3,552713678800501E-16;0;
65000;1,7763568394002506E-16;1,7763568394002506E-16;1,7763568394002506E-16;0;
70000;1,7763568394002506E-16;1,7763568394002506E-16;1,7763568394002506E-16;0;
75000;0;1,7763568394002506E-16;1,7763568394002506E-16;0;
80000;0;1,7763568394002506E-16;1,7763568394002506E-16;0;
85000;0;0;1,7763568394002506E-16;0;
90000;0;0;0;0;
95000;0;0;0;0;
100000;0;0;0;0;











============================================================================
Função: Rosenbrock
============================================================================
parameter;GEOreal2_P_VO;GEOreal2_P_DS;GEOreal2_P_VO_UNI;GEOreal2_P_DS_UNI;
meanNFE;100000;100000;100000;100000;
meanFX;1,4816777737383553E-08;5,483239163856084E-09;1,9084508815064134E-08;1,2107078246589688E-08;
FXatual;1,4816777737383553E-08;5,483239163856084E-09;1,9084508815064134E-08;1,2107078246589688E-08;
medianFX;1,0838887192480821E-08;4,26654372020384E-09;1,1085909975736113E-08;5,123530876749682E-09;
sdFX;1,6456992704601972E-08;5,5537977999468095E-09;2,6357296734225474E-08;2,298928275729479E-08;
==========================================================
===> f(x) médio para cada NFE:
NFE;GEOreal2_P_VO;GEOreal2_P_DS;GEOreal2_P_VO_UNI;GEOreal2_P_DS_UNI;
5;370,43460304317756;372,32963464356163;370,1262056217568;370,7459369936263;
50;353,3164203915511;358,07977970071744;351,5896854673816;359,61694570037474;
100;333,80065916315766;342,8309663777337;330,50206007253223;345,13910981262524;
500;202,47167080246837;244,3769983306708;204,11184207512184;246,13779882230583;
1000;106,30626793183698;155,57839073808253;105,85823545414705;158,69561936466786;
1500;51,983310385474034;93,24159928968541;53,21930407146358;99,02937732096936;
2000;25,345120874037356;57,23560820345385;27,941643158987034;59,25983707888163;
2500;13,215706444373557;33,57452534881029;14,08027455321444;35,97677028522553;
3000;6,798598228375719;20,65726114594433;6,802617274202885;23,09272773202442;
3500;3,33317981157777;11,89801544619583;3,639087728991717;14,86408526332925;
4000;1,8367107583807312;6,839903117493032;2,05236183440696;9,05604374895737;
4500;1,1661444012045021;4,143170880344157;1,2081816638229523;5,445236402817878;
5000;0,7151954282717365;2,563238721447834;0,7689050836568211;3,360545828973398;
6000;0,34397600878379814;0,9984783982267306;0,36379618814683357;1,40586447845389;
7000;0,19922238696130073;0,5184894683941128;0,21944055865138123;0,6601135975912511;
8000;0,12039573222361222;0,33509045905495166;0,13260657394863146;0,3654149251133537;
9000;0,07242852084595881;0,21986452213577484;0,07851137344876741;0,24431325200122594;
10000;0,04214054560961397;0,14205899590174736;0,04690642079730463;0,15854567814195844;
12000;0,021062431868231354;0,056928584459289056;0,02288642898277838;0,06610069899972047;
14000;0,012557461168354957;0,025426128063277875;0,01350798583090394;0,02896009351863773;
16000;0,007984707835342997;0,014504910122102536;0,008471192102212815;0,01579323058339626;
18000;0,005285946674085598;0,009087583164404986;0,005451736384203007;0,009829169745344275;
20000;0,0034399249630885807;0,005832826134474887;0,0036997874537567756;0,006154826307653794;
25000;0,0014341168515640478;0,001943806835333902;0,0014265966750620662;0,002212125877134242;
30000;0,00046863314241060597;0,0006867889111741446;0,0005014293407736609;0,0007293760153844602;
35000;0,00016832909847120747;0,00027076522852849475;0,00018899146339350974;0,0002766262099667408;
40000;6,621659569827618E-05;8,772107737951451E-05;8,46774704335914E-05;9,012170188805026E-05;
45000;4,111584137702901E-05;2,2431105955128727E-05;3,0633629780220896E-05;4,272179634691281E-05;
50000;2,421817420285569E-05;1,2355268812187746E-05;1,4169312498317204E-05;1,98001620194533E-05;
55000;2,9265136447177336E-06;6,312506625760916E-06;8,598776832028457E-07;9,424266261050566E-06;
60000;9,309137869190068E-08;3,241611300252487E-06;5,740744126879421E-07;4,1797534837818E-06;
65000;7,663688477629311E-08;7,456078433460362E-07;5,450923027478179E-07;1,9024778128143383E-06;
70000;4,076691109882163E-08;1,4007850361659018E-08;5,049366960850239E-08;5,7145095567415235E-08;
75000;2,3785688785374718E-08;1,332782025664846E-08;4,170489406126648E-08;5,0752499353500195E-08;
80000;2,2415798233115788E-08;7,835294799875935E-09;3,5877439833429845E-08;1,5576317431890538E-08;
85000;2,224852837500798E-08;7,316510242506556E-09;3,212430237864807E-08;1,4465504882193613E-08;
90000;2,0980720833248043E-08;5,981665452962218E-09;3,025029694001663E-08;1,3766757239382447E-08;
95000;1,8119967655313295E-08;5,814819283521217E-09;2,569168008381947E-08;1,3336043210774506E-08;
100000;1,4816777737383553E-08;5,483239163856084E-09;1,9084508815064134E-08;1,2107078246589688E-08;











============================================================================
Função: Schwefel
============================================================================
parameter;GEOreal2_P_VO;GEOreal2_P_DS;GEOreal2_P_VO_UNI;GEOreal2_P_DS_UNI;
meanNFE;100080;100080;100080;100080;
meanFX;0,00012727566224839392;0,0001272756623393434;0,0001272756623393434;0,00012727566222565657;
FXatual;0,00012727566224839392;0,0001272756623393434;0,0001272756623393434;0,00012727566222565657;
medianFX;0,00012727566263492918;0,00012727566263492918;0,00012727566263492918;0,00012727566263492918;
sdFX;4,553299870650547E-13;4,3141121661870516E-13;4,3141121661870516E-13;4,582320558763777E-13;
==========================================================
===> f(x) médio para cada NFE:
NFE;GEOreal2_P_VO;GEOreal2_P_DS;GEOreal2_P_VO_UNI;GEOreal2_P_DS_UNI;
5;4055,2734568064625;4085,3015093587283;4069,5678553783646;4081,9878435101346;
50;3824,5085230563027;3876,8516533416578;3854,486015556552;3931,0233269838254;
100;3704,68081232192;3753,5792704031473;3732,2821118468323;3818,0815739055492;
500;1235,2018513586802;1788,8648971642106;1288,3122843820415;1765,605323708379;
1000;786,7724202488689;1143,587402761201;777,7454501543009;1188,4431865889037;
1500;594,2197497327082;897,3745220143122;597,6109859551991;899,0952856355885;
2000;502,103283534111;755,9071309538169;494,2065640567413;730,3376343392327;
2500;431,2430381976301;643,4338190865584;425,7171370029288;619,6190131384058;
3000;381,00935218243455;534,7659714640438;378,82214940363474;532,979880796724;
3500;360,01242648686423;473,56377106996587;361,0112127517703;459,82276533778895;
4000;336,71415315127655;414,7369184013476;336,05296414910185;407,8733604613455;
4500;306,5851246170325;367,2699371540086;311,4849260541294;365,0100375021945;
5000;282,7070309887366;330,5069318951882;284,8798734905336;305,5603483913205;
6000;254,28326842047528;288,80124520790577;241,34865736825026;245,5774047038473;
7000;215,94534376823495;248,93088197610274;199,9035663571302;217,56088932122088;
8000;179,12420953100983;209,98828331975292;181,3565832615501;187,36079646917884;
9000;152,17836228119972;174,84795714552965;155,91359596060198;165,2250781303016;
10000;134,61705177053062;143,61617123711875;128,1454348972175;136,25595436256248;
12000;96,4868505608758;120,16452472134173;84,32921314920686;113,0917077472333;
14000;63,12717242839608;95,97492040843498;51,35212844417888;84,3303278225585;
16000;36,36320891612432;77,44975708217734;27,483672292678477;69,06660681673489;
18000;20,301110117185523;59,280164455787784;13,390295306258054;56,045824993723144;
20000;11,848959485668194;48,10797941299292;10,285727097301493;40,15979832731854;
25000;0,022056667598758396;24,414896310694417;2,961085641359773;20,75528419994897;
30000;0,00012727566304420178;12,115904143822581;0,0001272756626121918;2,9711160084484165;
35000;0,0001272756625439797;5,3985079505438875;0,00012727566256671708;2,9661498877859684;
40000;0,0001272756625439797;2,961312582983976;0,00012727566252124234;1,877321339961145;
45000;0,00012727566252124234;0,0001272756861453672;0,00012727566249850497;1,8722570939401748;
50000;0,00012727566252124234;0,00012727566249850497;0,0001272756624757676;0,000127275663180626;
55000;0,00012727566252124234;0,0001272756624757676;0,00012727566245303025;0,00012727566238481813;
60000;0,00012727566249850497;0,00012727566243029287;0,00012727566245303025;0,00012727566238481813;
65000;0,0001272756624757676;0,0001272756624075555;0,00012727566243029287;0,00012727566238481813;
70000;0,00012727566245303025;0,00012727566238481813;0,0001272756624075555;0,0001272756623393434;
75000;0,00012727566238481813;0,0001272756623393434;0,0001272756624075555;0,0001272756623393434;
80000;0,00012727566238481813;0,0001272756623393434;0,0001272756624075555;0,00012727566229386866;
85000;0,00012727566236208076;0,0001272756623393434;0,00012727566238481813;0,0001272756622711313;
90000;0,00012727566231660604;0,0001272756623393434;0,00012727566238481813;0,00012727566224839392;
95000;0,0001272756622711313;0,0001272756623393434;0,00012727566236208076;0,00012727566222565657;
100000;0,00012727566224839392;0,0001272756623393434;0,0001272756623393434;0,00012727566222565657;











============================================================================
Função: Ackley
============================================================================
parameter;GEOreal2_P_VO;GEOreal2_P_DS;GEOreal2_P_VO_UNI;GEOreal2_P_DS_UNI;
meanNFE;100080;100080;100080;100080;
meanFX;3,0788275040549707E-09;4,121746499663459E-10;2,241892715915128E-09;4,0588039595945703E-10;
FXatual;3,0788275040549707E-09;4,121746499663459E-10;2,241892715915128E-09;4,0588039595945703E-10;
medianFX;2,2400783450393646E-09;4,164348865742795E-10;1,8421282277358841E-09;4,062137293203705E-10;
sdFX;4,046262915666102E-09;6,730846731742006E-11;1,1801023552148107E-09;5,2867929238663644E-11;
==========================================================
===> f(x) médio para cada NFE:
NFE;GEOreal2_P_VO;GEOreal2_P_DS;GEOreal2_P_VO_UNI;GEOreal2_P_DS_UNI;
5;20,975983290913796;20,979579386167458;20,974527792882178;20,984018410668675;
50;20,938234107494882;20,949476883455766;20,93775478609736;20,950770601322976;
100;20,92361908490686;20,931527038045125;20,925475166746217;20,933011778157432;
500;19,795542119147846;20,02641295140579;19,76436176603364;20,057885248994577;
1000;19,224375183440067;19,501711561122935;19,203422183582568;19,522029023560215;
1500;18,66072806168574;18,886035629915792;18,630855314160037;18,98081544432624;
2000;18,305015967117942;18,58299496378916;18,25720253606648;18,715461220226654;
2500;17,93249251190752;18,257315521470723;17,809550512930375;18,43682291016557;
3000;16,97243619544205;17,67721281397827;16,643669794997205;17,909469195996568;
3500;16,201307398780237;17,29229119640206;15,709683473208779;17,502737344027643;
4000;14,565209225257851;16,51119455718013;13,83628836092428;16,731901276104654;
4500;13,454728439344342;15,855172224265406;12,509753362304366;16,005273862113874;
5000;12,059760666625184;15,083922879660411;11,324107155603484;15,365221736948948;
6000;8,576850240812197;12,903634477869975;7,745088837961353;13,398866776791133;
7000;5,582983407711313;10,305424113050062;4,865280690958129;11,33793271469607;
8000;3,5752264940420266;7,823647585300438;2,7849893796136826;9,114533834601875;
9000;2,22788401302273;6,190795452637275;1,8362562905379574;7,64607518767003;
10000;1,3207746114256673;4,629687824761183;1,035865960225053;5,63288323612056;
12000;0,3854968934300951;2,4203457820646266;0,2780232084049488;3,054614653756082;
14000;0,06899568423299804;1,3537365553416119;0,08042080861665886;1,571369947301746;
16000;0,011101770260838962;0,5655722763801718;0,00495568962988111;0,8571291634636659;
18000;0,002200456118356886;0,1996511582958953;0,0019011735140364472;0,3745237720693934;
20000;0,0007479212669557533;0,06639346427112391;0,0006831342749392455;0,08369782902268588;
25000;3,7405916052879465E-05;0,0003792342916270286;5,966904711911525E-05;0,0014690517500484113;
30000;2,8245223758105455E-06;6,693330331319913E-06;7,004831009727042E-06;1,3180319640238025E-05;
35000;1,8065445548387515E-07;7,60496170926217E-08;3,5997975063040143E-07;2,8026720171325793E-07;
40000;1,3354834385026493E-07;1,862968179722202E-09;5,553535107338803E-08;2,892905195395201E-08;
45000;6,77521185821206E-08;7,108149624457383E-10;2,2572355273808852E-08;7,0215675052054395E-09;
50000;1,8439623516997016E-08;5,752895049226936E-10;9,747128526527149E-09;6,342115277391258E-10;
55000;1,7828740972447577E-08;5,207945186214147E-10;7,443680782870388E-09;5,10924724750339E-10;
60000;1,1965696078419796E-08;4,822270582849342E-10;5,453111828757073E-09;4,638156525516024E-10;
65000;5,156026805508418E-09;4,79496797822776E-10;4,923387653121836E-09;4,6078696414042497E-10;
70000;4,435760025955915E-09;4,6436037237640447E-10;4,396011998863969E-09;4,4296717405245546E-10;
75000;4,365057826305474E-09;4,551318433243523E-10;4,315023627299297E-09;4,3123646875642405E-10;
80000;3,8328236584561635E-09;4,5083226041242597E-10;4,313942714162522E-09;4,2541596911860323E-10;
85000;3,559246497530921E-09;4,40981118288164E-10;4,070960812896374E-09;4,201748282639528E-10;
90000;3,2592006427023536E-09;4,3676537941905733E-10;2,575300861451524E-09;4,163629441222838E-10;
95000;3,133886306017075E-09;4,311807799695089E-10;2,390794939799434E-09;4,1359173863497747E-10;
100000;3,0788275040549707E-09;4,1238008563482255E-10;2,2672919541832924E-09;4,0588039595945703E-10;











============================================================================
Função: Beale
============================================================================
parameter;GEOreal2_P_VO;GEOreal2_P_DS;GEOreal2_P_VO_UNI;GEOreal2_P_DS_UNI;
meanNFE;100008;100008;100008;100008;
meanFX;0,038079169229701955;0,5391861742933554;0,03809633717554623;0,5582257547640592;
FXatual;0,038079169229701955;0,5391861742933554;0,03809633717554623;0,5582257547640592;
medianFX;7,228814515567451E-12;1,3370259110430643E-09;1,520292607658424E-11;1,0557482773042426E-09;
sdFX;0,16809774414857703;1,4821618978664926;0,168093790409537;1,479947935389194;
==========================================================
===> f(x) médio para cada NFE:
NFE;GEOreal2_P_VO;GEOreal2_P_DS;GEOreal2_P_VO_UNI;GEOreal2_P_DS_UNI;
5;1499,9858333824109;4938,189593340883;2626,436254148174;4881,772005543898;
50;9,821517924295232;518,6522663226098;11,645589936956657;770,6303023485107;
100;2,9124779440776165;55,87461887162162;2,7898435653417732;106,39184772947242;
500;0,5611475046931511;1,9051605193827705;1,2479271022405638;1,1538333469640087;
1000;0,505985556784683;1,6750120395508272;1,1547708209625922;0,9742322299663859;
1500;0,491177958619351;1,554607754903885;0,9141665242628877;0,9120682570676737;
2000;0,46503316913164106;1,2974816757967154;0,8854448380406478;0,8595818094347519;
2500;0,44894362232296353;1,2453283268637352;0,6563831746715817;0,8155623317447687;
3000;0,4428469967019084;1,209701810368446;0,3995030010965508;0,7697558848707569;
3500;0,43612849242943;1,172152616744181;0,37942794988028006;0,7362250129512097;
4000;0,42873249626244514;1,1400512186434262;0,3609854454066169;0,7065336272057102;
4500;0,42379112437367816;1,112089806527376;0,34868128818824073;0,6788686507390573;
5000;0,40137402776254805;1,0919141594262753;0,29677619722350623;0,6526059759594933;
6000;0,3925568293149107;1,0624600896551986;0,27365763910023627;0,6206463111131468;
7000;0,3895721761746701;1,041342882917737;0,26017034220349144;0,6005025774140806;
8000;0,15936932832326361;1,0256799502365204;0,2303293856319772;0,5891255465455429;
9000;0,1358989038850442;1,0169320865551053;0,22257519955348082;0,5820100599393611;
10000;0,13427522033195632;1,0120740068457368;0,2184266227396745;0,5784085171102447;
12000;0,1341147284084801;1,0083384681773901;0,21235286112000504;0,5772653965450325;
14000;0,10715167108869399;1,0082919510203807;0,2103363310430772;0,5772653537711759;
16000;0,10175238965216689;1,0082919385858353;0,20945334972677693;0,577265353459679;
18000;0,09837024435417442;1,008291932694711;0,20945299620965;0,577265347538203;
20000;0,09648054560194819;1,0082919322175665;0,19051648456154796;0,5772653460139678;
25000;0,09519800548630482;1,0082919187710284;0,17137447262366226;0,5772653429198057;
30000;0,09519798885501954;1,0082919153119554;0,1713736006911738;0,5772653404019432;
35000;0,05810351977213498;1,008291914906694;0,15233547714353754;0,5772653403578588;
40000;0,057121788804395356;1,0082919138661992;0,13329830136521165;0,5772653396863611;
45000;0,0571188435411347;1,0082919127429228;0,1332982905758222;0,5582257585764527;
50000;0,05711880017810529;0,7737393062117468;0,07798121412206029;0,5582257574226747;
55000;0,0571187932734334;0,7737390417763244;0,05713740758769638;0,5582257565902377;
60000;0,057118793244802;0,7737390415404715;0,057137013955865866;0,5582257559103727;
65000;0,05711878243439581;0,7737390413718853;0,03810882887532787;0,558225755805755;
70000;0,05711875526964209;0,5391861769258665;0,03809836899171609;0,5582257556223122;
75000;0,03808803583446243;0,5391861748762332;0,03809634243788453;0,5582257555925161;
80000;0,03807917266413573;0,539186174732315;0,03809633855170618;0,5582257553572141;
85000;0,038079172285160105;0,5391861746798066;0,03809633831402331;0,5582257549537454;
90000;0,03807917097110619;0,5391861745248978;0,03809633723341901;0,558225754919534;
95000;0,03807916923209943;0,5391861743215115;0,03809633720073826;0,5582257549142376;
100000;0,038079169229701955;0,5391861742933554;0,03809633717554623;0,5582257547640592;



Execution Time: 180595 ms
