




============================================================================
============================================================================
O que irá executar a seguir: executar_algoritmos
============================================================================
============================================================================













============================================================================
Função: Griewangk
============================================================================
parameter;AGEOreal2_P_DS;
meanNFE;100000;
meanFX;0,3271974075814711;
FXatual;0,3271974075814711;
medianFX;0,3186084895193162;
sdFX;0,05384890959834451;
==========================================================
===> f(x) médio para cada NFE:
NFE;AGEOreal2_P_DS;
5;286,72288765220276;
50;279,27997679011776;
100;270,1079214640747;
500;166,99675413084844;
1000;71,55655193207281;
1500;19,971669806959135;
2000;3,1687264338373313;
2500;0,8919345562998992;
3000;0,7368559319810187;
3500;0,6933738153299687;
4000;0,636231221914052;
4500;0,6137091574910938;
5000;0,588208377246493;
6000;0,5784512577286416;
7000;0,566727134641617;
8000;0,5526281291806724;
9000;0,5373412741195198;
10000;0,5189697105625312;
12000;0,49339182554950217;
14000;0,47091687758048373;
16000;0,4535877412949561;
18000;0,4505286680075515;
20000;0,4392666724340499;
25000;0,4201197907333835;
30000;0,40108118832015965;
35000;0,389899327905844;
40000;0,372571204046923;
45000;0,365161154738556;
50000;0,3634204497439283;
55000;0,3548376591975755;
60000;0,3537294159416917;
65000;0,350768462955726;
70000;0,34562405641134086;
75000;0,34304514341773135;
80000;0,3387765604588866;
85000;0,33133833752378017;
90000;0,33133833752378017;
95000;0,3299490148936252;
100000;0,3271974075814711;











============================================================================
Função: Rastringin
============================================================================
parameter;AGEOreal2_P_DS;
meanNFE;100000;
meanFX;4,5705621449658285;
FXatual;4,5705621449658285;
medianFX;4,616442559690213;
sdFX;0,9466039088332744;
==========================================================
===> f(x) médio para cada NFE:
NFE;AGEOreal2_P_DS;
5;224,44403079762054;
50;212,66625086291165;
100;203,4202525998839;
500;80,60447041238066;
1000;22,07953361173063;
1500;14,935112558562437;
2000;11,850390551283834;
2500;10,756145024762418;
3000;10,174299061911869;
3500;9,253997680994775;
4000;8,950137210582957;
4500;8,66760665193424;
5000;8,390839556263874;
6000;8,009326142285044;
7000;7,4764236705667795;
8000;7,295374678041879;
9000;7,173948745808071;
10000;6,879769906618947;
12000;6,7342213214156486;
14000;6,576275239178503;
16000;6,521418439420233;
18000;6,372132614233792;
20000;6,314596007174774;
25000;6,045435306156982;
30000;5,914532426937686;
35000;5,727224451222927;
40000;5,3732622785639155;
45000;5,22583849814362;
50000;5,1328235603855585;
55000;5,089427518573869;
60000;5,0620257911689475;
65000;5,023409639700472;
70000;4,965767418415403;
75000;4,860271880406927;
80000;4,854483512496105;
85000;4,837579365886707;
90000;4,788289827886191;
95000;4,729337631420975;
100000;4,5705621449658285;











============================================================================
Função: Rosenbrock
============================================================================
parameter;AGEOreal2_P_DS;
meanNFE;100000;
meanFX;6,74723865551815E-05;
FXatual;6,74723865551815E-05;
medianFX;3,2386925512204633E-07;
sdFX;0,0004145816610723147;
==========================================================
===> f(x) médio para cada NFE:
NFE;AGEOreal2_P_DS;
5;440,6783405911121;
50;427,07311452428837;
100;412,2897868173724;
500;297,6129898160888;
1000;189,3457710172375;
1500;135,35768925978817;
2000;85,1921119547745;
2500;57,17512816798039;
3000;40,24525083186843;
3500;26,56006103276287;
4000;17,276388461893397;
4500;9,457204333123379;
5000;5,772852728715976;
6000;2,1663027927010967;
7000;1,1082226152980887;
8000;0,8576753838037557;
9000;0,7426681668680379;
10000;0,6515684605785683;
12000;0,47439422018983;
14000;0,33169462101335095;
16000;0,21306660697316318;
18000;0,13251005956007628;
20000;0,05579447569605839;
25000;0,016741843783324033;
30000;0,0070240173928856255;
35000;0,005324748795424003;
40000;0,0033245830857131327;
45000;0,0016416599944730653;
50000;0,0007992376060221888;
55000;0,00033693763818488476;
60000;0,00031856763050715106;
65000;0,00031798355433432105;
70000;0,00031774766187253037;
75000;0,00031686692254275645;
80000;0,0003005172701126162;
85000;0,00020379694141270526;
90000;0,00020379333246662014;
95000;6,90832477190171E-05;
100000;6,74723865551815E-05;











============================================================================
Função: Schwefel
============================================================================
parameter;AGEOreal2_P_DS;
meanNFE;100000;
meanFX;726,4010284861913;
FXatual;726,4010284861913;
medianFX;734,6189095690893;
sdFX;126,98807046023992;
==========================================================
===> f(x) médio para cada NFE:
NFE;AGEOreal2_P_DS;
5;4049,78866188721;
50;3494,196564020401;
100;3004,7809000538728;
500;1720,799640678175;
1000;1444,1297361475158;
1500;1358,281762401159;
2000;1304,8294721482428;
2500;1271,170656252636;
3000;1235,637600503434;
3500;1207,9426791532478;
4000;1198,724081360329;
4500;1176,1492040654357;
5000;1146,8998234562464;
6000;1118,2059062274986;
7000;1081,3938088571945;
8000;1051,5002282999026;
9000;1044,9534281952572;
10000;1035,6351242816138;
12000;1006,6057062826021;
14000;996,0697306576818;
16000;966,7277307551358;
18000;946,1956464536286;
20000;919,8187902414666;
25000;879,7781015159948;
30000;860,5531326179109;
35000;846,2226623387405;
40000;835,333619525213;
45000;824,1599721003615;
50000;811,4572898978316;
55000;807,6243787476743;
60000;795,6928710436655;
65000;781,8350869675085;
70000;776,8950548335349;
75000;770,9134992399447;
80000;754,1476219601371;
85000;754,1476219601371;
90000;738,4159203314265;
95000;729,6060046421527;
100000;726,4010284861913;











============================================================================
Função: Ackley
============================================================================
parameter;AGEOreal2_P_DS;
meanNFE;100020;
meanFX;2,475235932734852;
FXatual;2,475235932734852;
medianFX;2,526953554588321;
sdFX;0,22464273033079563;
==========================================================
===> f(x) médio para cada NFE:
NFE;AGEOreal2_P_DS;
5;21,056543051606145;
50;20,98937298507749;
100;20,926560014867444;
500;19,934036149075812;
1000;17,996488006271534;
1500;14,625232301751783;
2000;10,142719764094137;
2500;6,59444749255961;
3000;4,688467427682739;
3500;3,95141810632096;
4000;3,6984012547897995;
4500;3,5257500674966016;
5000;3,464384904276078;
6000;3,292073671289787;
7000;3,2522638377512125;
8000;3,1789686281919414;
9000;3,1280650137677433;
10000;3,082527402372763;
12000;3,024824414316027;
14000;2,98552708579261;
16000;2,9059381806382256;
18000;2,8710408384591566;
20000;2,848845038009183;
25000;2,752439984877802;
30000;2,669081596217168;
35000;2,646979571529695;
40000;2,6300412353642537;
45000;2,620804948617449;
50000;2,610791253882442;
55000;2,599357626249181;
60000;2,5768995647400263;
65000;2,570987973625562;
70000;2,5514985468512514;
75000;2,547621961705024;
80000;2,523102534908278;
85000;2,515843816822037;
90000;2,4861808261081015;
95000;2,4764833351202413;
100000;2,475235932734852;











============================================================================
Função: Beale
============================================================================
parameter;AGEOreal2_P_DS;
meanNFE;100000;
meanFX;0,006233055286139258;
FXatual;0,006233055286139258;
medianFX;0,0039368562268018515;
sdFX;0,006599780542182284;
==========================================================
===> f(x) médio para cada NFE:
NFE;AGEOreal2_P_DS;
5;1155,972336646672;
50;53,57382849413261;
100;5,0253338966730094;
500;1,8530552841920733;
1000;1,3954600678127633;
1500;0,9982270106028068;
2000;0,8319508589576999;
2500;0,5991280205924078;
3000;0,47567774715459243;
3500;0,34641790361701835;
4000;0,25969203906567556;
4500;0,24521826269124306;
5000;0,21539306494655697;
6000;0,14544146556432083;
7000;0,12203731781813032;
8000;0,1120140608051555;
9000;0,10555055831648334;
10000;0,08664954007481382;
12000;0,06490927069248636;
14000;0,050836568444092886;
16000;0,04306920690357486;
18000;0,03371039497530857;
20000;0,02920841433342191;
25000;0,028426920883690567;
30000;0,026041201833368194;
35000;0,022892800186851907;
40000;0,018887414412574098;
45000;0,01738709319093311;
50000;0,01624378975835606;
55000;0,012923886954359236;
60000;0,011666276343890416;
65000;0,010162619497975672;
70000;0,010071387563790543;
75000;0,00916243851164917;
80000;0,007992768850142634;
85000;0,006750335037920179;
90000;0,006743307602484356;
95000;0,006281386804558244;
100000;0,006233055286139258;



Execution Time: 47626 ms
