




============================================================================
============================================================================
O que irá executar a seguir: executar_algoritmos
============================================================================
============================================================================













============================================================================
Função: Griewangk
============================================================================
parameter;AGEO2;GEOreal2_P_DS;AGEOreal2_P_DS_fixo;AGEO2real2_P_AA_p1;AGEO2real2_P_AA_p2;
meanNFE;100100;100000;100000;100100;100100;
meanFX;0,10097550726005647;0,04016953097824607;0,03623863812309309;0,05298513209345363;0,020173592483360984;
melhorFX;0,00645908673629525;3,9968028886505635E-15;0,009857284607820871;0,024078172913827744;1,0813572259849025E-13;
piorFX;0,2762028977875042;0,10818219843250831;0,08850446114993937;0,09376868575856512;0,07133210454877525;
medianFX;0,10319895234390941;0,036918753590388875;0,03197168986350529;0,0520415899450557;0,01722629385991592;
sdFX;0,07201077290358741;0,026088297418622997;0,019977722119704125;0,017574500498659038;0,021425884940491847;
==========================================================
===> f(x) médio para cada NFE:
NFE;AGEO2;GEOreal2_P_DS;AGEOreal2_P_DS_fixo;AGEO2real2_P_AA_p1;AGEO2real2_P_AA_p2;
5;269,21355776973866;298,2213284125816;298,2866694068293;292,3720526473908;290,07082503607927;
50;242,85697388933508;296,61067082472874;296,66104791005563;277,6327288941394;266,4039330904776;
100;228,0586590062503;295,7092557297769;295,2506370414052;264,63945935766105;248,9739762983028;
500;164,0494769048307;270,8166965401868;281,1910828881683;193,3638701042734;39,85672984754686;
1000;62,2894385334756;238,1913628330879;248,7544407096475;100,47406893881163;7,629335387680431;
1500;20,9383781013136;207,3058659525826;216,3601538123664;36,05399929447974;1,5001900285115919;
2000;7,887893473607723;182,0003102535385;186,40074687524185;10,507453431759268;0,6572590501390536;
2500;3,657389351507641;158,83135963471565;160,33912581576053;3,6485273503395685;0,4074674020705205;
3000;1,91575455014596;136,12214845922134;137,25120212117224;1,3612596331342732;0,2562348833922418;
3500;1,3975197517326257;116,09019577982983;117,35917142027591;0,8903167845620515;0,15503770128091654;
4000;1,0360163105681361;98,98719487890163;100,21352325348143;0,6161255303889086;0,08739095779293858;
4500;0,8501029769031094;84,58400162166825;85,2031454672774;0,45015273138286116;0,07557313579395612;
5000;0,7139101991284889;72,04561402257549;71,34721684759258;0,32382940029390916;0,062292589773543086;
6000;0,5058360661255306;51,037107491881315;47,65500888201062;0,2451009848758939;0,05521919101408449;
7000;0,3728099307142455;33,96930038893627;31,268215937913507;0,20746969644332802;0,05368739571859235;
8000;0,31166184442461714;22,15075883960772;18,847576495475103;0,17550836169782677;0,05291254112436532;
9000;0,29666252316940084;13,891437761394197;10,765184798601192;0,16354030972001476;0,04816904329893357;
10000;0,2715911002021689;8,712945260680824;6,031286926553482;0,14032656303979907;0,04194642732940668;
12000;0,2436846814864259;2,9187677578830895;1,6906607261956366;0,12914354930055721;0,03911770109373266;
14000;0,21765771757935187;1,349849847884779;0,7492944267132753;0,1213153692988421;0,03419754669978072;
16000;0,21137634854256196;0,44112535165365124;0,21998203084194537;0,11675543872961458;0,033610920681747175;
18000;0,19608762879500763;0,22193454020960762;0,1526524049398498;0,11526374055146996;0,029445948101505335;
20000;0,1856471805740694;0,12712072221155657;0,07000870717302822;0,11366017488596772;0,02894444999163071;
25000;0,1736014169588524;0,07418926062351007;0,044769014390984005;0,10224124212899156;0,02894444999149286;
30000;0,17316874752749517;0,04898495138559069;0,0365675380494397;0,08427599062523604;0,023944974367990937;
35000;0,1593384968512363;0,043529944418083256;0,036238638123093185;0,08044609043619967;0,023944974349544772;
40000;0,15271848088542495;0,04311911455081148;0,03623863812309316;0,0763966107137626;0,023944974349508687;
45000;0,1415027786264104;0,0427097170635457;0,03623863812309314;0,07071368311297319;0,023944974349469787;
50000;0,1344969386381748;0,04270971706354462;0,03623863812309313;0,06920478082712492;0,022715169562638873;
55000;0,1328258491694128;0,04270971706354456;0,03623863812309313;0,06615296060702561;0,022141306923350295;
60000;0,12563271502625353;0,0423826133138663;0,03623863812309313;0,06307365238962827;0,022140959643058566;
65000;0,125312659922701;0,04238261331386628;0,036238638123093116;0,05914415463170069;0,02214095964305027;
70000;0,11694018664506985;0,04238261331386628;0,036238638123093116;0,058306537199991536;0,021403401862943757;
75000;0,10994824777267077;0,042055509564188236;0,0362386381230931;0,05723191702739909;0,021403401861945056;
80000;0,10987255024060175;0,042055509564188055;0,0362386381230931;0,05716793394769135;0,02140340186193971;
85000;0,10850037819797101;0,04205550956418803;0,0362386381230931;0,05553321679481801;0,02140340186193971;
90000;0,10850037819797101;0,04205550956418803;0,03623863812309309;0,05298513209345363;0,02042012716122684;
95000;0,1058357204508609;0,04016953098608829;0,03623863812309309;0,05298513209345363;0,020173592483394114;
100000;0,10097550726005647;0,04016953097824607;0,03623863812309309;0,05298513209345363;0,020173592483360984;











============================================================================
Função: Rastringin
============================================================================
parameter;AGEO2;GEOreal2_P_DS;AGEOreal2_P_DS_fixo;AGEO2real2_P_AA_p1;AGEO2real2_P_AA_p2;
meanNFE;100160;100000;100000;100170;100170;
meanFX;18,03445223470776;7,105427357601002E-16;0;28,745838313605244;3,197442310920451E-14;
melhorFX;4,02292322349075;0;0;0,005856456477552285;1,4210854715202004E-14;
piorFX;31,036407402080737;7,105427357601002E-15;0;131,7649509478931;4,973799150320701E-14;
medianFX;18,178531751667677;0;0;0,4983814221236571;2,842170943040401E-14;
sdFX;5,713660603421964;2,1680689359681413E-15;0;41,385738801056696;1,0005185088869091E-14;
==========================================================
===> f(x) médio para cada NFE:
NFE;AGEO2;GEOreal2_P_DS;AGEOreal2_P_DS_fixo;AGEO2real2_P_AA_p1;AGEO2real2_P_AA_p2;
5;223,0089413358652;231,4823852797943;232,36483023389894;226,91546520594594;229,10580022405054;
50;215,55186985242744;227,3247038496015;226,64639501817734;221,6493104278784;221,98265497137282;
100;211,84047590552964;225,38164358345207;224,06449006996635;218,97861380078433;219,3810339217391;
500;204,56972424957954;150,1905218331326;203,26347977293602;205,52970603376636;107,09930621008878;
1000;190,7831148176737;102,68790896799479;143,7879624798315;187,31435539537878;57,852822256093205;
1500;175,01528452148702;66,51163692754514;80,45017086166374;165,98343369969004;32,740923851746714;
2000;149,098306833504;45,05994930672933;54,8408413245132;152,64795148786413;20,56246638709686;
2500;130,43830641540134;29,71885116912369;34,652095842789755;141,71380268482068;14,633042523020192;
3000;108,38874495481333;22,566690147998408;25,498627388250238;129,766321635179;11,079934069692614;
3500;97,88379879478681;15,833256254673719;17,43116226073861;122,64409018393056;9,031115660382904;
4000;83,78137599153597;13,232875483225227;13,655871911591646;113,97218962673888;7,055239844758082;
4500;74,0169285707514;10,205274443142246;9,677222084883566;107,32370381861003;6,1254224403798245;
5000;65,33490229188482;8,004236284341124;7,417056553187687;102,93993854308277;5,260206964435985;
6000;51,90212008279625;5,219124627390692;4,9092976025596045;93,96255224181157;3,7678309874210734;
7000;42,54468599812976;3,3557824044931324;3,1827763992147378;87,61880466074464;2,595338017115562;
8000;35,59061635214282;2,3213595914156215;2,1284205729708012;82,49019516153564;1,731008074950706;
9000;30,11153669127322;1,6188586145718888;1,5654581515471797;78,77334112144588;1,3068993982948562;
10000;27,068494757587676;1,0910209607403223;0,9925858776641261;76,0113465379455;1,0043619306929843;
12000;23,778449007791966;0,49024714654448737;0,4868587757518201;71,28147250120226;0,5303205565134889;
14000;22,388948682726056;0,21586878400022655;0,19006834402719144;68,43779336910083;0,26260279495912187;
16000;21,903299674271015;0,0986677454122469;0,09848143065331741;66,16584506340335;0,229506198261529;
18000;21,680043308241025;0,032806128606370305;0,09833787249307377;64,19723404680397;0,10138446769389493;
20000;21,589750356218573;0,03277929389126584;0,09833787027890134;61,72834445582773;0,06556282167194354;
25000;21,380611332479404;1,1745505901217256E-09;0,03281382095366444;58,5905822017454;6,683915477386412E-08;
30000;21,3661331727097;1,0184445879228103E-14;2,3785943241705355E-07;57,050019970410744;5,2580162446247416E-14;
35000;21,363879970002777;8,052817671947802E-15;1,8947806286936005E-15;54,28953704648958;4,500103993147301E-14;
40000;21,037980364162376;6,394884621840902E-15;1,1842378929335002E-15;52,17502120208428;4,215886898843261E-14;
45000;20,896743567685423;5,210646728907401E-15;9,473903143468002E-16;50,61565530492275;4,097463109549911E-14;
50000;20,78106094139373;4,026408835973901E-15;4,736951571734001E-16;46,604473876069896;4,050093593832571E-14;
55000;20,07309178679143;3,315866100213801E-15;2,3684757858670006E-16;44,87471670399272;3,694822225952521E-14;
60000;19,69990011069203;2,6053233644537005E-15;0;43,76897890861642;3,623767952376511E-14;
65000;19,46297978151898;2,6053233644537005E-15;0;43,03693365195199;3,576398436659171E-14;
70000;19,371101530634025;2,3684757858670005E-15;0;39,8986617334556;3,386920373789811E-14;
75000;18,9591478762596;2,3684757858670005E-15;0;37,449579819963155;3,386920373789811E-14;
80000;18,923759393561898;1,8947806286936005E-15;0;34,48117984470426;3,339550858072471E-14;
85000;18,821276033314838;1,6579330501069005E-15;0;33,87549603408322;3,339550858072471E-14;
90000;18,607672184410035;1,4210854715202005E-15;0;31,38614058512815;3,2684965844964606E-14;
95000;18,142655103486252;1,1842378929335002E-15;0;29,271867482585524;3,221127068779121E-14;
100000;18,03445232774006;7,105427357601002E-16;0;28,76968982497046;3,221127068779121E-14;











============================================================================
Função: Rosenbrock
============================================================================
parameter;AGEO2;GEOreal2_P_DS;AGEOreal2_P_DS_fixo;AGEO2real2_P_AA_p1;AGEO2real2_P_AA_p2;
meanNFE;100022;100000;100000;100020;100020;
meanFX;2,6228056875005208E-05;1,368841773961483E-09;0,001399150882948571;2,971619775303214E-06;0,00165691027867267;
melhorFX;0;7,570024135200795E-11;1,4976751572250535E-06;3,8544951012844386E-09;5,6062914868733635E-09;
piorFX;0,00012006250000007543;5,029270224994586E-09;0,006118976259511242;1,3805286259236354E-05;0,019242302637323426;
medianFX;1,6025600000000083E-05;1,0450286025505157E-09;0,0015379841115405108;2,6709135843762443E-06;0,00044757245521234035;
sdFX;3,5353970741563595E-05;1,1694610758509663E-09;0,0012657037474973834;2,8936401287654573E-06;0,003939346652977038;
==========================================================
===> f(x) médio para cada NFE:
NFE;AGEO2;GEOreal2_P_DS;AGEOreal2_P_DS_fixo;AGEO2real2_P_AA_p1;AGEO2real2_P_AA_p2;
5;97,16439651983644;528,0455012821745;529,9149976472116;399,42398928770615;392,2266789860657;
50;9,011149743413123;516,1414030281247;527,3723534032335;194,18791526347974;124,37643827017342;
100;1,6232373493397918;501,2076926599336;523,0245235888907;84,8647201090387;18,639752796582687;
500;0,766899830766875;394,11833065588905;482,089021122619;0,5683456631159165;0,8718015496338143;
1000;0,3979632437070835;293,7016143878822;432,60572675589015;0,14192748278193507;0,3586038550638329;
1500;0,2333386667202085;215,92889134264306;387,9436903663125;0,019047573668144305;0,3054663360377907;
2000;0,1872486450400001;156,43299221164068;345,05540728480275;0,006548095615918261;0,24389058764476854;
2500;0,11933695368666679;113,74173286022194;307,1014983187262;0,004652072614126842;0,233234476689108;
3000;0,11632893773979182;81,88244814576883;273,7397028605168;0,0024300185755743173;0,1930899330686135;
3500;0,1073495571660418;57,898310064358;244,80861000530498;0,0014668562651049878;0,1826444288815147;
4000;0,05469993031937507;40,75568933901816;217,168684481176;0,0009063780727813153;0,08545495485345717;
4500;0,018501363892291733;28,821059133227287;191,9581795288458;0,0008469153373364174;0,08169670474738885;
5000;0,010928150826458368;19,554172748497088;170,92674597643878;0,0003499144758662564;0,07040383088548834;
6000;0,010036607885833358;8,790568177634757;136,08954346981747;0,0001331500235794987;0,055934710778211424;
7000;0,009870169252500036;3,2772179902327325;105,1304041868;0,0001218710223567414;0,05267985226009;
8000;0,009393070682916714;0,9710814156863335;80,70479898680959;0,00011049298876326618;0,04544264659806449;
9000;0,00647352861270838;0,3053800073468639;61,26343298782704;0,00010327101026931609;0,04433206845432824;
10000;0,006416010109583384;0,18921261181683374;45,67062462782761;8,643145980782074E-05;0,04053846227885723;
12000;0,0034814813729166895;0,07663757873463892;24,967553583423356;4,8020880553629914E-05;0,03316700009029426;
14000;0,003463235402916694;0,03872287245887877;14,385839309029626;4,394139698005015E-05;0,029564930193164186;
16000;0,0013301622768750456;0,022698113597923453;7,481772345619165;4,394139698005015E-05;0,026309239303200647;
18000;0,0012539035970833795;0,014357095309835836;3,4247830172791036;4,0929234212029546E-05;0,020296056110617345;
20000;0,0006368567129166973;0,009150491989170468;1,406416824557678;3,685767826508211E-05;0,019858206835093876;
25000;0,0005535070462500344;0,003524671405609224;0,2739499640625134;2,4331905873102904E-05;0,012710428558503673;
30000;0,0005438618464583634;0,0013991003115307306;0,12352386840256845;1,3563779150202963E-05;0,01104338097978445;
35000;0,0002812969233333383;0,0006244633527031952;0,06386925033883993;8,138017670984202E-06;0,008848602888680685;
40000;0,0002792477431250034;0,0002354920071390049;0,040577551539278646;8,138017670984202E-06;0,007551237926497572;
45000;8,85477431250083E-05;9,492365236721541E-05;0,028649953651884417;7,14142956529116E-06;0,007101364128625287;
50000;6,832945979167658E-05;4,531230135557606E-05;0,020813442067516744;6,5302835163043625E-06;0,0047448728756705584;
55000;6,41317233333424E-05;2,1196445749667895E-05;0,015372612128630008;5,3277586206601346E-06;0,003909106278884511;
60000;4,3496373333338736E-05;9,080233722878338E-06;0,011526330484559626;5,301441138366121E-06;0,0036683403888707164;
65000;3,964862333333861E-05;2,125783986010433E-06;0,008510015450134994;5,301441138366121E-06;0,0035738647232546623;
70000;3,58109733333368E-05;2,9710695176795135E-07;0,00644624766717408;4,4054403708436566E-06;0,0031764399405041924;
75000;3,0161696875002834E-05;1,5830433806705496E-08;0,004908689699195096;4,4054403708436566E-06;0,0030448842558814526;
80000;3,0161696875002834E-05;1,402842308225146E-08;0,0037855062810588703;4,247625898979839E-06;0,0024791686464325107;
85000;2,896571041666933E-05;1,3789451246602995E-08;0,002922769040268866;4,123549284092743E-06;0,0024088665673168775;
90000;2,896571041666933E-05;1,6612782676457255E-09;0,0022668854215805445;3,4695972672127405E-06;0,0019010240617281992;
95000;2,896571041666933E-05;1,4815008089799E-09;0,0017730286658666394;3,0168901103429062E-06;0,0016994094651135226;
100000;2,6228056875005208E-05;1,368841773961483E-09;0,001399356676270013;2,971619775303214E-06;0,00165691027867267;











============================================================================
Função: Schwefel
============================================================================
parameter;AGEO2;GEOreal2_P_DS;AGEOreal2_P_DS_fixo;AGEO2real2_P_AA_p1;AGEO2real2_P_AA_p2;
meanNFE;100000;100000;100000;100100;100100;
meanFX;490,0777073069791;0,00012727566263492918;0,00012727566248334674;1118,0530174743653;0,00012727566263492918;
melhorFX;189,98606673973427;0,00012727566263492918;0,00012727566172543447;236,89903091910537;0,00012727566263492918;
piorFX;874,9036559345404;0,00012727566263492918;0,00012727566263492918;1974,028157823093;0,00012727566263492918;
medianFX;488,59641031084084;0,00012727566263492918;0,00012727566263492918;1053,2533553978226;0,00012727566263492918;
sdFX;158,3628483723679;0;3,4474307702971766E-13;420,9908278269814;0;
==========================================================
===> f(x) médio para cada NFE:
NFE;AGEO2;GEOreal2_P_DS;AGEOreal2_P_DS_fixo;AGEO2real2_P_AA_p1;AGEO2real2_P_AA_p2;
5;3743,3081311999763;4111,833809927163;4097,096677257629;4021,4528252346718;4132,490452648243;
50;3587,4347134442223;3936,597917493178;3897,263607592726;3579,5445721361225;3960,00858491946;
100;3446,0766469121236;3829,7809071564457;3793,2151566632765;3525,1278468598107;3855,6694590229954;
500;2997,5825039942715;1618,9636017048422;2296,3317761202516;2654,3809711569165;1682,4583736334396;
1000;2311,1778189968018;941,4130425618854;1361,5772345639193;1967,7091889647465;1135,1466233678686;
1500;1790,0304052633635;715,7518616989186;909,8142225146428;1753,169717656292;850,7369624531033;
2000;1448,791281178046;565,8923439087123;702,0454557208494;1654,5852988827123;709,8538111188559;
2500;1238,1406773339543;468,4344451622628;594,7653219162487;1622,9665676459058;598,9439923683593;
3000;1121,6248026189735;415,9533705026781;500,33049726863214;1614,0802953997045;532,5220869197161;
3500;1056,549998966263;367,8682868647895;437,58465107078956;1606,4380447314334;483,153502558684;
4000;1019,3897888911755;343,2880407859837;390,09532413243966;1597,617248454903;441,58112688213146;
4500;994,5406298208724;328,26370126455754;343,2936597906002;1590,8335638397552;383,1750891124996;
5000;980,9081366906227;308,35325333263194;310,1396939306018;1580,553391241716;344,31479173061564;
6000;970,4124665396268;252,91851043171675;249,07107702468767;1570,8931812738106;271,67655258724193;
7000;967,4252502589603;216,94580917071048;206,00853731492683;1555,0811489647647;236,82152360117118;
8000;966,3705820153184;166,7814764068611;181,89135578866214;1554,8700924813604;210,13165987857428;
9000;953,9665401555886;152,6945493515918;157,31391455976888;1516,7959574648141;185,7205245799467;
10000;948,3353882359055;120,65241539983059;138,73696681374483;1503,0550389202767;154,77780547920509;
12000;925,6041539900777;95,73695967184148;79,40003287005119;1495,6811224052346;108,77345515583023;
14000;894,6825350622538;67,61503492523812;60,41657995705124;1495,5471085788934;83,13745247072441;
16000;883,1905972184758;45,05197016854278;39,52861868634941;1485,3476973619565;67,1228588065737;
18000;870,666206329726;35,53236527913438;27,636479240706088;1484,997402273936;50,98342129875147;
20000;860,2880431830376;31,589508393735834;19,7537371192122;1459,2555922887145;27,77092418102716;
25000;830,9185696949905;15,882819803236043;11,953169712721486;1437,307360686163;15,791905224376722;
30000;797,4207222434462;7,896016249959;3,9493003961084012;1429,4492628241665;11,843960980473033;
35000;783,7495695120978;3,9480717628107715;0,0001272836676131798;1418,922355632192;8,208898094958235;
40000;732,3698133710545;0,00012729187240741643;0,0001272756625742962;1397,6143148689068;0,00012793122875033683;
45000;719,72573898992;0,00012727566269556215;0,0001272756625439797;1364,1836682851829;0,00012727566266524566;
50000;693,327545778488;0,00012727566266524566;0,00012727566251366322;1363,6433456896787;0,00012727566263492918;
55000;658,6275812477627;0,00012727566266524566;0,00012727566251366322;1342,694439083029;0,00012727566263492918;
60000;648,8613328655839;0,00012727566266524566;0,00012727566251366322;1323,6915270672373;0,00012727566263492918;
65000;633,2999005952126;0,00012727566266524566;0,00012727566251366322;1299,7905129881838;0,00012727566263492918;
70000;615,4161764227443;0,00012727566266524566;0,00012727566251366322;1299,6132544645614;0,00012727566263492918;
75000;592,9923484220991;0,00012727566266524566;0,00012727566251366322;1256,3588764903463;0,00012727566263492918;
80000;565,2662748688118;0,00012727566263492918;0,00012727566251366322;1245,9100288938785;0,00012727566263492918;
85000;546,0220679073067;0,00012727566263492918;0,00012727566251366322;1202,2919021136183;0,00012727566263492918;
90000;527,4892340847603;0,00012727566263492918;0,00012727566248334674;1151,2727384861257;0,00012727566263492918;
95000;513,4023891627239;0,00012727566263492918;0,00012727566248334674;1135,5949255464059;0,00012727566263492918;
100000;490,0777073069791;0,00012727566263492918;0,00012727566248334674;1118,3199288568774;0,00012727566263492918;











============================================================================
Função: Ackley
============================================================================
parameter;AGEO2;GEOreal2_P_DS;AGEOreal2_P_DS_fixo;AGEO2real2_P_AA_p1;AGEO2real2_P_AA_p2;
meanNFE;100320;100200;100200;100130;100130;
meanFX;0,47412285323089814;5,1543986974896446E-08;2,813883265654719E-08;1,2297105562788657;1,4775832966051893E-07;
melhorFX;0,0023339769402035415;3,828642647363267E-08;2,4022710931603797E-08;0,02786743661132718;1,047350153271509E-07;
piorFX;2,318182450443878;7,57644151860859E-08;3,3373719787732625E-08;12,345493596870245;1,7163380050533306E-07;
medianFX;0,004653669624403278;4,976330103545479E-08;2,827843914587902E-08;0,09510547640452671;1,4890376931475657E-07;
sdFX;0,8078388216736796;9,21398819789794E-09;2,069128153111138E-09;3,1265728689381462;1,5429633672670853E-08;
==========================================================
===> f(x) médio para cada NFE:
NFE;AGEO2;GEOreal2_P_DS;AGEOreal2_P_DS_fixo;AGEO2real2_P_AA_p1;AGEO2real2_P_AA_p2;
5;20,980912745071898;21,023231962176787;21,014163762813606;20,9834228610543;21,01589478005027;
50;20,953953673509446;20,99967770065977;20,9928618579009;20,955975062184926;20,98176171203529;
100;20,940365385285645;20,983646993246783;20,983256587050178;20,917518604165327;20,953109555346906;
500;20,898979045081862;20,109666374813255;20,859935832934955;20,782324524708148;19,730940963776558;
1000;20,854114933589976;19,25458069806526;20,033263641035663;20,664955482158984;18,157625259866734;
1500;20,756563811439477;19,004621677493024;19,542369917202258;20,579037117907948;17,11095873759619;
2000;20,629708020379365;18,60433022719244;18,911511988682616;20,397836162690307;15,24198364853878;
2500;20,446155835499464;18,120086235652163;18,424896206141188;20,23016889848871;12,991424584069867;
3000;20,266291810079917;17,692526664065273;18,085286865748092;20,10959580095163;11,50257263665939;
3500;20,04974573213277;16,773273906586756;17,403237174389705;19,934655868134747;9,000936327312873;
4000;19,811705966965523;15,546099735070717;16,621355973033445;19,842263278333107;7,569201071196686;
4500;19,547485325194565;14,767363073690367;15,991627475654266;19,68458250394421;5,809915566809102;
5000;19,265330698755925;13,4476883553946;14,54190605915654;19,55481727889736;4,604879927589405;
6000;18,640226572798845;10,833245666383911;12,308478634495954;19,344803262859713;3,2163681007277014;
7000;17,89702891864584;8,032170486219943;9,188417420875686;19,16082411608862;2,421877434650182;
8000;17,088809389063027;6,029010309982326;6,974977003818673;19,00441545806572;2,030174669969891;
9000;16,29026601232432;4,254380325665492;5,036470788289561;18,816429758021954;1,5982989094554803;
10000;15,451995517368449;2,8847384804338834;3,3473501836090818;18,61217863945314;1,2599513607335482;
12000;13,83744340913919;1,4699532412662368;1,6067855507023314;18,173804366537432;0,6401253111273549;
14000;12,14170531412055;0,6313630427932454;0,7055244069994481;17,60105480045504;0,25098961589125207;
16000;10,806268159680174;0,15871033738836418;0,22034169387288063;16,999857884244435;0,0786326757907459;
18000;9,649872954018749;0,04073659757113255;0,049146209098071124;16,29743255170236;0,013569366142431604;
20000;8,614870316741134;0,0040245944670995;0,011566130105840955;15,536299651802636;0,0013135985349022642;
25000;6,26159618035029;7,701334624646469E-05;1,3343182906785008E-05;13,330172255764028;1,600845167478345E-06;
30000;4,651643646144911;3,3466359627235913E-07;8,232647132899729E-08;11,134156160610559;1,890437600830334E-07;
35000;3,574048434248247;1,1623812194253939E-07;3,414569995641159E-08;9,187386727658037;1,7358690129753995E-07;
40000;2,5929461995959384;1,1232451117374846E-07;3,2492205666774986E-08;7,7725513141179325;1,6742365491021853E-07;
45000;1,8990725308371321;8,549661908811383E-08;3,2078224165843495E-08;6,833992392868868;1,657218030951905E-07;
50000;1,2921230645533224;7,789772086634154E-08;3,143924089954453E-08;6,202487661024848;1,607109781550283E-07;
55000;0,9568432682373831;7,268493445640919E-08;3,120993881111645E-08;5,638462264439193;1,5913143324534456E-07;
60000;0,757504400458394;6,26195088671011E-08;3,1132191580240943E-08;5,013126293648314;1,579885421894763E-07;
65000;0,6417470257009394;6,096174528143668E-08;3,070755229354442E-08;4,387972916821308;1,5456109080010567E-07;
70000;0,5556630958890427;5,6662582892386124E-08;3,013339468319979E-08;3,809855361002545;1,5373672421029975E-07;
75000;0,5032542187736176;5,402225085049395E-08;2,946073784926284E-08;3,2990150838516836;1,5335851012802475E-07;
80000;0,4908548717330838;5,3324389289362743E-08;2,9442687813722537E-08;2,7929872532114737;1,5052063098153213E-07;
85000;0,48272201450050833;5,3324389289362743E-08;2,935640281975793E-08;2,3536085858249978;1,5010797239275082E-07;
90000;0,4784658442883759;5,2955931195697303E-08;2,9015777869290106E-08;1,9527094880175337;1,482550327835952E-07;
95000;0,47582228037138324;5,2304168226176746E-08;2,878460693504318E-08;1,5714359149066592;1,4811836509901847E-07;
100000;0,4741336366337271;5,1543986974896446E-08;2,813883265654719E-08;1,2299004600902792;1,4775832966051893E-07;











============================================================================
Função: Beale
============================================================================
parameter;AGEO2;GEOreal2_P_DS;AGEOreal2_P_DS_fixo;AGEO2real2_P_AA_p1;AGEO2real2_P_AA_p2;
meanNFE;100022;100000;100000;100020;100020;
meanFX;0,0007285694786337371;8,857764921028172E-09;2,1250451073044513E-11;0,12693270512011495;2,2079773139414001E-13;
melhorFX;1,6778542554548538E-07;9,945882026912462E-11;1,3481838011284325E-13;5,012890012869833E-09;7,0350210680302185E-15;
piorFX;0,00972466418511786;6,473421285476589E-08;1,631428247227963E-10;0,761605129540118;1,2471209513024877E-12;
medianFX;8,919404970794512E-05;5,044371349703987E-09;1,0371541451885445E-11;1,0078616662701264E-06;1,1778006158201972E-13;
sdFX;0,0021679155739124144;1,2125861521326704E-08;3,772056054062849E-11;0,28867961421693633;2,976500081352185E-13;
==========================================================
===> f(x) médio para cada NFE:
NFE;AGEO2;GEOreal2_P_DS;AGEOreal2_P_DS_fixo;AGEO2real2_P_AA_p1;AGEO2real2_P_AA_p2;
5;509,99657255534237;6492,191688662366;8305,812480379958;4506,692393332404;7400,191274269944;
50;8,01104998133256;14,765842930886153;2816,318970022718;2536,1270389460287;77,68247419772199;
100;2,4970955465125337;2,5868965550452443;103,93846813954295;972,539553861022;5,993892995992585;
500;1,0161179374064253;1,1904795220095865;1,1308239109485645;1,3555122894301281;1,2254982296752746;
1000;0,7099214004040378;1,0362904465188931;1,0725410222667244;0,6700609935288285;0,9975017936498365;
1500;0,5253332157075222;0,6453204924413188;1,0403613510234464;0,6439224741445926;0,739204068336633;
2000;0,46078136794006946;0,5568969868668227;1,0168952644730642;0,630434017806612;0,4971890947821855;
2500;0,3667294361764256;0,43747185863010596;0,9857219136370335;0,6260895463566083;0,49250490428502397;
3000;0,3666391159976122;0,41200219683866657;0,9209454610620103;0,6226268281184554;0,43438711500664245;
3500;0,30855166613929075;0,3648786409988403;0,6425621516199373;0,6203743172989049;0,37010055414940374;
4000;0,24818712679787724;0,3084055425010241;0,3507498896621332;0,6180513184323843;0,30025278926976184;
4500;0,24057877728716448;0,2778392845521221;0,301061450686434;0,3051996593598812;0,2870701143855783;
5000;0,23414705681821082;0,2056630907482066;0,2869760506405243;0,3051881330065276;0,2772360605552592;
6000;0,12344458423174472;0,07941072775186644;0,2723390451405749;0,30510079595437933;0,2478892031272573;
7000;0,10878663153661351;0,0767014946255256;0,2339634912643911;0,30492345815208705;0,19923995211382547;
8000;0,10804943967067411;0,07616729185197699;0,22531345512924164;0,3049117778553368;0,15890450570820702;
9000;0,0711965252659975;0,07616594641253197;0,21884110858082864;0,3049071706305907;0,13158012433967317;
10000;0,04906855473412838;0,07615873372991425;0,21333381298160276;0,304734872904464;0,13145878061807295;
12000;0,019461980499023413;0,07615859879462615;0,1810927776975618;0,30468261689294857;0,11525841215538367;
14000;0,0118436017243275;0,07615847047013036;0,17776141944960155;0,27929002609810366;0,10502070578316826;
16000;0,01112314847905983;0,07615847016721994;0,17770282244473193;0,2792869268905422;0,09119084117998558;
18000;0,01112314847905983;0,07615846981874515;0,15233385178653436;0,2792750634054446;0,09061348937081308;
20000;0,01035329669803197;0,07615844040435156;0,10164305542646902;0,22850897788399485;0,09060098057940093;
25000;0,009047933567296306;0,05077292240677671;0,10154446493620384;0,22849345610875899;0,06609093067337025;
30000;0,008920394224095018;3,6023986186832643E-07;0,10154445582161142;0,17771314983776448;0,05320086241465292;
35000;0,008719995614243007;3,2224855041140586E-07;0,051004419361326665;0,17771245138404054;0,03737945878125473;
40000;0,008669968225378936;1,498469566906493E-07;0,025386311859411717;0,17770877039940897;0,03642817066725752;
45000;0,008661080991617259;3,6794653972797446E-08;0,025386129281404723;0,15232196825293634;0,029753228162716635;
50000;0,0009517759828126765;3,547949970672622E-08;0,02538612848006335;0,15232196632597278;0,02810886098665687;
55000;0,0008300371689149489;3,462489045252339E-08;0,02538612845447708;0,15232156137053954;0,0028031332897232044;
60000;0,0008193303603108098;3,107165906601771E-08;5,485895479965498E-07;0,15232061291726143;0,0016376646928645574;
65000;0,0007925486308601724;3,100777431752459E-08;1,962867400978258E-08;0,12693369082992784;0,0016354493630459717;
70000;0,0007453624226189179;3,0726612585802973E-08;1,9617115344024364E-08;0,12693363516929437;0,0016354443853963188;
75000;0,000744435371077903;3,0726612585802973E-08;1,9616017525009355E-08;0,12693327737912102;9,291212602471461E-05;
80000;0,000744435371077903;3,0348417566612663E-08;1,9615921255016887E-08;0,12693313401548972;1,3689028265681406E-07;
85000;0,000744435371077903;2,8082899116846718E-08;1,957116608930764E-08;0,12693303387559457;3,4774459550147914E-11;
90000;0,0007314186074840564;2,1241296613543686E-08;1,646335538416183E-09;0,12693282371030765;8,346009514551924E-13;
95000;0,0007285694786337371;8,933724042638297E-09;2,325489846390142E-11;0,12693280751999345;2,2600370385549178E-13;
100000;0,0007285694786337371;8,857764921028172E-09;2,1250451073044513E-11;0,12693270512011495;2,2079773139414001E-13;



Execution Time: 382857 ms
