




============================================================================
O que irá executar a seguir: executar_algoritmos
============================================================================













============================================================================
Função: griewangk
============================================================================
parameter;AGEO2;AGEO2var_5;AGEO2real1_P_AA;AGEO2real2_P_AA_p3;
meanNFE;100100;100100;100001;100089;
meanFX;0,07849699862597886;0,006297447474112536;0,32342458881975056;0,014568303572807759;
melhorFX;0,001258309062922569;0,0016391341322672393;0,10799182681869335;1,577515895689885E-12;
piorFX;0,20818273360143613;0,02511852345043719;0,46968009026042623;0,08115012453039583;
medianFX;0,07091585407341683;0,005173916692458591;0,3415967336365995;0,012316072520713206;
sdFX;0,05148295173089088;0,004065505461352465;0,08607722892906526;0,0161105161946915;
==========================================================
===> f(x) médio para cada NFE:
NFE;AGEO2;AGEO2var_5;AGEO2real1_P_AA;AGEO2real2_P_AA_p3;
5;283,0332754647431;283,0332754647431;300,36018677945617;282,060481543418;
50;251,3855878016062;251,3855878016062;273,0953342871281;264,30719455833685;
100;237,15021156062264;237,15021156062264;238,39064743360493;263,48315137369696;
500;170,1660547511593;61,5914749213661;21,389359320263296;198,62559270529167;
1000;66,5668132704459;4,13219867188175;1,2179599252296547;106,9553034702076;
1500;22,2866528134284;0,5390662177353935;0,9827324856922881;47,073472387971044;
2000;8,226313277548696;0,2856393690300117;0,9115013728756135;16,10871916304983;
2500;3,9955440373918933;0,22563328537660238;0,8664574587234061;1,1338591674254566;
3000;2,1358945504395606;0,21372514674913842;0,821796094992665;0,5470377052856966;
3500;1,4727501751098688;0,20748106943823888;0,7930350861573475;0,3043423121342631;
4000;1,1142627118834227;0,17978423001157895;0,7717809754047978;0,16237715959274054;
4500;0,9256334977510556;0,17058618952320184;0,729900368427557;0,12408769209561298;
5000;0,7755422770960735;0,14900729956368783;0,6966703278731846;0,09549403453129297;
6000;0,5704525653206055;0,12774742642491516;0,6533917703498241;0,06265535616578155;
7000;0,4071972564665767;0,12250396702796557;0,640240337753361;0,049806834630092923;
8000;0,35162021422753753;0,09266800826213949;0,629206300621547;0,04408699145736029;
9000;0,32520555015688385;0,08857328211349222;0,5997371059145887;0,041129956750713556;
10000;0,3165846783647004;0,08802232916317804;0,582370916743864;0,03927200449719529;
12000;0,2985050258470798;0,08368476683480315;0,5544368691085682;0,03731235408773082;
14000;0,2751054569470535;0,06893116323631672;0,5125805696281828;0,03619070682802965;
16000;0,2612584126614065;0,05627203189959786;0,4953832906766927;0,03461925941487478;
18000;0,24905820052764527;0,050394501388485564;0,47290365530904876;0,03358376283432492;
20000;0,2373110320795694;0,045654743284649725;0,46107074790204167;0,031091528505895107;
25000;0,1914274085488393;0,038002346857276964;0,4365087846420316;0,028847932289841553;
30000;0,16326039133005235;0,026534721783736757;0,4067073596131838;0,027565552970823873;
35000;0,1488549379055849;0,024025270145470914;0,39157325421929573;0,02700623984608628;
40000;0,14229660712114112;0,02215826126285009;0,3805471876691533;0,02555007845318453;
45000;0,12752853872297432;0,021426779121400345;0,37425248064473876;0,02320321434591662;
50000;0,11626936999725423;0,01808019741765108;0,36989019559546077;0,020390074382475074;
55000;0,1098232702386563;0,014947541177450195;0,35398357748716264;0,019839331039905928;
60000;0,10134118786212083;0,011570772618440379;0,35303355867972647;0,01909258896237971;
65000;0,09895354717669937;0,01080384457669485;0,3454840408276744;0,01869903429225464;
70000;0,09788228322548305;0,009284800962317123;0,3371983365198645;0,018108876110546842;
75000;0,091678453156811;0,00857158037684149;0,3364528320150906;0,016747121198396657;
80000;0,08615133748037321;0,008388176967095515;0,335424881718833;0,016683311452222894;
85000;0,08414918104611713;0,0079058157235379;0,3335232064936357;0,01668311625087103;
90000;0,0799442871591055;0,007340068650074116;0,3317468695238418;0,016143259847075243;
95000;0,07933857828768279;0,007329406746954636;0,32865650403230917;0,015749518853676345;
100000;0,07849699862597886;0,006297447474112536;0,32342458881975056;0,014568303572854394;











============================================================================
Função: rastringin
============================================================================
parameter;AGEO2;AGEO2var_5;AGEO2real1_P_AA;AGEO2real2_P_AA_p3;
meanNFE;100160;100160;100002;100170;
meanFX;16,11643757786475;11,726777621136112;4,847461170634479;3,184652541676769E-13;
melhorFX;7,046906525828568;5,966428990105754;1,9777567313277942;1,7053025658242404E-13;
piorFX;30,10544104611144;19,13315025840808;8,03916444002919;4,405364961712621E-13;
medianFX;15,989476676190037;12,013148994553788;4,912247524344359;3,197442310920451E-13;
sdFX;4,5860633023046065;2,642469108539452;1,4242388287612768;5,647407807079984E-14;
==========================================================
===> f(x) médio para cada NFE:
NFE;AGEO2;AGEO2var_5;AGEO2real1_P_AA;AGEO2real2_P_AA_p3;
5;223,68560518562742;223,68560518562742;234,08933819641877;230,50106690153527;
50;216,25900055548303;216,25900055548303;224,160445331224;220,53521977116677;
100;213,8464754533619;213,8464754533619;218,7328055063;220,53521977116677;
500;205,9704156838539;171,65384532323034;160,31788498060382;209,38830075409263;
1000;193,6163688681038;98,18071537549667;131,33888755437323;172,6191601960555;
1500;175,96016589067816;63,24248735421625;119,36544641777272;143,19804653814262;
2000;149,96844693952377;37,17246087675575;109,6713166562391;90,4113058231519;
2500;131,37444618200337;30,069838763412903;98,63728304039921;54,68931109631163;
3000;108,6101524706001;25,48552265567172;90,0184943622269;37,8248659896142;
3500;94,93244470625669;24,687953195329513;84,41646801829164;22,844383835694867;
4000;78,7072634126127;24,00364463666714;79,94685469844968;14,398912747553613;
4500;69,03889207259526;23,853403550973685;75,15260723394873;10,89334681284508;
5000;60,40621284920017;23,815183248879766;72,83545737952527;8,21533340330379;
6000;47,91210938718164;23,74496591212311;64,03017818787967;4,878050513423275;
7000;39,076374109752614;23,51836064103115;59,57450195860886;3,0330750123258987;
8000;32,82236403108236;22,912524753644643;54,90318995693234;2,2394631694180642;
9000;27,837695710259997;21,925968675148198;47,37590400131403;1,6500012475527028;
10000;24,93712371307236;20,66323454638884;41,59562716020803;1,2927870486571909;
12000;21,737953637379224;20,24216387762099;36,29966646182968;0,49509125499732265;
14000;20,438400194774644;19,788962930246228;29,16681258087001;0,2298229094387085;
16000;19,951312063653344;19,332549610294485;24,114621954407525;0,17762634754659287;
18000;19,679502746454208;18,484093212140255;20,824643388285036;0,12726075586846547;
20000;19,6030867824735;18,123125927274064;18,756982482671866;0,050420640363130785;
25000;19,538404879629592;17,515025691652557;13,836337977995795;0,019667574057895224;
30000;19,527757696283196;16,897178616457737;10,239174532416076;4,1632688407844396E-11;
35000;19,45798880151711;16,405381101265835;8,19713422602165;4,554578936222242E-13;
40000;19,154922506181684;15,822019091075214;7,190872417121995;4,197886482870672E-13;
45000;18,671175400199992;15,274788113601385;6,382284407355285;3,872457909892546E-13;
50000;18,368511986514527;14,722176791955132;6,167259807977177;3,809930149145657E-13;
55000;18,036877363365196;13,958821841318287;6,031338106240906;3,6891378840664403E-13;
60000;17,846375796127493;13,811420707263716;5,699575884431315;3,581135388230905E-13;
65000;17,665044615594862;13,531825523709221;5,572971703959656;3,5427660804998595E-13;
70000;17,13694274820449;13,129652244820516;5,361794221650184;3,446132268436486E-13;
75000;16,990417843281453;12,798790510502101;5,318336623076331;3,4120262171200013E-13;
80000;16,934827247139403;12,439476023492045;5,300444012649618;3,370814738445915E-13;
85000;16,6269447884981;12,357695248363084;5,171382965159494;3,255706815252779E-13;
90000;16,502583638827538;12,144819201608987;5,029768633599258;3,2159164220502133E-13;
95000;16,36335903744331;11,805842983298858;4,8642198411095325;3,1946001399774105E-13;
100000;16,11733677597123;11,72678195228305;4,849047261945711;3,184652541676769E-13;











============================================================================
Função: rosenbrock
============================================================================
parameter;AGEO2;AGEO2var_5;AGEO2real1_P_AA;AGEO2real2_P_AA_p3;
meanNFE;100022;100022;100002;100008;
meanFX;3,247645850000483E-05;4,005893525000284E-05;8,276558464674586E-05;0,004056937796547118;
melhorFX;0;2,500062500001465E-07;2,2472333034317116E-06;2,105046637185927E-05;
piorFX;0,00019984160000002728;0,00015869140625002082;0,00023552275481242816;0,0335483365339929;
medianFX;2,029100624999996E-05;2,9401600000051703E-05;6,677893784001435E-05;0,0016252451780359922;
sdFX;4,444291833038883E-05;3,581438374442969E-05;6,308132325607986E-05;0,008370850654375653;
==========================================================
===> f(x) médio para cada NFE:
NFE;AGEO2;AGEO2var_5;AGEO2real1_P_AA;AGEO2real2_P_AA_p3;
5;77,23539011322985;77,23539011322985;286,09980300827027;196,32919643172346;
50;14,415115026541876;15,963498358003877;100,01274619294898;95,25927316712752;
100;2,066179032957751;1,684662344239875;27,34863631104887;36,2324517217592;
500;0,8979569387010002;0,8783828267060001;0,4027123591487207;1,1282707007022545;
1000;0,4960960786263754;0,5506118510600001;0,22862947253027033;0,8660465254724893;
1500;0,3447796787318751;0,48943038063987493;0,14709332559668223;0,45638226794251346;
2000;0,2481618382940001;0,2522915370698751;0,03507455062389795;0,4345805013490164;
2500;0,22538396877975012;0,2349012070137501;0,019763538953796577;0,2976723624776007;
3000;0,19214123102950015;0,22178508497174998;0,017556096574214086;0,28524203494186506;
3500;0,15015106275962511;0,177059690533375;0,012890411374918174;0,27167538470528796;
4000;0,12971911327900013;0,148510251401;0,011581971315250754;0,26213333764334024;
4500;0,1279922130990001;0,041810815063500054;0,004262190615434507;0,2527970738000658;
5000;0,09231232965475014;0,018179022815125057;0,0026303574081215832;0,1257965759485299;
6000;0,08769524945912513;0,012223112907125052;0,0019405884282280444;0,1129241966038;
7000;0,04729801091562505;0,008778199217125048;0,001656873427074394;0,10335722212410302;
8000;0,04203544742562506;0,0074753566131250445;0,0015087933485647298;0,09490627505884135;
9000;0,010681652937125021;0,0071560137868750305;0,0014121150325187405;0,08743617454380528;
10000;0,009385726512750017;0,006535154346750037;0,001127387149646015;0,0809647332328804;
12000;0,004679026387125006;0,0023628934249999927;0,000899762000001283;0,07106366742427926;
14000;0,0043451558367500025;0,002114562638999994;0,0007671742351676243;0,06366376631052777;
16000;0,004056274408750002;0,0012636392088750123;0,000658141539680809;0,057348891568063935;
18000;0,003268331826875004;0,0007779680027500116;0,0005816645960588792;0,05227868825724625;
20000;0,001892551539249986;0,0007611161390000129;0,00046572525987709316;0,04771522617909575;
25000;0,0008281496592499868;0,0006693043632500031;0,000360822385219888;0,039082998366527476;
30000;0,0002404506066250069;0,0003192255988750062;0,0003091934365304134;0,032622225607573635;
35000;0,00016294686475000825;0,0002925548031250066;0,00026007720424727913;0,027519347815183056;
40000;0,0001198252267500085;0,00018204004712500085;0,0002314702984134072;0,023364565962037075;
45000;0,00010430154062500851;0,00015284067550000436;0,00018312725109127694;0,019908618355003408;
50000;9,171937675000861E-05;8,514288325000295E-05;0,00017575218993984878;0,017103756275775376;
55000;8,839186287500725E-05;7,72086932500018E-05;0,00015835647707423053;0,014779879144462502;
60000;6,389847475000766E-05;7,523186125000152E-05;0,00013413252366370015;0,012645358052975562;
65000;5,7952256500007313E-05;6,0169679375004366E-05;0,00012333962972266234;0,01089209415590351;
70000;5,199115662500589E-05;5,756138112500451E-05;0,00012167058342702135;0,009414615276864649;
75000;5,034008850000481E-05;5,3931941125004306E-05;0,00010987362463680803;0,008178331964982109;
80000;4,5124916750003876E-05;5,2748135000005156E-05;0,0001055631022159528;0,00710980629411792;
85000;4,4169476625004E-05;5,1426127000005034E-05;0,00010381128148339813;0,006155489984949014;
90000;3,727332675000434E-05;4,9003923000003344E-05;0,00010000861566117304;0,005382240031029603;
95000;3,630513050000461E-05;4,5804922875003926E-05;9,498774503603672E-05;0,004663459389934938;
100000;3,247645850000483E-05;4,005893525000284E-05;8,276558464674586E-05;0,00405795249994904;











============================================================================
Função: schwefel
============================================================================
parameter;AGEO2;AGEO2var_5;AGEO2real1_P_AA;AGEO2real2_P_AA_p3;
meanNFE;100000;100000;100001;100089;
meanFX;457,5120907257467;286,2754805463826;769,0519605639103;23,69061704491207;
melhorFX;27,434134279549653;34,44648679788588;357,38810628827196;0,00012727566354442388;
piorFX;862,8983318125684;524,2422500485882;1237,3420746682186;118,43846189010583;
medianFX;401,9289358086453;284,15385283449496;752,4839957059962;0,00012727566718240269;
sdFX;215,22627436671772;115,61386324222408;235,3823961612512;47,85489210746981;
==========================================================
===> f(x) médio para cada NFE:
NFE;AGEO2;AGEO2var_5;AGEO2real1_P_AA;AGEO2real2_P_AA_p3;
5;3996,8372948050733;3996,8372948050733;3932,9473578606785;3998,002488826398;
50;3804,616049966846;3804,616049966846;3519,2627063996256;3760,703369203319;
100;3674,3064026367674;3674,3064026367674;3081,6274824744432;3746,9235852093393;
500;3222,0438740556815;2242,1150220577615;1987,7384300103213;3055,8966061365018;
1000;2415,3265323252267;1170,4591603404351;1893,0797795384776;2117,8280778683957;
1500;1837,7526817585485;934,1712084257855;1828,3876178639953;1321,1709504732505;
2000;1463,4563941693073;914,2670956784419;1786,3665965153546;860,5753916675218;
2500;1219,9718686284766;911,4289498430397;1726,6917551544059;685,4748410144625;
3000;1071,438402067079;902,9510166132808;1677,887178908773;584,876818794426;
3500;977,0377013804766;890,834023757514;1651,7537544736012;490,0294136684151;
4000;938,9070468932014;863,5573493657702;1620,6412751123678;428,7420253564055;
4500;913,1414627787635;833,1230583212077;1603,8132759588507;386,952660381608;
5000;898,9324288396949;790,4892405374762;1558,3418983103836;357,44205439788936;
6000;888,3894963223248;754,7520146381789;1481,8184351514992;315,72452122167294;
7000;885,5684292953916;737,7063413408599;1451,0161900258818;298,6533373875522;
8000;884,5908396760532;725,3619267831272;1425,0980224705997;291,1279972311129;
9000;880,1195284436991;709,3276781892126;1402,532574212056;281,58305094389306;
10000;873,8012686077215;695,7523682082391;1383,75916835109;274,1446494648101;
12000;854,6539649084137;675,8724232058738;1356,8330182924933;238,57365559481744;
14000;838,4287622502284;626,6805701578055;1289,562372730292;213,50800499130534;
16000;824,673514623604;598,4205557184082;1259,7450458936096;189,82315034198334;
18000;793,7316379782799;581,4764211313001;1213,6005665485638;177,2728247861452;
20000;779,2472623392001;557,4598239402837;1170,4438744830882;156,93176034302948;
25000;736,1316703536125;514,0891768804555;1071,0509397346934;120,83854377643283;
30000;709,2085270540606;480,29519852834454;1016,6165535443823;104,2435577094529;
35000;667,3259101382354;449,06043068074325;988,7265109093543;84,11094923082315;
40000;632,6787332342595;413,3623280256186;968,568789342581;69,89238353484996;
45000;620,6147899297954;386,0932840126061;946,9852253017049;59,236646768581856;
50000;585,2805235816661;382,14128846690386;925,0246522636978;54,48176120114574;
55000;557,830228947601;367,5832331846015;901,6844936260146;47,37549462966052;
60000;542,8041614875277;360,46627122509386;883,7373335229831;42,64350886939097;
65000;528,4338908207892;346,8353883863962;864,3453154902594;40,26916104533355;
70000;521,7245994096024;329,4027347065261;848,3604071754849;40,269161044895;
75000;509,8381886971901;320,01327313966516;838,9773259932066;37,90039435260636;
80000;495,32809602151764;311,33842096913804;821,5922488236445;37,90039435260624;
85000;478,1282889503779;306,6033825699061;806,6205259312876;33,162861152681735;
90000;470,8271440533382;302,0802588390289;785,6879376687043;33,1628609680285;
95000;463,4033312653527;289,12249518848074;774,4840870882285;30,794094275739926;
100000;457,5120907257467;286,27569525185623;769,0519605639103;23,691129487807373;











============================================================================
Função: ackley
============================================================================
parameter;AGEO2;AGEO2var_5;AGEO2real1_P_AA;AGEO2real2_P_AA_p3;
meanNFE;100320;100320;100006;100161;
meanFX;0,7415758529564943;0,6350702945990873;0,22301548013652542;4,5663509794735547E-07;
melhorFX;0,0022338849933554172;0,0035143568051942964;0,06309153900261677;3,2994453391665957E-07;
piorFX;2,2214905789290107;1,8997890791796088;0,6570214755284169;5,751060285774656E-07;
medianFX;0,006099233315062236;0,0573319957063525;0,2013817790135235;4,6859945257438085E-07;
sdFX;0,8602942187244077;0,714200351838767;0,12003850996674788;4,963193564378296E-08;
==========================================================
===> f(x) médio para cada NFE:
NFE;AGEO2;AGEO2var_5;AGEO2real1_P_AA;AGEO2real2_P_AA_p3;
5;20,98998139006305;20,98998139006305;20,972280572845502;21,00787450769541;
50;20,94770217823704;20,94770217823704;20,91032326789056;20,947675638857472;
100;20,93284167522791;20,93284167522791;20,852118606056873;20,945229951714513;
500;20,887502719557787;20,63451625785334;20,081629779999606;20,901107714065056;
1000;20,83139589851833;19,73856758831662;19,40403991788902;20,73420949186074;
1500;20,746169033231027;18,332997980812774;19,088461769378252;20,41909590996687;
2000;20,611886302684514;16,000410328001358;18,56680090469284;20,027665035782842;
2500;20,43804429952909;13,043941795225166;17,923372592337785;19,677469574149413;
3000;20,230902920643715;9,942237003269094;17,19309198785886;18,746941052828653;
3500;20,013724264691945;6,660160745287417;16,53155957305713;17,444699758872513;
4000;19,753825850518112;4,500543011195891;15,776089695837465;15,989110266126534;
4500;19,46336322944846;2,7637814767243096;15,077850852285922;14,128958916513536;
5000;19,17265025466533;2,2583727598409435;14,428667302636974;13,133071686632418;
6000;18,480535095016776;1,7738111555185474;13,092745202762506;9,33229114952865;
7000;17,7136392866888;1,6737262429279687;11,789512043101857;6,664212598673191;
8000;16,889967465470953;1,6445236106967362;10,625316977046833;4,717081075389466;
9000;15,981286164199558;1,6442380881727456;9,740235393402118;3,0903569577778165;
10000;15,17513495472068;1,6442038848008207;8,800292419841309;2,309812055912301;
12000;13,622156949731586;1,6391663119439799;7,128315085652112;1,003439898838806;
14000;12,055180930362253;1,6086956486767525;5,526767721945359;0,3358090290093855;
16000;10,77820558861571;1,5397786992381137;4,118394026952982;0,10278085988515201;
18000;9,583310525718145;1,5042329837808206;3,5842627490836922;0,013521488306122365;
20000;8,527470969346792;1,4861129895760692;3,190024620555939;0,00039392692282469;
25000;6,2401783541624125;1,4707786543316805;2,0476448119838158;1,4936991962599678E-06;
30000;4,653151517720138;1,3744780704780353;0,8251886309022817;5,992130301990528E-07;
35000;3,575493295010034;1,263744463979131;0,5926243787815565;5,667996076397231E-07;
40000;2,6729835329711786;1,1726667191636688;0,49014809660600783;5,323516797517413E-07;
45000;1,9806927589438295;1,0771470130471983;0,4247774722467025;5,19671595995419E-07;
50000;1,453361977447141;1,0137281994651426;0,37916113649304256;5,065537765602813E-07;
55000;1,1184471433553294;0,9916289245724242;0,3470761766783794;5,013935770392663E-07;
60000;0,9456097879286037;0,940516309497258;0,29740149101253244;4,979299190210896E-07;
65000;0,8218923180453405;0,9174871127790314;0,2745224396650434;4,900251998662952E-07;
70000;0,7861043126133492;0,890821728580631;0,2665322179204952;4,844945021886815E-07;
75000;0,7660432562820374;0,8350409805480331;0,26258087586307705;4,833555498606756E-07;
80000;0,755559039505897;0,7844272049982033;0,2551144104276718;4,7287343974744544E-07;
85000;0,7497273725910181;0,7404693732681167;0,24862771403954156;4,6963299602964527E-07;
90000;0,7462259371598583;0,7125882158709962;0,23237447770509845;4,651836116664754E-07;
95000;0,7442288914529805;0,7015246229572517;0,22530745119635795;4,636849746475491E-07;
100000;0,741593952180879;0,6373676307120115;0,22301548013652542;4,5762445267882866E-07;











============================================================================
Função: beale
============================================================================
parameter;AGEO2;AGEO2var_5;AGEO2real1_P_AA;AGEO2real2_P_AA_p3;
meanNFE;100022;100022;100002;100008;
meanFX;0,031170508591116475;0,0001763445578124358;2,7551943235967896E-05;4,1847881246955243E-10;
melhorFX;1,6778542554548538E-07;1,6778542554548538E-07;2,328304646437714E-07;5,514634248932137E-13;
piorFX;0,762074142100295;0,001276889977691471;0,0001889167707207075;7,307663665154458E-09;
medianFX;8,919404970794512E-05;6,61586283947904E-05;1,6667850819450712E-05;1,0881245567956705E-10;
sdFX;0,14086436601598382;0,00028475012602464554;3,247210688806369E-05;1,1470283656023957E-09;
==========================================================
===> f(x) médio para cada NFE:
NFE;AGEO2;AGEO2var_5;AGEO2real1_P_AA;AGEO2real2_P_AA_p3;
5;305,05785542420455;305,05785542420455;3416,424888018313;856,2797918339255;
50;8,109503110675984;5,908174320555491;148,55090604826873;299,94751337560183;
100;3,3161682324624424;2,8953144380749016;2,5739099503623866;13,465941032352863;
500;1,0053549833474777;1,3107900426288084;0,1948296039137589;1,668427390844455;
1000;0,6397246977996162;0,9552913012303863;0,13268780758830714;0,9243574807306105;
1500;0,49844445902868195;0,682054289836139;0,066649874265534;0,8254770916485121;
2000;0,39794216590244164;0,40902749409628286;0,06528826798583066;0,7918532834822309;
2500;0,31730232308466383;0,3105261924761676;0,009409845738720637;0,7322390420229253;
3000;0,2703674583217315;0,2456777879577697;0,0016695531535483338;0,5431533662718256;
3500;0,25222254452343357;0,2124679865599266;0,0008757688195664759;0,5183604085388573;
4000;0,25125090518036525;0,20247702929220016;0,0006385465053044449;0,4914970700703225;
4500;0,22646146645139573;0,19030070257874118;0,0006134205346601915;0,4703915228395339;
5000;0,21726519866844549;0,17884389173152737;0,0004671064982553391;0,4510356012558451;
6000;0,19194777561139195;0,13403373077697953;0,0003921823549120202;0,41280420732304907;
7000;0,167999586016298;0,09217802708486918;0,00037230773290865396;0,37782787081809155;
8000;0,15521387030093156;0,08726543641785617;0,00035337802562487213;0,35030376330643614;
9000;0,1418739194520029;0,05708129213662809;0,00034159042374430707;0,3279149260301139;
10000;0,11166582369397281;0,043080076994559534;0,00029167506775871024;0,3098337752178588;
12000;0,08919010547734381;0,033758681665162875;0,00023667470226047948;0,2794498533977849;
14000;0,06763870436321305;0,023234143598410157;0,00021408195411086274;0,24206872321421366;
16000;0,050317434667998845;0,022469874867173504;0,0001763338299321446;0,21369570434309432;
18000;0,050011488120032664;0,007258895349165403;0,00012865972393446792;0,2035610727084549;
20000;0,050011488120032664;0,0036198513329432557;0,00012063588597148503;0,18037239596256338;
25000;0,03739603977101027;0,003086357534444734;9,373704777672804E-05;0,11285970479131054;
30000;0,03263114946145728;0,0023416783507127312;8,220122526261468E-05;0,11268779557095249;
35000;0,03210114530258351;0,00216176615488233;7,34278460010381E-05;0,07757820596197096;
40000;0,03154111010489076;0,0013852872918879103;5,426874905067249E-05;0,07619968361674298;
45000;0,03143790100274423;0,0010207474915284577;4,650641981034382E-05;0,032987487046293375;
50000;0,03140951622897785;0,0009188889840566206;4,482005536983922E-05;0,0158311107542014;
55000;0,03140486485245707;0,0009157156104379522;4,135039171516897E-05;0,015231688298820278;
60000;0,031218772313509745;0,0005892299719517637;3,74382715366413E-05;0,015231666389437872;
65000;0,0312088099266769;0,0005540013083727801;3,638999519820724E-05;0,015231666383188817;
70000;0,031199554059842004;0,00024745083037822226;3,4875463912512925E-05;0,015231666360725586;
75000;0,03119422896922118;0,00024379298972743927;3,4364957598966734E-05;0,008100453145846712;
80000;0,031183528208974663;0,00024379298972743927;3,4364957598966734E-05;4,923735104348849E-07;
85000;0,031183528208974663;0,00022510627263082038;3,377036863712884E-05;4,83211355019522E-10;
90000;0,031180869330404527;0,0001994156521694139;3,1937174755070206E-05;4,379228119027242E-10;
95000;0,03117221806842667;0,00017814456196897817;2,854815300536925E-05;4,3790513418754427E-10;
100000;0,031170508591116475;0,0001763445578124358;2,7551943235967896E-05;4,1847881246955243E-10;



Execution Time: 674 s
