




============================================================================
============================================================================
O que irá executar a seguir: executar_algoritmos
============================================================================
============================================================================













============================================================================
Função: Griewangk
============================================================================
parameter;AGEO1var_3;AGEO1var_5;AGEO1var_7;AGEO1var_9;AGEO1var_11;AGEO2var_3;AGEO2var_5;AGEO2var_7;AGEO2var_9;AGEO2var_11;
meanNFE;100100;100100;100100;100100;100100;100100;100100;100100;100100;100100;
meanFX;2,6918346261991597;1,6382432565268965;1,9674880725226132;2,0987581018775203;2,027910741952825;0,022992941070043692;0,005631338279867748;0,013084415398776295;0,018863017159099785;0,013739706714155479;
FXatual;2,6918346261991597;1,6382432565268965;1,9674880725226132;2,0987581018775203;2,027910741952825;0,022992941070043692;0,005631338279867748;0,013084415398776295;0,018863017159099785;0,013739706714155479;
medianFX;1,1700618109876775;0,9730885954158395;1,0273906895598333;1,04041050775975;0,8849654464388108;0,014940259432291603;0,004842960201647539;0,007163575718646342;0,006841104896752936;0,0062443422197835385;
sdFX;2,736796595259869;2,1572541202266557;2,2709475952226015;2,54309657608988;2,1314069019118707;0,019251088753058223;0,002831577168046977;0,01991521560105373;0,026050322731334494;0,014928432735362923;
==========================================================
===> f(x) médio para cada NFE:
NFE;AGEO1var_3;AGEO1var_5;AGEO1var_7;AGEO1var_9;AGEO1var_11;AGEO2var_3;AGEO2var_5;AGEO2var_7;AGEO2var_9;AGEO2var_11;
5;287,4481620629374;287,4481620629374;287,4481620629374;287,4481620629374;287,4481620629374;287,4481620629374;287,4481620629374;287,4481620629374;287,4481620629374;287,4481620629374;
50;254,70227938500048;254,70227938500048;254,70227938500048;254,70227938500048;254,70227938500048;254,70227938500048;254,70227938500048;254,70227938500048;254,70227938500048;254,70227938500048;
100;239,78866109572698;239,78866109572698;239,78866109572698;239,78866109572698;239,78866109572698;239,78866109572698;239,78866109572698;239,78866109572698;239,78866109572698;239,78866109572698;
500;64,51228141197451;59,21063312017258;48,35347017119378;52,35199499360238;62,979269807700156;67,40082731929942;47,321804062935236;48,745256009829944;55,97025376030931;59,45998571896057;
1000;22,037779115806874;9,003253891602618;11,943464025762216;8,741397589114845;14,618694822722194;2,549901772936017;2,9347018535933573;1,0643743084827517;2,7334316795178846;5,150313285372296;
1500;16,019625495024506;5,917843339316963;7,796001965677503;6,477588358291654;10,771333677518438;0,8540522404590654;0,5364855953944122;0,501775006445368;0,8008838560295458;0,8527376372821842;
2000;13,640675918225947;3,786648694879077;6,312961674373729;5,918178675673795;8,056049007253815;0,622212453127579;0,289112601039336;0,37293552249288925;0,312890230339467;0,3241325873736494;
2500;10,50737997347198;3,475692115959204;6,2056031065307184;5,043907457087729;6,109728919934;0,4778592722886202;0,2641510510709038;0,3507873418829979;0,2651207439695434;0,24399257280436784;
3000;10,072387315624317;2,6815510268671883;6,179458675114731;3,7892231805668435;5,11265036119208;0,3985830888065203;0,2525174405338794;0,3044006010710525;0,25981841880827145;0,21467688146933853;
3500;9,861562783694136;2,6815510268671883;5,529558681931589;3,7892231805668435;5,103871086619234;0,3371886884765702;0,24558003060454445;0,30404384986756633;0,2583098942981373;0,1971294734307712;
4000;9,390641274287336;2,6815510268671883;5,529558681931589;3,7892231805668435;5,103871086619234;0,28643174540282423;0,20672423669550896;0,30404384986756633;0,2583098942981373;0,19653509676990927;
4500;9,390641274287336;2,510213227353087;5,42418457195197;3,7892231805668435;5,103871086619234;0,26295590186331097;0,18194614717714955;0,30404384986756633;0,25481778006304007;0,19653509676990927;
5000;9,157330521092897;2,4823933328908665;5,018679293715842;3,7892231805668435;5,103871086619234;0,24591285040055802;0,16763949943296483;0,284857853135233;0,25235010121126533;0,19653509676990927;
6000;7,264556473333237;2,4823933328908665;4,944895866393678;3,776937499284249;4,617474823059444;0,23204944098915675;0,1300359372720343;0,25181560955219023;0,25235010121126533;0,19653509676990927;
7000;7,066510157303516;2,1563122133532633;4,779387278665677;3,7449506384046427;4,568614000625516;0,1806918243181045;0,11415993065809951;0,20729401492731653;0,23774214770284488;0,19653509676990927;
8000;6,394877433953123;2,1563122133532633;4,227428538127469;3,7449506384046427;4,33807638101669;0,17106101486819297;0,101748219393845;0,14276286565397295;0,21285829164558365;0,19634336224956453;
9000;6,394877433953123;2,1563122133532633;3,9436319483785485;3,4701057023403767;3,572248693658232;0,16302031494710345;0,07451332946205877;0,1289544392133365;0,17845747941973278;0,19634336224956453;
10000;6,394877433953123;2,1563122133532633;3,7066809809066115;3,4526956349680713;3,3519950723152596;0,15376044611547648;0,07175973032617938;0,12161946845028777;0,1526906112939103;0,1908861762488669;
12000;5,955516524411108;2,110523148305863;3,7066809809066115;3,041760975326959;3,191192643731007;0,12860668483040638;0,06565392766696285;0,11589117662387109;0,15258921400479483;0,15911829876746825;
14000;5,415152033228332;2,110523148305863;3,6765449976246014;3,0044679502748393;3,134097494125285;0,11994280605773965;0,061609802431655085;0,0855536346898771;0,14847967029885326;0,14399731421758713;
16000;4,841457575173431;2,1002875417065483;3,656340771904629;3,0044679502748393;2,8439795616946992;0,09486022973709936;0,05342040350784075;0,08032982236526516;0,14303088411704917;0,14289687441129725;
18000;4,34863851593841;2,1002875417065483;3,656340771904629;3,0044679502748393;2,829780654529995;0,0946957942858678;0,04786981274284159;0,07242211573558051;0,11231312880570848;0,13466326596869382;
20000;3,9778836075993342;2,0661543689370485;3,3182992836726637;3,0044679502748393;2,829780654529995;0,08355199014884872;0,04542670185921636;0,0605213731634248;0,10736020506196294;0,12556702524261049;
25000;3,8185789489469366;2,0661543689370485;3,3182992836726637;2,840413129518064;2,6143172023570798;0,07058336799418696;0,036536336149632476;0,05310583355134346;0,08670623640860427;0,08770492965824227;
30000;3,60746882567809;2,0661543689370485;3,091201947279326;2,840413129518064;2,6143172023570798;0,05981307461692405;0,03361568071193413;0,041539159318573805;0,07117026725675446;0,07638413392454761;
35000;3,40095837894326;2,0661543689370485;2,8932916981847674;2,3215618322166596;2,6143172023570798;0,05056313353630014;0,02841113126584142;0,032759974640626334;0,0642245413013168;0,06463141112914526;
40000;3,3067831833720502;1,9306393456345627;2,8707773841466255;2,260465735310631;2,6143172023570798;0,04045936876368429;0,02309512654798127;0,025832549240750458;0,05465682324683418;0,05554970529226315;
45000;3,159821575851812;1,736845658139943;2,8707773841466255;2,1607853671140744;2,5138353030919123;0,03576189443556969;0,020054668059881507;0,025122715749966707;0,04798270259334269;0,04942600056647623;
50000;3,060119651550151;1,6443904026323957;2,7429789970613347;2,1545585077218323;2,5138353030919123;0,03555522267663857;0,016353597831834134;0,023528134165364287;0,04273721871853772;0,047344078723789644;
55000;2,945331915242619;1,6443904026323957;2,6115638443983737;2,1545585077218323;2,4560308783452856;0,03323686580650389;0,015218073725251835;0,023435077178804505;0,03753249219290654;0,045712435891295214;
60000;2,837967155701738;1,6443904026323957;2,2914237026562057;2,1419452278839226;2,2142335451409765;0,02919937259955925;0,009115049780607771;0,021465576898455633;0,03020627483645327;0,03191610896354822;
65000;2,837967155701738;1,6382432565268965;2,2396638795559536;2,1419452278839226;2,1810303709992813;0,029198119635558902;0,008429989822475321;0,021465576898455633;0,029015396021520125;0,0312206449371772;
70000;2,771788061541367;1,6382432565268965;2,1607861114495974;2,0987581018775203;2,178858123640479;0,029198119635558902;0,00841005008884913;0,021230860868256037;0,027812171231377435;0,02921316067161043;
75000;2,749032984279022;1,6382432565268965;2,0832663374518297;2,0987581018775203;2,027910741952825;0,027444929698900455;0,008313296837377755;0,020721082724203643;0,02777879376054774;0,02921316067161043;
80000;2,749032984279022;1,6382432565268965;2,0832663374518297;2,0987581018775203;2,027910741952825;0,027444929698900455;0,008026791162128922;0,019488847481346702;0,02655071228270833;0,017502709212587047;
85000;2,749032984279022;1,6382432565268965;2,0832663374518297;2,0987581018775203;2,027910741952825;0,027190604821337016;0,006339132452187239;0,017683017473605473;0,02655071228270833;0,01484574593818652;
90000;2,6918346261991597;1,6382432565268965;2,0832663374518297;2,0987581018775203;2,027910741952825;0,026307596666331666;0,005651171745445497;0,01666857046585583;0,025826530586999637;0,014598084332814232;
95000;2,6918346261991597;1,6382432565268965;1,9957328159111445;2,0987581018775203;2,027910741952825;0,02331189822040596;0,005651171745445497;0,01510939501740128;0,019881983270206512;0,013787369648765369;
100000;2,6918346261991597;1,6382432565268965;1,9674880725226132;2,0987581018775203;2,027910741952825;0,022992941070043692;0,005631338279867748;0,013084415398776295;0,018863017159099785;0,013739706714155479;











============================================================================
Função: Rastringin
============================================================================
parameter;AGEO1var_3;AGEO1var_5;AGEO1var_7;AGEO1var_9;AGEO1var_11;AGEO2var_3;AGEO2var_5;AGEO2var_7;AGEO2var_9;AGEO2var_11;
meanNFE;100160;100160;100160;100160;100160;100160;100160;100160;100160;100160;
meanFX;24,667386900560277;29,415165715486808;27,101484322929473;29,427179998553154;29,39773365935688;9,296788304615776;12,68806475951333;13,506487187074871;14,704264292587068;15,690701855607355;
FXatual;24,667386900560277;29,415165715486808;27,101484322929473;29,427179998553154;29,39773365935688;9,296788304615776;12,68806475951333;13,506487187074871;14,704264292587068;15,690701855607355;
medianFX;24,16951632787984;26,923599655707847;27,88100335431964;28,1115544606815;25,850319156791556;9,061777000648995;11,96703962425569;13,901424097676077;15,007659242660694;15,132069730220238;
sdFX;9,259017347707518;13,11776574730623;10,865795404401945;11,080735266252315;11,24482317422337;1,7197783703787415;2,640897544717663;3,401201724267183;4,4288979839683025;3,5770286495269374;
==========================================================
===> f(x) médio para cada NFE:
NFE;AGEO1var_3;AGEO1var_5;AGEO1var_7;AGEO1var_9;AGEO1var_11;AGEO2var_3;AGEO2var_5;AGEO2var_7;AGEO2var_9;AGEO2var_11;
5;225,86736152771996;225,86736152771996;225,86736152771996;225,86736152771996;225,86736152771996;225,86736152771996;225,86736152771996;225,86736152771996;225,86736152771996;225,86736152771996;
50;217,48684744207938;217,48684744207938;217,48684744207938;217,48684744207938;217,48684744207938;217,48684744207938;217,48684744207938;217,48684744207938;217,48684744207938;217,48684744207938;
100;213,56737630707312;213,56737630707312;213,56737630707312;213,56737630707312;213,56737630707312;213,56737630707312;213,56737630707312;213,56737630707312;213,56737630707312;213,56737630707312;
500;165,30809447586378;152,83651507582246;162,1162794744957;149,92026606099938;154,28899502038306;181,26158153108827;174,33881834782773;170,48380085228416;174,70701606452062;173,93385685127612;
1000;77,06591576207852;84,86054881869917;89,86077936134565;93,75241850511807;81,90280766880251;85,09246380356578;83,92662387115487;93,92924706801448;96,05734774719004;93,08671847320325;
1500;49,35771340462643;58,2526306522014;60,308987675621474;73,98501538082797;60,36655095031087;54,12058877569269;50,81187118072353;63,76495643681672;57,92625485792481;55,76340819185041;
2000;29,613181271874428;39,89654208546809;38,47678418793906;50,31442399068124;44,38830995860214;29,102910123331572;32,19710002168261;33,34791909426205;32,544661026547;34,68975141058447;
2500;26,132542342345456;37,186867338261635;32,67905221767009;43,87879683700333;41,54677438294943;24,478537602372505;27,147009515095963;27,190737240275634;27,947084880295698;29,410277378589562;
3000;24,857547092261125;35,25888302672741;30,81849051543406;40,478380094821524;39,82855288926883;23,36855110157013;25,30020815552279;25,512937027869278;25,471853969684027;26,676962255473015;
3500;24,751665664389517;35,18949093255189;29,165897009481657;39,231565480858336;39,14282513875689;23,340210541750483;25,08948066309697;25,30326534715962;25,168226259465367;26,006804087061884;
4000;24,74554250802099;34,95358561854264;28,49850117857899;38,72372151876104;38,569758490597856;23,338775382249104;25,025178629143763;25,17552187760778;25,071846006712406;25,94960767288004;
4500;24,74554250802099;34,95294695707125;28,496482761678617;38,08344971128616;38,346231880738706;23,316616758682507;25,024223598644014;25,172096223920946;25,066248868590684;25,94330044123793;
5000;24,74554250802099;34,95285795195058;28,496422223986656;37,60033317744491;38,31790986448835;22,776960575718213;25,02382308474169;25,1714688538058;25,06608830223046;25,94290099358022;
6000;24,74554250802099;34,95285795195058;28,496422223986656;35,91470817789265;36,499895024145005;20,555242144422607;25,0236920894432;25,168890033642032;24,96770011424634;25,94285594299099;
7000;24,74554250802099;34,95285795195058;28,496422223986656;34,55723448685064;36,499785680619325;19,399176894784507;24,895610621357765;25,168787492365357;24,967651232422455;25,94285490722193;
8000;24,74554250802099;34,524496242230384;28,496422223986656;33,160771050338106;36,103760165230476;19,270503995246372;24,57026267359695;25,16878463075931;24,96759325438318;25,942854134698994;
9000;24,74554250802099;33,84847018365593;28,05663258769058;33,160771050338106;35,598655954692525;19,16041833799567;23,315745044407088;25,168783907034562;24,967591755575366;25,942852511923274;
10000;24,74554250802099;32,39444626490909;27,999425582217402;33,160771050338106;35,09139661125752;18,29175105997332;22,188419729599012;25,168783907034562;24,967591755575366;25,942852511923274;
12000;24,74554250802099;31,894419970415463;27,101484322929473;32,9779259025709;34,45981629540573;16,924789084773717;20,910912597827373;24,598807504218595;24,967591755575366;25,942852511923274;
14000;24,74554250802099;31,84758767389238;27,101484322929473;32,9779259025709;34,385905994854156;15,796260443891624;20,803133733895848;22,904373038941106;24,278245889441713;25,942852511923274;
16000;24,74554250802099;31,84758767389238;27,101484322929473;32,388664390677505;34,385905994854156;15,288703216186953;20,135015228089113;21,19161901813762;24,194642276015763;25,551185217653146;
18000;24,667386900560277;31,84758767389238;27,101484322929473;31,902394005336134;32,437982475606994;15,280847997073154;18,948771407249577;21,011605451094287;22,574373564655197;25,55091044366129;
20000;24,667386900560277;31,575455392026203;27,101484322929473;31,827058723241258;31,916014385513513;14,321148674584826;18,443126135803983;21,010890161149266;21,669616209732126;25,256837318143578;
25000;24,667386900560277;31,575455392026203;27,101484322929473;31,827058723241258;31,916014385513513;12,935968044569984;16,954270582625135;20,566973241603232;20,115753527917434;22,315269131366673;
30000;24,667386900560277;30,758177346386105;27,101484322929473;31,450583536919417;31,916014385513513;12,759029535158136;16,521855825188403;19,134167603314243;20,08269939337655;21,781723130313456;
35000;24,667386900560277;30,758177346386105;27,101484322929473;31,13739833138579;31,728311844807827;12,328915126415428;15,69339161618624;18,811122726232227;19,094125384121632;21,78167221525494;
40000;24,667386900560277;30,737048122818965;27,101484322929473;30,61500006191958;31,728311844807827;11,891604638293627;15,237673156509588;18,312117632228617;18,039101000570884;21,2837969801076;
45000;24,667386900560277;30,737048122818965;27,101484322929473;30,284657630140014;31,551130961613424;11,396691638196872;14,988485861346808;17,545047730527894;18,013164041527382;19,964364981021102;
50000;24,667386900560277;30,737048122818965;27,101484322929473;30,13931306742719;31,551130961613424;11,182488793257626;14,096805287488674;16,998189102001852;17,997653239200076;19,148560549142495;
55000;24,667386900560277;30,737048122818965;27,101484322929473;30,13931306742719;31,551130961613424;10,891115652946208;13,85231136064751;16,067981277262337;17,68864066530436;18,258709129470066;
60000;24,667386900560277;30,731234421902492;27,101484322929473;30,13931306742719;30,889730462868567;10,62525770414591;13,852288753731878;15,731967051846869;17,37861965490329;18,246698497126726;
65000;24,667386900560277;30,731234421902492;27,101484322929473;30,13931306742719;30,748305897197366;10,085365974718918;13,518816303415312;15,630891419899536;17,248380662970387;17,8983307270026;
70000;24,667386900560277;30,731234421902492;27,101484322929473;30,13931306742719;30,432677900207686;9,739446256712032;13,518753194785631;15,445855748706977;16,686787824443318;16,696632054512868;
75000;24,667386900560277;29,549858931160436;27,101484322929473;30,13931306742719;30,432677900207686;9,739446256712032;13,518753194785631;15,16778250537815;15,683110657182281;16,413770080477754;
80000;24,667386900560277;29,47536000845545;27,101484322929473;29,693125770452053;30,432677900207686;9,600032853443565;13,447485622670738;14,9357581050267;15,682869296654356;16,15071485127502;
85000;24,667386900560277;29,47536000845545;27,101484322929473;29,693125770452053;29,71934670185342;9,59397576924797;13,003534879149349;14,350199108417662;15,612706533548753;15,989633434580139;
90000;24,667386900560277;29,415165715486808;27,101484322929473;29,693125770452053;29,484675479658293;9,55738775542365;12,891710257631251;13,769662188463489;14,968628054130386;15,752325346188412;
95000;24,667386900560277;29,415165715486808;27,101484322929473;29,693125770452053;29,39773365935688;9,425383151152326;12,688085224630166;13,768616877962703;14,736544856021654;15,690702433851383;
100000;24,667386900560277;29,415165715486808;27,101484322929473;29,427179998553154;29,39773365935688;9,301214280503109;12,68806475951333;13,506487187074871;14,704264292587068;15,690701855607355;











============================================================================
Função: Rosenbrock
============================================================================
parameter;AGEO1var_3;AGEO1var_5;AGEO1var_7;AGEO1var_9;AGEO1var_11;AGEO2var_3;AGEO2var_5;AGEO2var_7;AGEO2var_9;AGEO2var_11;
meanNFE;100022;100022;100022;100022;100022;100022;100022;100022;100022;100022;
meanFX;0,00014320974708334068;0,00018974060333333198;0,00016736908958332966;0,00022770139312501648;0,0002101301437500075;4,312679583334283E-05;4,3812889583336336E-05;3,9328742708335405E-05;7,20123191666664E-05;6,771053291666966E-05;
FXatual;0,00014320974708334068;0,00018974060333333198;0,00016736908958332966;0,00022770139312501648;0,0002101301437500075;4,312679583334283E-05;4,3812889583336336E-05;3,9328742708335405E-05;7,20123191666664E-05;6,771053291666966E-05;
medianFX;9,999999999997797E-05;0,000146073599999998;0,00013639150624997993;0,00017185610000000032;0,0001300624999999644;3,612960000000539E-05;3,942560000001465E-05;2,5062499999999196E-05;4,262560000001891E-05;4,756250000002033E-05;
sdFX;0,00015554696203997506;0,00023821118247751075;0,00016310849338726697;0,00017828611723630887;0,00020307117316434705;4,0472861130686664E-05;4,2577759355444276E-05;4,724709080002913E-05;0,00012458811081260363;5,935573240418325E-05;
==========================================================
===> f(x) médio para cada NFE:
NFE;AGEO1var_3;AGEO1var_5;AGEO1var_7;AGEO1var_9;AGEO1var_11;AGEO2var_3;AGEO2var_5;AGEO2var_7;AGEO2var_9;AGEO2var_11;
5;78,24087800455645;78,24087800455645;78,24087800455645;78,24087800455645;78,24087800455645;78,24087800455645;78,24087800455645;78,24087800455645;78,24087800455645;78,24087800455645;
50;23,583447785529998;34,15383832787667;19,874664479016467;33,22995802282271;32,08499674832334;25,67768326392646;14,486014839699996;17,751629567372714;15,727985166872921;24,86416749193334;
100;2,7966780953231263;4,777476006143334;2,3541586701831267;2,1053725752897927;2,112623720943334;3,3669493986729173;1,1210203168029165;1,3131373456791666;1,809322511602917;1,9313944024137506;
500;0,38377435236625035;0,5138216606993754;0,3843599943495832;0,5670987010166666;0,781566565299583;0,6029551459204168;0,6653339671395835;0,5335079751406246;0,6654091522310417;1,0016579913675001;
1000;0,12911022565375;0,26165035304270806;0,08783292362979159;0,18581867020020834;0,46083148625958337;0,2847694655110419;0,3216541527697918;0,43256727325770805;0,5397644394177089;0,792694300616875;
1500;0,047208150694583145;0,0791353043024998;0,07362771815270826;0,11050972533645845;0,2158960894502081;0,13684869900374996;0,3122406405300001;0,39791851787416627;0,3884213008668753;0,7191220478097918;
2000;0,03513750501166661;0,0277688363993749;0,0426878124266665;0,06240544902020862;0,11058607126041674;0,07283520619687509;0,2244178738635416;0,3361864810872913;0,32977371472354167;0,36025541780645837;
2500;0,03433812556770826;0,02645888990666652;0,03197441758291648;0,04746644782625009;0,07095059297708349;0,06023757893437516;0,17217423892333314;0,2710577027072914;0,13610812005020828;0,21739469828000002;
3000;0,025677515377083255;0,021929854167083276;0,0237690753558333;0,022696738672916737;0,02990252032000012;0,027528056993958435;0,12878859132020823;0,19378209805708332;0,12719431851062504;0,18395363973666667;
3500;0,02353712221374995;0,02013005101687487;0,01835614309937494;0,017949347219791748;0,01918076381999994;0,02506595237395844;0,10089100060979161;0,17120583244041654;0,12023756139041665;0,17590787371687502;
4000;0,01568601131041663;0,014740408033333232;0,0153022694164583;0,016974166200208373;0,014007082786666637;0,015220253990625088;0,057010249043124926;0,14767438504041666;0,08557413477354167;0,15123807600020825;
4500;0,013688142097083293;0,01361399864687497;0,014233701926666618;0,013988525933750022;0,011089329266874988;0,005145218493958404;0,05228807459312494;0,10972338963354164;0,0843454635935417;0,09383656365020823;
5000;0,01028187585333336;0,012612660643749971;0,010984330643333292;0,012694309060625035;0,008955429736666683;0,004648498490625061;0,02000149458270829;0,10000365388333332;0,08234478768708334;0,06300706904083324;
6000;0,00929780200333338;0,009939417896874936;0,009408002140208392;0,009641590190625096;0,008316921469791615;0,004498192366875064;0,017845637889791637;0,09492296104395842;0,07856914771749991;0,058940316003958215;
7000;0,007223622270000015;0,00956030957041663;0,00872703237708336;0,007194595413749895;0,006750793366666597;0,002721038626458408;0,012149908346249905;0,08839295162000009;0,019490076150833306;0,05848651306041652;
8000;0,0050476434466667115;0,006498047153541646;0,007569096993750034;0,00592491423041656;0,0033520969664583193;0,0023607831900000742;0,010095478526458226;0,06512411488979174;0,01795648016437493;0,058484438640416525;
9000;0,004913178216458382;0,00584679561979166;0,006917628016666692;0,005461319357291539;0,0033520969664583193;0,0008104703760416775;0,006116309476458253;0,04128606718354176;0,01773377211749995;0,053675042460624926;
10000;0,004794124596458382;0,005179369052916636;0,0037765207533333287;0,0032228846572916556;0,0031961684735416517;0,0006330665697916745;0,00607835499312492;0,03373833295333342;0,014468300540833284;0,02739005999687499;
12000;0,004544970802916717;0,002136956690416675;0,002394323843124985;0,0029428431906249716;0,002158220510416706;0,0005516034831250038;0,004449038719583296;0,0033202780597916953;0,01076671941729163;0,01670670743979159;
14000;0,0028707291860417265;0,002013441710208346;0,0013744799395833409;0,0027864272374999717;0,001995190703958347;0,000272855349791673;0,004106097052916662;0,0011646489264583474;0,007223607203541678;0,01629832713312492;
16000;0,002868183449375057;0,0016924437270833656;0,0013334895927083234;0,0026083932572916633;0,001995190703958347;0,00024820721000001306;0,0033005137666666825;0,0011319683462500138;0,004734913186875001;0,016286989366458254;
18000;0,0026823972591667102;0,001442296300416687;0,0012050212462499813;0,0022571832575000172;0,0018181734372916733;0,00018738632979167934;0,0031075298297916784;0,0011193941097916854;0,003931815230000016;0,015002739779791595;
20000;0,002445381276250039;0,0013320647068750054;0,0011875884662499862;0,00213505547354168;0,0012458380235416623;0,00018647098625001145;0,0031075298297916784;0,0010531304795833444;0,0013427247497916478;0,01500014908312493;
25000;0,0016645839835416844;0,0009598778335416786;0,0009232464756249931;0,0016722809774999878;0,001098274109583308;0,00013336328625001054;0,0007059446931250011;0,0007502975564583378;0,0005957879960416588;0,0011810613835416936;
30000;0,0011608381135416452;0,0007847374962500211;0,0006892205224999814;0,0009642066074999872;0,0008547940358333243;0,00011753925604168337;0,0005046593493750211;0,0004712946229166658;0,0005458539993749931;0,0004882404368750278;
35000;0,0009995869031249806;0,0007203644595833549;0,0005532804329166604;0,0007242075466666663;0,0006962133160416734;9,961809333334937E-05;0,0004913633527083552;0,00045187170624999985;0,0004889819993749906;0,0004749015668750276;
40000;0,0007055542837500034;0,0005966854627083562;0,00047348283291666896;0,0004866727631250116;0,0005949503933333336;8,23887393750101E-05;0,00046876249291668686;0,0003642859258333303;0,0004737246256249906;0,0004356693868750345;
45000;0,000641699043333337;0,0005427761722916851;0,00045622361624999235;0,0004822483195833439;0,000489051076666661;7,530441229167496E-05;0,00021612380625000676;0,0002847063027083325;0,00044737209874998754;0,00040559026375003554;
50000;0,0006251000399999995;0,0003690282129166665;0,00043597724645832374;0,0004672018664583466;0,00040493697374999427;7,530441229167496E-05;0,00010625093958334436;0,00011257487979167207;0,0002882556027083256;0,0004000934104167031;
55000;0,00040604330979166837;0,00035908259312500103;0,0004034811564583326;0,00042924170666669024;0,00035856142375000364;7,375069562500647E-05;9,451841250000932E-05;9,670615354167368E-05;0,00028775880270832667;0,00018568231666667878;
60000;0,0003174068329166773;0,00033144394687500197;0,0003201793564583277;0,0004152183202083567;0,00035736918729166147;7,269481520834232E-05;8,68784729166741E-05;7,253058354167363E-05;0,000279303916041657;0,00010582239666668156;
65000;0,0002484977500000124;0,00033144394687500197;0,00030487350645832986;0,0004152183202083567;0,0003523880674999933;6,931857875000806E-05;8,430268645833945E-05;7,248890333334027E-05;0,00011825580541666439;9,761548937501152E-05;
70000;0,00017907496979168577;0,0003139350737499996;0,00029948951666666687;0,000386717523541694;0,0003051692341666687;5,6906375416672366E-05;8,343934979167381E-05;5,8164186666674184E-05;0,00011743288874999693;9,761548937501152E-05;
75000;0,0001677379929166774;0,00026579666333333585;0,00029948951666666687;0,0003633959337500218;0,0002847583737499989;5,6906375416672366E-05;5,9176545833337056E-05;4,79228597916727E-05;9,318028250000313E-05;8,744716312500984E-05;
80000;0,00015631161666667613;0,0002631813466666678;0,00022809585312499615;0,00035855339312502435;0,00026320586041666784;5,436636895834164E-05;5,7870692708336574E-05;4,3341442916669755E-05;7,679239604166732E-05;8,744716312500984E-05;
85000;0,0001544068700000071;0,0002631813466666678;0,0002188870333333338;0,00031380693979168845;0,0002473484800000044;5,182395229167442E-05;4,814505604167349E-05;4,0957329375003916E-05;7,679239604166732E-05;7,913716312500902E-05;
90000;0,00015287092000000754;0,000223147069791674;0,00021398360000000002;0,00029733728979169726;0,0002327285300000056;4,5245268958341646E-05;4,3812889583336336E-05;4,0957329375003916E-05;7,679239604166732E-05;7,78210764583402E-05;
95000;0,00014320974708334068;0,0002163658197916677;0,00017490748645833203;0,000240938042916688;0,0002164035468750082;4,454764916667679E-05;4,3812889583336336E-05;3,9328742708335405E-05;7,20123191666664E-05;7,121053291667229E-05;
100000;0,00014320974708334068;0,00018974060333333198;0,00016736908958332966;0,00022770139312501648;0,0002101301437500075;4,312679583334283E-05;4,3812889583336336E-05;3,9328742708335405E-05;7,20123191666664E-05;6,771053291666966E-05;











============================================================================
Função: Schwefel
============================================================================
parameter;AGEO1var_3;AGEO1var_5;AGEO1var_7;AGEO1var_9;AGEO1var_11;AGEO2var_3;AGEO2var_5;AGEO2var_7;AGEO2var_9;AGEO2var_11;
meanNFE;100000;100000;100000;100000;100000;100000;100000;100000;100000;100000;
meanFX;777,1709188231182;782,9768705420622;842,4295683629949;786,6446195071791;775,590246325063;290,56543791709026;292,3079554976455;372,2399706455582;424,14605092555905;419,89079410818664;
FXatual;777,1709188231182;782,9768705420622;842,4295683629949;786,6446195071791;775,590246325063;290,56543791709026;292,3079554976455;372,2399706455582;424,14605092555905;419,89079410818664;
medianFX;790,910953991026;828,2328744474848;817,0844409154743;826,969195267402;779,7416311716192;309,8414241700234;303,40116575417596;390,08971924346724;426,7419334253882;424,7518073266424;
sdFX;209,94833660411908;208,9656441944641;191,03791600147358;204,7363602962059;208,27346248994837;90,16875697094345;125,58214722209654;112,64239106101013;129,377288855871;123,67392403128659;
==========================================================
===> f(x) médio para cada NFE:
NFE;AGEO1var_3;AGEO1var_5;AGEO1var_7;AGEO1var_9;AGEO1var_11;AGEO2var_3;AGEO2var_5;AGEO2var_7;AGEO2var_9;AGEO2var_11;
5;4080,3975985094244;4080,3975985094244;4080,3975985094244;4080,3975985094244;4080,3975985094244;4080,3975985094244;4080,3975985094244;4080,3975985094244;4080,3975985094244;4080,3975985094244;
50;3920,034919609889;3920,034919609889;3920,034919609889;3920,034919609889;3920,034919609889;3920,034919609889;3920,034919609889;3920,034919609889;3920,034919609889;3920,034919609889;
100;3768,7998838445715;3768,7998838445715;3768,7998838445715;3768,7998838445715;3768,7998838445715;3768,7998838445715;3768,7998838445715;3768,7998838445715;3768,7998838445715;3768,7998838445715;
500;2263,0192694154002;2088,302800964917;2256,807820411972;2012,9793046519453;2206,3509680004745;2441,3439344459953;2215,8491219116913;2337,730364173055;2185,388520811845;2320,0083116387877;
1000;1526,3643375678641;1357,9037235801022;1501,888820306956;1342,4282642999804;1526,381983194947;1338,347924395664;1215,770389499408;1226,7122679744741;1190,9052571082857;1236,7609230117864;
1500;1313,318042091938;1212,3699690594078;1367,6542395571705;1200,7967555839475;1398,6879139432644;1069,2649824182297;969,7496081233334;1013,4878917050432;1037,6526215075069;990,3973883140378;
2000;1277,4336566425418;1188,9438681123102;1291,948101138866;1148,2023531682723;1350,8041968588655;1021,9798704297433;927,1640675412187;991,3279587552965;1011,7830566882589;972,0885466795154;
2500;1242,5140291258397;1121,7167362133919;1238,9044772719872;1116,7135781016773;1292,073564184558;965,9482671684325;917,8406906825631;991,072970456294;1011,5626891143398;970,7746670171218;
3000;1227,9466090265003;1101,3040183664473;1196,43097267643;1094,5430096289392;1285,8009195092031;927,3792072305594;907,00804078983;991,0619065017069;1011,5529137229701;970,4468369401034;
3500;1223,974649616135;1090,386221390324;1161,7531505478971;1047,3622020833532;1273,539292866896;882,413891706901;899,1506304157969;987,1522680865688;1011,5504585943403;970,4083964796729;
4000;1207,1708629278355;1073,7543593445612;1156,5045694428597;1019,6918097962265;1223,4480869026995;853,9419740489885;869,1114456873868;987,1522441013168;1011,5463039335525;970,4083720505051;
4500;1165,8511102777582;1031,015005158419;1153,643712245641;1017,2331866822432;1179,3043660684561;847,2026074284884;821,2861370017242;987,0847494834692;1011,5463039335525;970,4083720505051;
5000;1148,3816375653928;1027,9741241921522;1153,643712245641;1017,2331866822432;1100,5142925415207;834,5690785225227;804,602496085718;972,5686227817855;1011,5463039335525;970,4083720505051;
6000;1148,3816375653928;1003,1295299182058;1123,9224345643627;1001,7060200960296;1007,9813227003168;802,1744288589051;765,8214302054552;921,4109843886829;1011,5463039335525;970,408353308018;
7000;1148,3816375653928;999,3102145368971;1123,9224345643627;1000,7609792419204;997,6791534798938;764,5701459730519;750,5241767751336;872,9781065022192;979,4321032269485;970,408353308018;
8000;1130,2761673532445;994,401844783908;1110,667782749232;989,9063730030091;978,7052919760089;716,9003093808668;726,1846370373572;844,7575373035543;958,3230005504922;953,5818916800275;
9000;1107,5936637264838;979,6286667058773;1110,667782749232;987,0874541619338;978,7052919760089;686,0074282118593;702,6748616209908;825,6573359968465;942,3738354394176;915,4206700748234;
10000;1078,609631934428;967,6818348224505;1105,1872662225703;987,0874541619338;978,6666365960465;667,1521134109292;680,3040141005645;806,8547347768765;872,5510867631615;899,7501500688212;
12000;1053,9012088686666;955,2723189286987;1092,623229278087;964,8172370096539;961,7859406959608;614,9475624796495;651,8585667155473;787,5628846201209;846,0566101961681;826,5621364480834;
14000;1053,9012088686666;946,307529001184;1064,1912231768522;955,0354928430654;943,2637565057697;595,4819676752231;639,9958869569989;761,273227102539;846,0565966974877;740,3966253549363;
16000;1014,3556353376334;937,9945642823615;1051,7214835231305;942,7701147066315;901,8963226175487;589,9160603005636;598,1994005871443;695,2496160870003;814,8329071742695;737,535201763722;
18000;1014,3556353376334;911,7727115059089;1035,9862535987222;924,9110278547637;892,8978198522976;557,6837749438699;551,1512387182382;676,6060490175689;746,6865305756854;721,2419186912554;
20000;1014,3556353376334;911,7727115059089;1035,9862535987222;905,7850846086708;892,8978198522976;542,5690957967141;535,65777850312;642,733472177272;719,8821106498344;694,981705349103;
25000;1010,9267241278638;911,5076202271706;1024,1373428780064;899,366013556045;892,8978198522976;494,91761594443085;479,8909603841632;606,9087225330683;696,8408300046314;641,9648904811427;
30000;994,3502855226963;886,6200296224418;1020,8390082940745;874,1405675563169;878,0162123510289;454,29913961750987;458,746490550938;549,951608107846;653,4414385420691;626,6598136128354;
35000;987,1276519931652;866,5551269484675;948,6934364831782;872,3630821878264;873,3313665429994;405,4951181722132;433,2773994720729;518,4423423221361;612,0706742510725;597,6970396691385;
40000;943,0663073140671;864,3521386176259;942,8937646698137;855,2218181041878;872,1875405169725;371,93701079342753;422,26693529613254;501,8562499844738;591,3008390516328;564,5730773008673;
45000;919,5101169801871;855,0753145476673;942,3606015588144;853,9104842342226;860,1412167698004;359,20217810563383;399,7724331596474;474,14450846046464;589,6289642017217;541,6836088149701;
50000;862,2213600203861;837,0895365515604;931,114495060737;834,2661287854146;859,8810721703284;345,04054920871494;397,6354079121971;452,54610072640816;565,0055395008749;489,2078414047236;
55000;858,2718377923976;834,0265036312612;906,5735637028561;834,2661287854146;821,0918504098961;330,10714017762416;381,0613867405809;437,84584858849564;534,1228668654749;461,886176075487;
60000;858,2718377923976;830,1942161850055;892,2016937905787;821,7404778923246;818,737916792311;317,9311957523622;374,63392846684616;405,6265623453733;508,21152604600593;461,84205493881814;
65000;823,2105406225756;829,1114682547179;880,917264867909;821,7404778923246;818,737916792311;317,9311957523622;358,09084650343243;391,1507645405669;500,9595464748215;458,80820324084107;
70000;823,2105406225756;816,364631231964;863,5091558074033;818,6140830397073;809,2344013694809;314,3717240088707;344,0906913098988;389,93532800537884;482,8045312397393;458,80820324084107;
75000;823,2105406225756;812,9647316600027;863,5091558074033;813,7237752788963;804,8974967729315;307,46991634169666;333,80537264213035;385,2869591402528;482,8044894781011;448,932691665629;
80000;823,2105406225756;812,5284898866462;851,0062254052762;805,860700721735;802,3162329843944;305,91153273542625;320,9295150369204;383,8859631556353;472,09384503676;446,4857850933727;
85000;816,4510832486162;796,7482333898347;846,9164316564504;793,7327223593733;788,64015138556;292,7910670931557;315,30873419893356;375,54366129329225;466,22302581242934;446,4857850933727;
90000;801,4778059068063;782,9768705420622;846,9164316564504;790,0216711309428;788,64015138556;292,63506554954034;300,11217893952653;374,09749637841537;439,77090733827424;445,9790466485234;
95000;795,800472571565;782,9768705420622;842,4295683629949;788,6677618136712;784,8771490027565;290,56543791709026;295,0223414579338;372,87317221038234;427,5487106784013;436,24484713204055;
100000;777,1709188231182;782,9768705420622;842,4295683629949;786,6446195071791;775,590246325063;290,56543791709026;292,3079554976455;372,2399706455582;424,14605092555905;419,89079410818664;











============================================================================
Função: Ackley
============================================================================
parameter;AGEO1var_3;AGEO1var_5;AGEO1var_7;AGEO1var_9;AGEO1var_11;AGEO2var_3;AGEO2var_5;AGEO2var_7;AGEO2var_9;AGEO2var_11;
meanNFE;100320;100320;100320;100320;100320;100320;100320;100320;100320;100320;
meanFX;3,0023608116356106;2,5136265420984665;2,9748726760482365;1,7611853237404338;2,7588516457464265;1,0970615856702621;0,7971756704162586;0,9305954772227896;1,1431201895603398;1,0110437990549568;
FXatual;3,0023608116356106;2,5136265420984665;2,9748726760482365;1,7611853237404338;2,7588516457464265;1,0970615856702621;0,7971756704162586;0,9305954772227896;1,1431201895603398;1,0110437990549568;
medianFX;1,9037849692708662;1,7781850077129135;1,7780344514340491;1,6467774232471726;1,7780821586433895;1,3427083752164464;1,3404730106229508;1,3404865014315455;1,5017945836055908;1,340485446642841;
sdFX;3,7331285228416355;2,9386646143892996;3,894003790190749;1,4753835672313615;3,3757613332929988;0,48816197579112663;0,7036552117401628;0,782613985854238;0,7189059375173635;0,7372748080516829;
==========================================================
===> f(x) médio para cada NFE:
NFE;AGEO1var_3;AGEO1var_5;AGEO1var_7;AGEO1var_9;AGEO1var_11;AGEO2var_3;AGEO2var_5;AGEO2var_7;AGEO2var_9;AGEO2var_11;
5;20,987912635210527;20,987912635210527;20,987912635210527;20,987912635210527;20,987912635210527;20,987912635210527;20,987912635210527;20,987912635210527;20,987912635210527;20,987912635210527;
50;20,962868836244713;20,962868836244713;20,962868836244713;20,962868836244713;20,962868836244713;20,962868836244713;20,962868836244713;20,962868836244713;20,962868836244713;20,962868836244713;
100;20,94401540684811;20,94401540684811;20,94401540684811;20,94401540684811;20,94401540684811;20,94401540684811;20,94401540684811;20,94401540684811;20,94401540684811;20,94401540684811;
500;20,325858170832603;20,380177746661545;20,382087595922737;20,383473032885675;20,323940762028073;20,573887084779656;20,57189759070769;20,63251923853651;20,5965700395091;20,625659323068295;
1000;19,209192869717064;19,374990960597064;19,32535927632826;19,505736838513876;19,16791022653858;19,753766415857136;19,607687902759558;19,761060349747886;19,64286824489314;19,704987776410455;
1500;17,788127757707006;18,109955429509;17,609871788539497;18,168335006345384;17,622426381394185;18,16738303755077;17,969289324381055;18,10775348240878;17,807437282867383;18,16185671836257;
2000;16,152832875394093;16,31630784159732;15,779009084398554;16,3907381037363;15,781018187914093;15,823887420374955;15,923237115124383;16,117930453114635;15,626894559768347;15,964757693668998;
2500;13,84228398107053;14,477571861812386;13,612218960722343;14,35362976466813;13,557821876826644;12,649177817145706;13,235115368277441;13,682817353024623;12,44490185843659;13,525665201176757;
3000;11,182849625879587;12,614784780758296;10,819599445404442;11,831033734637819;10,783324256489552;9,22443440999056;10,317637078750074;10,767446839355552;9,464462992373903;10,483936491667164;
3500;8,714491187450992;10,125736833846066;8,105284935426784;8,992316876889893;8,201151813086266;6,359866718890921;7,651335124940742;7,243928092517269;6,4808016217360604;7,256440568229466;
4000;6,540341025255705;7,626373318121836;6,009322500240422;6,186126543524969;5,904488309431482;4,668248854730507;5,273700863178882;4,812781370612484;4,06862024246483;4,883087803166342;
4500;4,82676301445674;5,944410224716647;4,708999138335155;4,275191459138184;4,2374973297207434;3,6643208677470978;3,9202562667292353;3,4954322545780205;2,7612875646720436;3,1141034813220916;
5000;4,127832363411813;5,139786684355896;4,019374892511511;3,2740741064959455;3,3650497138851048;2,9616544336736306;2,811327255730847;2,606986318434697;2,033434842995177;2,395852314352072;
6000;3,5805293848637043;4,259637503233387;3,289013911682668;2,293911971639777;2,8742337182252453;2,2584236052133195;1,8078575430520933;1,874266268951291;1,7895353848348412;1,711653695590591;
7000;3,555590515854308;3,4913364204192137;3,059256065212914;2,0001779723711315;2,790269548980261;2,154499856393451;1,661428767268913;1,72188784961272;1,769273128507109;1,596990476205224;
8000;3,555590515854308;3,127404217768347;2,9851755628429686;1,8273716537126035;2,761874961743835;2,1138728047304514;1,6378112542148613;1,681846684910812;1,7392449722399552;1,5481921686974625;
9000;3,555590515854308;3,083174596115749;2,975920179626094;1,8000689852788634;2,75896449015173;2,0722569419551804;1,6108380369006665;1,6778801355267423;1,7345854375180356;1,5027874843986022;
10000;3,5518753046157303;3,066466018211931;2,975042046289458;1,7714900514158851;2,7588516457464265;2,003213903938101;1,6101193657482535;1,677612617926178;1,7344053907366577;1,4941275221790487;
12000;3,5518753046157303;3,039611257318255;2,9748726760482365;1,7611853237404338;2,7588516457464265;1,7979612773875322;1,61011510135651;1,6776082408702426;1,7343953343065228;1,493568520085898;
14000;3,55145317954146;3,039611257318255;2,9748726760482365;1,7611853237404338;2,7588516457464265;1,743357572908837;1,610078822596907;1,677607603391594;1,7343914864753291;1,4935679845878018;
16000;3,5396108325022935;3,039611257318255;2,9748726760482365;1,7611853237404338;2,7588516457464265;1,6840294585872353;1,5582130070731248;1,677607603391594;1,7343913782368967;1,4935679845878018;
18000;3,5396108325022935;3,039611257318255;2,9748726760482365;1,7611853237404338;2,7588516457464265;1,6296366826654147;1,5159247304371675;1,6679754625178655;1,7343889849836955;1,4935679845878018;
20000;3,5396108325022935;3,039611257318255;2,9748726760482365;1,7611853237404338;2,7588516457464265;1,5938087578919806;1,485032948653301;1,598496396440694;1,7343889699563755;1,4935679845878018;
25000;3,5396108325022935;3,039611257318255;2,9748726760482365;1,7611853237404338;2,7588516457464265;1,5205244862554457;1,4674456829186084;1,5153127606750265;1,7222788930736688;1,4935679845878018;
30000;3,5396108325022935;3,039611257318255;2,9748726760482365;1,7611853237404338;2,7588516457464265;1,4416447046715983;1,4451230175164176;1,4740551353275606;1,6186164228671625;1,4935679845878018;
35000;3,116564314365606;3,039611257318255;2,9748726760482365;1,7611853237404338;2,7588516457464265;1,4140391660269713;1,4246891199255851;1,4740426348779703;1,4818167582041248;1,359541098240725;
40000;3,0322690336566174;3,039611257318255;2,9748726760482365;1,7611853237404338;2,7588516457464265;1,3954835798425227;1,3694882762653384;1,4100927332672881;1,4364273032999078;1,2200791229885506;
45000;3,0322690336566174;3,039611257318255;2,9748726760482365;1,7611853237404338;2,7588516457464265;1,3954835798425227;1,2993817216127217;1,3856050504829318;1,4319876140875936;1,2048563806315973;
50000;3,0023608116356106;3,010847879840011;2,9748726760482365;1,7611853237404338;2,7588516457464265;1,3844188745341262;1,2435927581160973;1,2890388309735528;1,3587963806897518;1,2048555881113339;
55000;3,0023608116356106;2,5300574754696843;2,9748726760482365;1,7611853237404338;2,7588516457464265;1,3407578900816526;1,2329063665327917;1,2242360089812423;1,307776001792346;1,2048553235146064;
60000;3,0023608116356106;2,5136265420984665;2,9748726760482365;1,7611853237404338;2,7588516457464265;1,275933790474243;1,1557165895128647;1,2174559806349767;1,24688845781964;1,1629065166064787;
65000;3,0023608116356106;2,5136265420984665;2,9748726760482365;1,7611853237404338;2,7588516457464265;1,2561365674981413;1,1357656165427197;1,183990205472469;1,2312847606325212;1,129717403373993;
70000;3,0023608116356106;2,5136265420984665;2,9748726760482365;1,7611853237404338;2,7588516457464265;1,2512336528632961;0,9933660351052018;1,1791247412149786;1,1814609483471912;1,0404815900034419;
75000;3,0023608116356106;2,5136265420984665;2,9748726760482365;1,7611853237404338;2,7588516457464265;1,2412553606508425;0,971421828253722;1,166259551390956;1,1813621309790903;1,0159999292289;
80000;3,0023608116356106;2,5136265420984665;2,9748726760482365;1,7611853237404338;2,7588516457464265;1,2289688256179414;0,9591409819957861;1,0736867524954936;1,162719860340935;1,0158592967656306;
85000;3,0023608116356106;2,5136265420984665;2,9748726760482365;1,7611853237404338;2,7588516457464265;1,1416525362205914;0,9064978406400656;1,0529148237246226;1,153500887390075;1,0158592967656306;
90000;3,0023608116356106;2,5136265420984665;2,9748726760482365;1,7611853237404338;2,7588516457464265;1,1362551154078264;0,8671885278156475;0,9938229193378086;1,1534996151515107;1,0158592967656306;
95000;3,0023608116356106;2,5136265420984665;2,9748726760482365;1,7611853237404338;2,7588516457464265;1,1349823597716635;0,8488011601282861;0,9492414471675527;1,1534996151515107;1,0158592967656306;
100000;3,0023608116356106;2,5136265420984665;2,9748726760482365;1,7611853237404338;2,7588516457464265;1,0970615856702621;0,7992865964290529;0,9305968140625527;1,1503179172395017;1,0110437990549568;











============================================================================
Função: Beale
============================================================================
parameter;AGEO1var_3;AGEO1var_5;AGEO1var_7;AGEO1var_9;AGEO1var_11;AGEO2var_3;AGEO2var_5;AGEO2var_7;AGEO2var_9;AGEO2var_11;
meanNFE;100022;100022;100022;100022;100022;100022;100022;100022;100022;100022;
meanFX;0,00036568653445704817;0,0003221578376186565;0,0004304764892487129;0,00036796497350193166;0,0004073303681183634;0,0002598193921440275;0,00022009573407977967;0,000544145632741956;0,0006192804230915823;0,0008932914661500022;
FXatual;0,00036568653445704817;0,0003221578376186565;0,0004304764892487129;0,00036796497350193166;0,0004073303681183634;0,0002598193921440275;0,00022009573407977967;0,000544145632741956;0,0006192804230915823;0,0008932914661500022;
medianFX;0,00020598697863370442;0,00023776320013555087;0,0002612494170142101;0,00022556382545325015;0,00022556382545325015;8,030303746309722E-05;5,619419096475763E-05;0,00013422329855253392;0,00019558887361085744;0,00019558887361085744;
sdFX;0,0003949705727745098;0,00035384216205793586;0,0005572891216167984;0,000432604296844458;0,0005002208141455906;0,0007501135838767323;0,0004208007746010915;0,001627469100025152;0,0012373442803320434;0,0022309099963561323;
==========================================================
===> f(x) médio para cada NFE:
NFE;AGEO1var_3;AGEO1var_5;AGEO1var_7;AGEO1var_9;AGEO1var_11;AGEO2var_3;AGEO2var_5;AGEO2var_7;AGEO2var_9;AGEO2var_11;
5;841,2066324414244;841,2066324414244;841,2066324414244;841,2066324414244;841,2066324414244;841,2066324414244;841,2066324414244;841,2066324414244;841,2066324414244;841,2066324414244;
50;10,309098562455382;13,032144236210218;15,602669345598079;18,325257225049814;9,193412764342954;6,172641912023083;8,891489368343377;9,912737713067113;9,094725455381273;10,606852358438735;
100;3,0059171853289715;6,101096936567619;3,487032061678322;3,797911802846725;4,003824818202972;1,9896066015757148;2,431312848790832;2,48504300969729;2,700083484688972;3,7084883482968682;
500;0,9129913030807258;0,7064751979474612;0,7172126335380545;0,6161564749816407;0,5151279818195262;0,9353653740470887;0,7003802837866329;1,218786028097785;1,4168075069778387;1,0688234951913451;
1000;0,2910138053977022;0,3184765037653259;0,3976191937675015;0,3813366776524304;0,4104011617601532;0,6037868402202703;0,4454971429218673;0,6875407661200479;1,2420376065241985;0,9141985874676117;
1500;0,19051689821623852;0,27290802412938464;0,22358538650880383;0,22822979193209258;0,26101495837286853;0,39290448769141384;0,35339655288418814;0,4486025265953729;0,7759558780764595;0,7250941406608773;
2000;0,1141598932075225;0,15025557266208056;0,1794562450942352;0,1721521481394429;0,15893639363816905;0,2920929904660006;0,3010593175157694;0,3361096285116841;0,4920911556183135;0,5562998814492911;
2500;0,08295401090486335;0,08590360349143851;0,11744372275183909;0,10726516749512235;0,0869949870810917;0,2633710607884392;0,18294242334525768;0,25603377505286506;0,45777797855953856;0,5304401339931724;
3000;0,07897452893757496;0,08580452931086034;0,08826944973508723;0,08834711357841504;0,07266117251856277;0,20349562896992934;0,16428969472654284;0,2240931146911591;0,416093175061544;0,513041152250225;
3500;0,05886897026935505;0,03482120898951361;0,06773988109485504;0,052990287081591356;0,03893517854409521;0,17829460987064244;0,16416657666018664;0,16654213771601464;0,38243466670164034;0,3810252540697349;
4000;0,05418331322781007;0,028486787970497078;0,048439696727519244;0,05065097390421688;0,033983961469984544;0,16671059357923088;0,16406150962675572;0,1576702252544945;0,37509138552620624;0,3809191842543204;
4500;0,05122542474460098;0,02086735455412276;0,04588661190452765;0,025224850639188008;0,02954992076785728;0,14960613644114398;0,12800947023238948;0,15766734342259264;0,3590287642046377;0,3038675679970392;
5000;0,046507369405596084;0,01937945927169815;0,02283139583339818;0,023427719981506192;0,022944718739614414;0,10794385384890895;0,0990966849050606;0,1558234357289718;0,3328821089760042;0,26407013811574137;
6000;0,03990868556066332;0,01836355565376234;0,015036939891470215;0,02040760915630131;0,01811302611889248;0,08418253254334042;0,0750512318689602;0,1557952528315739;0,32537031123916194;0,2488090532939971;
7000;0,03689043977175342;0,011753258763208922;0,01295719140210973;0,016512557090650696;0,012395350217663645;0,058784118117742964;0,07089759992591331;0,09644944325325347;0,27374288121265344;0,2221239141949588;
8000;0,03689043977175342;0,010777617480061627;0,011983545432150983;0,013997651822126585;0,009048637718116165;0,04774730117253139;0,07038877502540296;0,08413660354284178;0,2210586496250859;0,2161475232454624;
9000;0,013639794718794307;0,008591700747581853;0,011983545432150983;0,010370001081627686;0,008301680414445409;0,0374522754180894;0,06727223104682838;0,08046462281385874;0,15816457066414077;0,17343320390504233;
10000;0,008414530922866757;0,007427925376760225;0,01015175936798366;0,0082398536024808;0,006735140345027126;0,03740430242513045;0,04599072396482151;0,026825004223664243;0,147421257989782;0,16049117433348817;
12000;0,006062171856948796;0,006114337543853321;0,007456294899816601;0,006033212479614453;0,004663125456694633;0,013611233215036163;0,014014892453498086;0,02565983261233889;0,1061875005005664;0,08671074116003359;
14000;0,004640620632131632;0,004620035965423279;0,0043599435896251836;0,004319768614566009;0,004433363047301352;0,010033686155699469;0,006980819658108363;0,02017159279256614;0,06235093991577143;0,07372201259266249;
16000;0,004322366430593189;0,004149022842572298;0,004118009424768056;0,0038803355990010354;0,004180430261177487;0,008500161542096004;0,006176288148384485;0,018165944464104855;0,04317507861933994;0,04750623325979435;
18000;0,0040282234412667055;0,0033847935263479306;0,0035348698714279207;0,0032614908451849343;0,0034958985901955824;0,0068071463980147445;0,00403034883871201;0,01719532191306638;0,02309837748654329;0,04037434616391695;
20000;0,003970203512624391;0,0025583656481209314;0,0034641666367496663;0,0031303698803923853;0,0030911785510516496;0,0061981095927407725;0,0033777964387300863;0,017153558476034256;0,014946345844413438;0,04008281380884752;
25000;0,0028061904096543253;0,001692785770567182;0,0025081718881645133;0,0020711496116085893;0,0027441455185821598;0,003235033915881627;0,002360363240853316;0,004161998881725997;0,012180478517623512;0,030784456100661273;
30000;0,0020628164661446796;0,0016541049767815506;0,002348403195264211;0,0018124597320941273;0,002695558777592157;0,002995635873356463;0,0018462373973923108;0,00294903894368334;0,00821552502409824;0,027040647071584083;
35000;0,0010499397532918195;0,0012830315166820901;0,001717406841860337;0,0014708109191411884;0,0022408522890035765;0,002501166418698932;0,001296859526677859;0,002463163953055168;0,005086599468693584;0,01069536096927686;
40000;0,0010109220435450992;0,0010518700792595131;0,0016071638310483538;0,0014402785063122737;0,001834869011713116;0,0018832290421735016;0,0011434797114299215;0,002416183541676378;0,002445059245016063;0,003133830013939329;
45000;0,0009918628247967353;0,0010010660376966686;0,001251799141292826;0,001118859701159986;0,001087790458491972;0,0012682498550667394;0,0008316279710549831;0,0023135374894496354;0,00175697695307166;0,002839006276189254;
50000;0,0009918628247967353;0,0008661270049737434;0,0011473029681573837;0,0008370874636869901;0,0010046049393941726;0,0010735399842746365;0,0006141580758754903;0,002070683963214957;0,0016014807430502276;0,002837545947283906;
55000;0,0006432928327757748;0,0008212498557699524;0,0011007421748170333;0,0008222805039501798;0,0009557898869485949;0,0008764643930300051;0,00047641205744190605;0,0019930957701383947;0,0012181885759381347;0,0021837044635441335;
60000;0,0006057905723905534;0,0007443574927128187;0,0009258063904666023;0,0008068085983421288;0,000955512923183444;0,0006942473810135752;0,00047110449190549097;0,0019930957701383947;0,0008990569004280292;0,002092117106928681;
65000;0,0005519979755339424;0,00043397428716432547;0,0007217466295153862;0,0006839514716456513;0,000825755623373329;0,0006720288407402313;0,00041471997161869666;0,0016976416034812794;0,0008990569004280292;0,0018266702720473474;
70000;0,0005158235980580987;0,00043185451426193584;0,0007217466295153862;0,0006620496916053359;0,0007009093297046079;0,0004379456529953898;0,0004059706300599334;0,001559167161609324;0,0006837083047912294;0,0017201849195717328;
75000;0,0005158235980580987;0,00043185451426193584;0,0006649582912457974;0,0004705505141459024;0,000667662853467843;0,0004134064905600614;0,0003999576787674094;0,001517446422133633;0,0006837083047912294;0,0012434175369810565;
80000;0,00045866908704539046;0,0004310497940405528;0,0005385537642305441;0,00046856962839111427;0,000655059224674241;0,0003486322843097278;0,00039227239604085163;0,0007689493745487611;0,0006411304844671552;0,0012434175369810565;
85000;0,0003841763772318198;0,00040659508775034794;0,0004806640830968427;0,00046856962839111427;0,0006415620929833903;0,0002990208799459256;0,0003421723906926579;0,0007455844049576724;0,000633395507844801;0,0012412112596747803;
90000;0,00036796190530792686;0,0003991031256043671;0,0004539482887469462;0,0004250900154355437;0,0005626807704303786;0,00028858998899685117;0,00026205751331350737;0,0007283381001522399;0,0006271497559485824;0,0010030190760173083;
95000;0,0003676515429222814;0,000359868434214354;0,00043856928712157785;0,00040349463896617664;0,0005372172199554379;0,0002722894829693461;0,00023153916654158413;0,0005950211845621693;0,0006271497559485824;0,0009937306683154336;
100000;0,00036568653445704817;0,0003221578376186565;0,0004304764892487129;0,00036796497350193166;0,0004073303681183634;0,0002598193921440275;0,00022009573407977967;0,000544145632741956;0,0006192804230915823;0,0008932914661500022;



Execution Time: 2206902 ms
