




============================================================================
============================================================================
O que irá executar a seguir: executar_algoritmos
============================================================================
============================================================================













============================================================================
Função: Griewangk
============================================================================
parameter;AGEO2var_5;AGEOreal1_P;AGEOreal2_P_DS;
meanNFE;100100;100000;100000;
meanFX;0,008530432941129939;0,18366394339433448;0,332497828482268;
FXatual;0,008530432941129939;0,18366394339433448;0,332497828482268;
medianFX;0,0062650660100936895;0,18272075501329188;0,3368269135236476;
sdFX;0,007425859549124764;0,03880996941107466;0,05718772356815097;
==========================================================
===> f(x) médio para cada NFE:
NFE;AGEO2var_5;AGEOreal1_P;AGEOreal2_P_DS;
5;247,07911736544497;307,2923375796703;306,3659178732164;
50;219,33962154874726;303,5900444116525;298,9013303669369;
100;210,71507184152944;298,1243982949402;287,75972891210154;
500;50,252818929327304;237,48742940710773;177,0544964479482;
1000;3,3581625082005457;171,29659242262247;79,05121290191775;
1500;0,8324459265024121;116,50920179754971;24,21376028884655;
2000;0,33960931717643805;73,27881966889944;4,076592433984869;
2500;0,27459446794082293;40,7521994890147;0,892286874192774;
3000;0,2587996843897641;20,086168690017896;0,7123498221746779;
3500;0,23985472379055675;7,966950090384566;0,6863993907015935;
4000;0,18324273623784873;2,8249020129448876;0,6380359094209822;
4500;0,17373310013904372;0,9906193154302405;0,6151908520069554;
5000;0,15342140056310524;0,569731317663569;0,5902296621225739;
6000;0,12151653866373405;0,42283554174586124;0,5682953454059875;
7000;0,10024393608789177;0,38583806847429364;0,5400913430149684;
8000;0,09063854198851952;0,36803223072014435;0,5343292124535168;
9000;0,08984084493345398;0,34823638976624804;0,52718550653472;
10000;0,08522461333881828;0,3309400307117595;0,52718550653472;
12000;0,06341514469023904;0,30252238041862745;0,5058623597369782;
14000;0,057328348679672;0,2906286771950684;0,49566975690828025;
16000;0,05633021698209325;0,2747053926421933;0,47815337192302215;
18000;0,04777466318090216;0,2687409267380921;0,4654057130700381;
20000;0,038501303126409314;0,26215310068837394;0,46118806037185933;
25000;0,0269077659983867;0,24975396390987487;0,4327195930877566;
30000;0,022008683067567706;0,23701560960245804;0,4239271279540736;
35000;0,01875661776054864;0,22290889331142122;0,41485578264491957;
40000;0,015827733765228405;0,21506373333075315;0,4024466741913625;
45000;0,01408497577604964;0,21257998055237887;0,40177139475835144;
50000;0,013585679912335804;0,20886884351425133;0,3940303297338421;
55000;0,012844752837873799;0,20281884677987044;0,38668749740009645;
60000;0,011467283351414443;0,1993823765283019;0,3808676227148471;
65000;0,011293053956174174;0,1955798754242093;0,3759176550769489;
70000;0,01123968393684048;0,19476799051326338;0,36623837767533807;
75000;0,011017547692237997;0,19275946763026508;0,351343089702071;
80000;0,010726977513922025;0,1912025234799871;0,34936868983555447;
85000;0,010422451877610863;0,19094328771472488;0,3466190703649235;
90000;0,01036405849021613;0,18994710006701682;0,3445572569804383;
95000;0,00918685588275327;0,18994710006701682;0,3413675810267906;
100000;0,008530432941129939;0,18366394339433448;0,332497828482268;











============================================================================
Função: Rastringin
============================================================================
parameter;AGEO2var_5;AGEOreal1_P;AGEOreal2_P_DS;
meanNFE;100160;100000;100000;
meanFX;10,964545187619885;6,100245623639877;4,702958047865904;
FXatual;10,964545187619885;6,100245623639877;4,702958047865904;
medianFX;10,967526064346323;5,90049526808145;4,770819331085356;
sdFX;2,430545528932526;1,1614853541071948;0,9618845878087272;
==========================================================
===> f(x) médio para cada NFE:
NFE;AGEO2var_5;AGEOreal1_P;AGEOreal2_P_DS;
5;226,3718932067913;230,90952987273218;228,243934047311;
50;219,22711956485267;223,67736159742935;215,6474902987819;
100;216,4097508420645;217,57605193587088;205,8460792396179;
500;180,4241920856347;155,0721547246351;78,0884554200724;
1000;92,03135107808396;126,51145232198402;21,696141278075945;
1500;58,91061938186421;109,77746446975672;14,773935783273492;
2000;30,901769241853913;96,45601023188465;12,103759594356543;
2500;24,99469158528015;85,32861822262984;11,368146479072337;
3000;23,11142819256895;76,67913484506556;10,770673092365627;
3500;22,92812578557418;69,02547490417228;10,050101172779796;
4000;22,87114055203342;62,61143416483336;9,318283105135713;
4500;22,870032414169383;57,02429919273268;9,15276028481034;
5000;22,86973597404595;51,54951688351042;8,84006997891509;
6000;22,869676018772747;44,35445008710873;8,444764204686237;
7000;22,671650121461177;38,47812130923897;7,930474516608479;
8000;22,034884654509852;33,538967074692124;7,670002747790015;
9000;21,377451965531552;29,203580391752602;7,490131836005967;
10000;20,64872449415366;26,01756929369868;7,310359509744494;
12000;19,34623143748042;22,235065469509628;7,147908559009695;
14000;18,71777529747776;19,19195966304976;6,860503195201366;
16000;17,558455331953592;16,085109285615108;6,755844218402473;
18000;16,985682715953924;14,458095027585244;6,607706750122835;
20000;16,3571612415169;13,135964918014531;6,476437279358898;
25000;15,490332539407714;11,231678970569133;6,108642143410262;
30000;14,908707324603958;9,619230757698828;5,8949368346437705;
35000;14,434226948181589;8,975189780445652;5,762168712186492;
40000;13,965883543392314;8,630159473377372;5,685047149326974;
45000;13,324360943757586;8,35649022763565;5,624327206945267;
50000;12,677752950404187;7,97799445790763;5,605703682182722;
55000;12,481504918155725;7,383723245886193;5,460175026080697;
60000;12,31941077932687;7,0185859111227185;5,310826501219481;
65000;11,870472512317102;6,681521878352436;5,23086875803749;
70000;11,793649638320712;6,50379189864409;5,122499759625934;
75000;11,592252131543926;6,254221218140641;5,067046854021264;
80000;11,396730128704544;6,162405766705655;4,965989663063901;
85000;11,152379685516266;6,162405766705655;4,859857352747563;
90000;11,143648980861707;6,162405766705655;4,733399511471591;
95000;11,140864107886227;6,162405766705655;4,705726514698723;
100000;10,964545187619885;6,100245623639877;4,702958047865904;











============================================================================
Função: Rosenbrock
============================================================================
parameter;AGEO2var_5;AGEOreal1_P;AGEOreal2_P_DS;
meanNFE;100022;100000;100000;
meanFX;6,900749562499971E-05;7,192397222995808E-06;4,07329828383529E-06;
FXatual;6,900749562499971E-05;7,192397222995808E-06;4,07329828383529E-06;
medianFX;4,326600625001228E-05;3,97472681602938E-06;4,198600670740314E-07;
sdFX;6,635471478819273E-05;1,0824554220890713E-05;2,114706637515163E-05;
==========================================================
===> f(x) médio para cada NFE:
NFE;AGEO2var_5;AGEOreal1_P;AGEOreal2_P_DS;
5;59,91114220494046;698,3958638666504;714,1134296105794;
50;12,331263958745465;592,0463910327591;688,3570371986889;
100;2,011323794613437;502,75738252315784;661,4284597072148;
500;0,9699783254615623;134,83826319070943;507,8874621181361;
1000;0,5193392610393752;17,155199035667273;343,98385924789784;
1500;0,3963189014415628;2,1465046606867695;234,77956897916243;
2000;0,22612094006406275;1,0411943024322556;162,38443250803246;
2500;0,151457783078594;0,8755930667334025;103,83250381794144;
3000;0,09299309046156269;0,7980511986859511;64,99250806885037;
3500;0,07225236155609387;0,6936556857746642;41,33499782144075;
4000;0,06569511030140633;0,5852117618598592;24,372179834659363;
4500;0,06568360274890635;0,47628388080645123;14,419489475502441;
5000;0,06561348231390635;0,42336086118280203;7,854934968368076;
6000;0,04093360662625006;0,3446167151909652;2,46274216006331;
7000;0,01031450636078134;0,2758445131308014;1,0528243665528947;
8000;0,008149731185156241;0,24851027693735372;0,8059866154474522;
9000;0,006823060682968778;0,1945793238233089;0,6758284244191373;
10000;0,004937492735312498;0,14907430402219582;0,5778411679792034;
12000;0,0048233679878125;0,12017049566368873;0,36007621725881894;
14000;0,004327589125000011;0,11696284820152117;0,22604259184085307;
16000;0,0018034308023437723;0,11359703015940985;0,1443520978775466;
18000;0,0016130614725000229;0,09624648960389852;0,09896161476830524;
20000;0,0015505588073437722;0,057850738482088195;0,07007709163402404;
25000;0,0009565037176562496;0,0013649375698582401;0,0167014414842833;
30000;0,00019091493000000524;0,0007627760509210347;0,007093883213161264;
35000;0,00015302307531250625;3,788696709920561E-05;0,002879648582128265;
40000;0,00015166677781250517;3,4583819701106434E-05;0,001581694560872154;
45000;0,00014554972781250284;2,7371679348938336E-05;0,0010160355257519218;
50000;0,00011516318781249952;1,5021193929347064E-05;0,000349114949561107;
55000;0,00011167758781249835;1,4397118144628413E-05;0,00028992214005583186;
60000;0,00010340840265624836;1,1041655743679484E-05;0,00026966573391748737;
65000;9,93594729687496E-05;9,872677621398688E-06;0,00024986981316771107;
70000;9,51602378124997E-05;9,57331475577519E-06;0,0002479586851508227;
75000;9,222343781249902E-05;9,420572820855898E-06;9,611034197081122E-05;
80000;8,097729312500011E-05;9,342371657944388E-06;3,452383105505666E-05;
85000;8,08263054687509E-05;8,1466929314632E-06;1,8537574399445497E-05;
90000;7,88751282812527E-05;7,90944304737196E-06;1,76191253949472E-05;
95000;7,74538807812533E-05;7,5825271439297336E-06;1,748701722458822E-05;
100000;6,900749562499971E-05;7,192397222995808E-06;4,07329828383529E-06;











============================================================================
Função: Schwefel
============================================================================
parameter;AGEO2var_5;AGEOreal1_P;AGEOreal2_P_DS;
meanNFE;100000;100000;100000;
meanFX;261,37340724656326;385,9363308475505;750,979534861069;
FXatual;261,37340724656326;385,9363308475505;750,979534861069;
medianFX;262,5314139638904;402,2049821896385;761,1189996553435;
sdFX;119,37818491007182;117,27162684143404;103,02092280820345;
==========================================================
===> f(x) médio para cada NFE:
NFE;AGEO2var_5;AGEOreal1_P;AGEOreal2_P_DS;
5;4064,8343797338957;3934,337577800937;4028,2551212899716;
50;3863,6076846958335;3142,266559269917;3309,3094538630494;
100;3728,7235337797524;2395,19373160298;2812,8068238177225;
500;2365,0432998999104;1472,9365697823466;1917,2200306632828;
1000;1309,229934676222;1283,394235683447;1677,4082547724975;
1500;1002,9278972328788;1108,417178934809;1520,0350758067586;
2000;955,6268267651507;1009,7944259487067;1387,385512847622;
2500;955,339752988097;956,8055819396134;1348,7718658082808;
3000;955,3265488068052;941,0531202092805;1301,5732809106362;
3500;944,3106884961671;904,1722631201762;1283,4527964801268;
4000;925,8443212807622;865,2089684260123;1240,8144455173026;
4500;915,4861878998443;856,1469738017831;1218,4890744430872;
5000;891,9212396599245;842,1265803746725;1210,0597185716363;
6000;854,9642479717386;826,6488062481369;1168,7511192231048;
7000;827,58125008804;805,5179159997926;1161,5463713344086;
8000;816,143006099836;771,1441524866128;1151,927467327664;
9000;778,4287010576203;740,5101164817038;1117,9906679713795;
10000;728,4201054988674;716,8520207660688;1092,3976381940554;
12000;692,9883142367686;692,3945290407885;1055,466256265457;
14000;653,020062363051;649,8485139557522;1027,7476820186066;
16000;643,3357063343927;605,4806543944587;1010,6703950557769;
18000;613,7876317092775;595,9619978610687;1003,0619574741237;
20000;553,0356477189063;568,955419458394;986,4431676466507;
25000;503,35892253405143;525,5357448368184;937,1967685055351;
30000;461,52145848301535;496,2948180798144;905,3186536138326;
35000;436,2799996344289;473,15024878402835;874,6402444075748;
40000;417,4648712322438;452,81037353499005;864,4238178542822;
45000;385,97712933735954;435,5847313036931;851,6216721491224;
50000;367,4980843722773;432,8422412886745;838,0299486142079;
55000;348,6049228310524;424,2606545708324;829,4353704315421;
60000;331,1559150405066;415,10205873909337;810,6575664771942;
65000;326,917211754669;411,16762224222623;793,5658314505605;
70000;315,0206439418069;397,68497005093934;791,4252899471445;
75000;283,88600609231514;393,7451713431281;778,0782870867721;
80000;270,7477939696103;391,04383144122966;773,6973151200971;
85000;270,23598051087066;389,0192157512914;770,0704662965438;
90000;262,2292879638444;389,0192157512914;763,2140894210818;
95000;261,37340724656326;389,0192157512914;760,2787763306193;
100000;261,37340724656326;385,9363308475505;750,979534861069;











============================================================================
Função: Ackley
============================================================================
parameter;AGEO2var_5;AGEOreal1_P;AGEOreal2_P_DS;
meanNFE;100320;100020;100020;
meanFX;0,5893204367722322;0,1871165233483283;2,604932492706284;
FXatual;0,5893204367722322;0,1871165233483283;2,604932492706284;
medianFX;0,011582884688440487;0,18267104874048812;2,6174900282029263;
sdFX;0,7225401806702554;0,02854593867147006;0,18394938572470204;
==========================================================
===> f(x) médio para cada NFE:
NFE;AGEO2var_5;AGEOreal1_P;AGEOreal2_P_DS;
5;20,960443937882925;20,93945026468999;20,938512145896443;
50;20,92884202619947;20,884438810937546;20,867390021017005;
100;20,91246672120724;20,825872781524513;20,814228656218244;
500;20,570974347232756;20,0134386360539;19,811739921034352;
1000;19,719742663362446;19,486676273435013;17,717364937030478;
1500;18,339563915839708;19,37920275162243;14,266203771459482;
2000;16,50570968867605;19,337634776641515;9,563566777767841;
2500;13,953308698243257;19,309293375692132;6,3614230173616555;
3000;10,616830969482402;19,298440925988;4,841639545484564;
3500;7,743845224143885;19,282848942592732;4,262490371496739;
4000;5,138938529201008;19,267313253720097;3,905336012075113;
4500;3,573722200606349;19,25714212537217;3,6767634738351864;
5000;2,642141969538593;19,24179517053211;3,586274501726288;
6000;1,7576832243809513;19,20927183816606;3,449494086138671;
7000;1,6275036936328262;19,18101336562084;3,32580218216395;
8000;1,5906861744408993;19,152794730166192;3,2596955103938994;
9000;1,5741258945450096;19,12511214438012;3,213446589416654;
10000;1,5726188409292778;19,08399170694836;3,146357511278307;
12000;1,5661796780795882;19,01593277600031;3,0512824462302244;
14000;1,4799145953485298;18,902790906203794;3,0003581392108782;
16000;1,423889820037711;18,76565964675915;2,9495161945012303;
18000;1,3445978420665898;18,631718775445602;2,9142484663811854;
20000;1,3403455747763204;18,402021641328865;2,9079459312361733;
25000;1,312145322250484;17,339659916446376;2,8701056228675665;
30000;1,217588681617825;16,068705942676715;2,830367351526472;
35000;1,2093329429749136;14,351005611893939;2,8056101381122702;
40000;1,1530720627247795;12,212953774020578;2,7883770775293253;
45000;1,1325710472329917;9,219529965865213;2,7712302524229995;
50000;1,0597844182639986;6,967874376042062;2,7471980130703995;
55000;0,9503134020636754;4,6653610377052415;2,7142742342000417;
60000;0,8569481100834515;2,814105575085011;2,699171266346645;
65000;0,7693263235958997;1,700951177289932;2,6799519442419246;
70000;0,7359248561958827;0,8079614820502293;2,6596416039249346;
75000;0,7273739956063723;0,2454761653313038;2,649184576892462;
80000;0,7273304235826203;0,19980092648923878;2,6385051690608994;
85000;0,7133478620413556;0,196675224544195;2,6358703665712415;
90000;0,7059490993256536;0,19303407475521778;2,6126255838649124;
95000;0,622727583960177;0,18817878207740746;2,6126255838649124;
100000;0,5895941337671472;0,1871165233483283;2,604932492706284;











============================================================================
Função: Beale
============================================================================
parameter;AGEO2var_5;AGEOreal1_P;AGEOreal2_P_DS;
meanNFE;100022;100000;100000;
meanFX;0,0001615620228489245;1,0770936461513793E-05;0,005775729166001102;
FXatual;0,0001615620228489245;1,0770936461513793E-05;0,005775729166001102;
medianFX;4,91676163031727E-05;1,0302656304990794E-05;0,004844272793744434;
sdFX;0,00026925161771423564;9,267302591563295E-06;0,005174135965377808;
==========================================================
===> f(x) médio para cada NFE:
NFE;AGEO2var_5;AGEOreal1_P;AGEOreal2_P_DS;
5;629,4561342968022;7408,988466024549;1467,6033495194579;
50;5,636634484150156;2778,2573671805294;323,23159931816457;
100;2,839835270171328;1503,0605968087484;65,84946338349013;
500;1,0628743331009747;2,31414012343222;5,957615416881751;
1000;0,7788780115958076;1,1625222166246694;1,3117948251729978;
1500;0,5942780819352154;0,6108432544747372;0,8775623015460919;
2000;0,3873840643909765;0,5612131829147586;0,7257481462206051;
2500;0,3529559315516253;0,5362383627026728;0,49265680711355647;
3000;0,3370749003823173;0,28260614339240087;0,38333296626014024;
3500;0,3362116973495973;0,24257043631528666;0,3643492634757453;
4000;0,30856444948406014;0,24225017994863768;0,34713976037552385;
4500;0,2809849854352269;0,21433843638592065;0,3019285753353095;
5000;0,2509301534485068;0,2040540232383259;0,2650149132123765;
6000;0,22382747950375492;0,1813094218987993;0,16449079626151833;
7000;0,17154567354889805;0,1762048565837991;0,13324568167159884;
8000;0,12052943585247824;0,1407099498189501;0,11706172498607655;
9000;0,11781817298848576;0,09615520577379236;0,0960282584565831;
10000;0,07513483006837604;0,05786332549875682;0,08925831267799848;
12000;0,052605879856986705;0,038607871478497965;0,06469151562334094;
14000;0,04730806990428261;0,004839302192089468;0,04863411290662816;
16000;0,029657058124412716;0,00012063703051277023;0,04210626922180764;
18000;0,018556703503438736;9,304485169952307E-05;0,041549415212327814;
20000;0,012535125558298391;8,185252488085174E-05;0,040914185544647035;
25000;0,007105162123137604;6,288908230475557E-05;0,03305005511177157;
30000;0,002932084494132824;4,923687558152774E-05;0,025113287580564997;
35000;0,00212560514158113;4,373511717266242E-05;0,018921206156980168;
40000;0,0013881538281039615;3,609455328354371E-05;0,015943938402487375;
45000;0,0011125642613687087;2,8311204058495193E-05;0,01537092980034159;
50000;0,0010509247683762666;2,6839865280855107E-05;0,013863066916180073;
55000;0,0008410392915406796;2,066758821923127E-05;0,01133827392436259;
60000;0,00038278616203101055;1,989537141939694E-05;0,010585195471035324;
65000;0,0003371779580214021;1,942021417002706E-05;0,009609523744065387;
70000;0,00031611151305732264;1,8927691594985274E-05;0,008536201555346765;
75000;0,00024068415776296327;1,6406767204720694E-05;0,007848918127194822;
80000;0,00020976604098420473;1,5068190854922495E-05;0,007848918127194822;
85000;0,00019892819564897718;1,4595820701567186E-05;0,007418698399354713;
90000;0,00018658611383841182;1,2314569010526401E-05;0,007331070298262664;
95000;0,00017592602145035752;1,1884183399675946E-05;0,0062287327986398555;
100000;0,0001615620228489245;1,0770936461513793E-05;0,005775729166001102;



Execution Time: 321075 ms
