




============================================================================
============================================================================
O que irá executar a seguir: executar_algoritmos
============================================================================
============================================================================













============================================================================
Função: CEC2017_01
============================================================================
parameter;AGEO2;AGEO2var_5;AGEO2real2_P_AA_p3;
meanNFE;1,00E+5;1,00E+5;1,00E+5;
meanFX;6,99E+8;1,12E+8;1,82E+4;
melhorFX;4,97E+6;5,45E+6;8,98E+1;
piorFX;2,44E+9;6,51E+8;1,27E+5;
medianFX;4,08E+8;4,64E+7;5,20E+3;
sdFX;7,51E+8;1,41E+8;2,90E+4;










============================================================================
Função: CEC2017_03
============================================================================
parameter;AGEO2;AGEO2var_5;AGEO2real2_P_AA_p3;
meanNFE;1,00E+5;1,00E+5;1,00E+5;
meanFX;2,45E+4;1,84E+4;2,08E+5;
melhorFX;6,33E+3;8,05E+3;1,77E+4;
piorFX;5,15E+4;3,00E+4;7,15E+5;
medianFX;2,39E+4;1,78E+4;1,14E+5;
sdFX;9,80E+3;5,06E+3;1,94E+5;










============================================================================
Função: CEC2017_04
============================================================================
parameter;AGEO2;AGEO2var_5;AGEO2real2_P_AA_p3;
meanNFE;1,00E+5;1,00E+5;1,00E+5;
meanFX;5,72E+1;8,14E+0;6,55E+0;
melhorFX;1,30E+0;1,51E+0;1,46E-3;
piorFX;1,62E+2;1,95E+1;7,35E+1;
medianFX;4,50E+1;8,33E+0;1,46E+0;
sdFX;4,03E+1;3,17E+0;1,88E+1;










============================================================================
Função: CEC2017_05
============================================================================
parameter;AGEO2;AGEO2var_5;AGEO2real2_P_AA_p3;
meanNFE;1,00E+5;1,00E+5;1,00E+5;
meanFX;2,39E+1;1,38E+1;1,53E+1;
melhorFX;8,28E+0;5,97E+0;3,98E+0;
piorFX;4,94E+1;2,16E+1;2,89E+1;
medianFX;2,40E+1;1,43E+1;1,49E+1;
sdFX;9,64E+0;4,13E+0;5,82E+0;










============================================================================
Função: CEC2017_06
============================================================================
parameter;AGEO2;AGEO2var_5;AGEO2real2_P_AA_p3;
meanNFE;1,00E+5;1,00E+5;1,00E+5;
meanFX;5,71E+0;1,71E+0;4,97E-6;
melhorFX;5,20E-1;1,29E-1;3,26E-7;
piorFX;1,46E+1;5,95E+0;2,29E-4;
medianFX;5,39E+0;1,35E+0;4,99E-7;
sdFX;3,60E+0;1,20E+0;3,21E-5;










============================================================================
Função: CEC2017_07
============================================================================
parameter;AGEO2;AGEO2var_5;AGEO2real2_P_AA_p3;
meanNFE;1,00E+5;1,00E+5;1,00E+5;
meanFX;5,65E+1;3,63E+1;3,06E+1;
melhorFX;2,15E+1;2,18E+1;1,51E+1;
piorFX;1,22E+2;6,05E+1;5,17E+1;
medianFX;5,70E+1;3,56E+1;2,87E+1;
sdFX;2,12E+1;8,90E+0;9,27E+0;










============================================================================
Função: CEC2017_08
============================================================================
parameter;AGEO2;AGEO2var_5;AGEO2real2_P_AA_p3;
meanNFE;1,00E+5;1,00E+5;1,00E+5;
meanFX;2,69E+1;1,66E+1;2,19E+1;
melhorFX;1,21E+1;7,32E+0;6,96E+0;
piorFX;4,91E+1;2,50E+1;4,38E+1;
medianFX;2,54E+1;1,66E+1;2,19E+1;
sdFX;9,13E+0;4,25E+0;8,53E+0;










============================================================================
Função: CEC2017_09
============================================================================
parameter;AGEO2;AGEO2var_5;AGEO2real2_P_AA_p3;
meanNFE;1,00E+5;1,00E+5;1,00E+5;
meanFX;1,65E+2;1,77E+1;3,65E+1;
melhorFX;1,28E+0;1,91E-1;7,03E-13;
piorFX;5,52E+2;7,48E+1;2,92E+2;
medianFX;1,31E+2;1,04E+1;1,92E+1;
sdFX;1,31E+2;1,74E+1;4,80E+1;










============================================================================
Função: CEC2017_10
============================================================================
parameter;AGEO2;AGEO2var_5;AGEO2real2_P_AA_p3;
meanNFE;1,00E+5;1,00E+5;1,00E+5;
meanFX;7,44E+2;5,02E+2;6,47E+2;
melhorFX;3,77E+2;5,61E+1;1,35E+2;
piorFX;1,30E+3;8,05E+2;1,25E+3;
medianFX;7,34E+2;5,31E+2;5,99E+2;
sdFX;2,05E+2;1,51E+2;2,38E+2;










============================================================================
Função: CEC2017_10
============================================================================
parameter;AGEO2;AGEO2var_5;AGEO2real2_P_AA_p3;
meanNFE;1,00E+5;1,00E+5;1,00E+5;
meanFX;7,30E+2;5,05E+2;6,44E+2;
melhorFX;1,50E+2;2,53E+2;1,40E+2;
piorFX;1,14E+3;8,00E+2;1,27E+3;
medianFX;7,67E+2;4,92E+2;6,11E+2;
sdFX;2,34E+2;1,36E+2;2,26E+2;










============================================================================
Função: CEC2017_11
============================================================================
parameter;AGEO2;AGEO2var_5;AGEO2real2_P_AA_p3;
meanNFE;1,00E+5;1,00E+5;1,00E+5;
meanFX;3,56E+3;3,23E+2;1,72E+1;
melhorFX;1,03E+1;1,35E+1;1,26E+0;
piorFX;2,15E+4;4,42E+3;4,09E+1;
medianFX;4,84E+2;1,41E+2;1,66E+1;
sdFX;4,89E+3;8,55E+2;9,23E+0;










============================================================================
Função: CEC2017_12
============================================================================
parameter;AGEO2;AGEO2var_5;AGEO2real2_P_AA_p3;
meanNFE;1,00E+5;1,00E+5;1,00E+5;
meanFX;2,21E+7;1,47E+6;1,98E+5;
melhorFX;1,01E+4;2,94E+4;7,44E+3;
piorFX;3,97E+8;8,60E+6;1,08E+6;
medianFX;1,82E+6;1,01E+6;1,14E+5;
sdFX;7,43E+7;1,74E+6;2,32E+5;










============================================================================
Função: CEC2017_13
============================================================================
parameter;AGEO2;AGEO2var_5;AGEO2real2_P_AA_p3;
meanNFE;1,00E+5;1,00E+5;1,00E+5;
meanFX;3,09E+7;4,40E+3;7,39E+4;
melhorFX;5,56E+2;2,56E+1;4,01E+1;
piorFX;1,39E+8;3,19E+4;5,28E+5;
medianFX;5,09E+5;1,29E+3;2,74E+4;
sdFX;4,90E+7;7,92E+3;1,13E+5;










============================================================================
Função: CEC2017_14
============================================================================
parameter;AGEO2;AGEO2var_5;AGEO2real2_P_AA_p3;
meanNFE;1,00E+5;1,00E+5;1,00E+5;
meanFX;2,63E+7;3,40E+2;4,87E+4;
melhorFX;1,01E+2;1,32E+1;1,34E+1;
piorFX;3,39E+8;3,48E+3;4,98E+5;
medianFX;1,23E+4;1,37E+2;7,59E+3;
sdFX;8,51E+7;5,66E+2;9,83E+4;










============================================================================
Função: CEC2017_15
============================================================================
parameter;AGEO2;AGEO2var_5;AGEO2real2_P_AA_p3;
meanNFE;1,00E+5;1,00E+5;1,00E+5;
meanFX;4,81E+5;2,49E+2;2,22E+4;
melhorFX;1,66E+1;8,13E+0;1,98E+0;
piorFX;1,71E+7;1,76E+3;1,46E+5;
medianFX;1,86E+3;1,32E+2;6,47E+3;
sdFX;2,51E+6;3,12E+2;3,30E+4;










============================================================================
Função: CEC2017_16
============================================================================
parameter;AGEO2;AGEO2var_5;AGEO2real2_P_AA_p3;
meanNFE;1,00E+5;1,00E+5;1,00E+5;
meanFX;2,70E+2;6,11E+1;3,29E+2;
melhorFX;3,66E+0;2,21E+0;5,58E-1;
piorFX;7,88E+2;1,81E+2;7,04E+2;
medianFX;2,93E+2;3,86E+1;3,52E+2;
sdFX;1,71E+2;5,43E+1;1,70E+2;










============================================================================
Função: CEC2017_17
============================================================================
parameter;AGEO2;AGEO2var_5;AGEO2real2_P_AA_p3;
meanNFE;1,00E+5;1,00E+5;1,00E+5;
meanFX;2,10E+2;2,50E+1;5,87E+1;
melhorFX;1,99E+1;3,63E+0;2,00E+0;
piorFX;4,99E+2;6,48E+1;2,48E+2;
medianFX;1,75E+2;2,55E+1;2,64E+1;
sdFX;1,42E+2;1,22E+1;6,23E+1;










============================================================================
Função: CEC2017_18
============================================================================
parameter;AGEO2;AGEO2var_5;AGEO2real2_P_AA_p3;
meanNFE;1,00E+5;1,00E+5;1,00E+5;
meanFX;2,67E+4;2,87E+3;1,70E+5;
melhorFX;9,43E+1;1,63E+2;1,41E+3;
piorFX;6,16E+5;8,09E+3;9,55E+5;
medianFX;7,37E+3;2,78E+3;4,40E+4;
sdFX;9,07E+4;2,17E+3;2,40E+5;










============================================================================
Função: CEC2017_19
============================================================================
parameter;AGEO2;AGEO2var_5;AGEO2real2_P_AA_p3;
meanNFE;1,00E+5;1,00E+5;1,00E+5;
meanFX;1,26E+4;4,11E+2;3,31E+4;
melhorFX;5,89E+0;1,02E+1;4,10E+1;
piorFX;2,98E+5;4,41E+3;2,11E+5;
medianFX;2,42E+3;7,61E+1;1,09E+4;
sdFX;4,22E+4;8,08E+2;4,69E+4;










============================================================================
Função: CEC2017_20
============================================================================
parameter;AGEO2;AGEO2var_5;AGEO2real2_P_AA_p3;
meanNFE;1,00E+5;1,00E+5;1,00E+5;
meanFX;2,44E+2;2,59E+1;6,52E+0;
melhorFX;4,54E+1;1,51E+0;7,62E-5;
piorFX;6,00E+2;7,04E+1;2,20E+1;
medianFX;2,28E+2;2,39E+1;4,97E+0;
sdFX;1,38E+2;1,38E+1;6,29E+0;










============================================================================
Função: CEC2017_21
============================================================================
parameter;AGEO2;AGEO2var_5;AGEO2real2_P_AA_p3;
meanNFE;1,00E+5;1,00E+5;1,00E+5;
meanFX;2,14E+2;2,17E+2;2,20E+2;
melhorFX;1,18E+2;2,04E+2;1,00E+2;
piorFX;2,43E+2;2,27E+2;2,47E+2;
medianFX;2,21E+2;2,17E+2;2,26E+2;
sdFX;2,70E+1;4,04E+0;3,12E+1;










============================================================================
Função: CEC2017_22
============================================================================
parameter;AGEO2;AGEO2var_5;AGEO2real2_P_AA_p3;
meanNFE;1,00E+5;1,00E+5;1,00E+5;
meanFX;5,85E+2;1,16E+2;6,16E+2;
melhorFX;5,33E+1;2,98E+1;1,00E+2;
piorFX;1,57E+3;1,58E+2;1,79E+3;
medianFX;5,79E+2;1,20E+2;6,02E+2;
sdFX;4,41E+2;2,47E+1;5,45E+2;










============================================================================
Função: CEC2017_23
============================================================================
parameter;AGEO2;AGEO2var_5;AGEO2real2_P_AA_p3;
meanNFE;1,00E+5;1,00E+5;1,00E+5;
meanFX;3,34E+2;3,17E+2;3,33E+2;
melhorFX;3,09E+2;3,09E+2;3,06E+2;
piorFX;5,63E+2;3,25E+2;4,64E+2;
medianFX;3,26E+2;3,16E+2;3,30E+2;
sdFX;3,89E+1;3,18E+0;2,30E+1;










============================================================================
Função: CEC2017_24
============================================================================
parameter;AGEO2;AGEO2var_5;AGEO2real2_P_AA_p3;
meanNFE;1,00E+5;1,00E+5;1,00E+5;
meanFX;3,27E+2;3,30E+2;3,22E+2;
melhorFX;1,69E+2;2,07E+2;1,00E+2;
piorFX;3,95E+2;3,63E+2;3,79E+2;
medianFX;3,56E+2;3,46E+2;3,50E+2;
sdFX;6,52E+1;4,49E+1;7,78E+1;










============================================================================
Função: CEC2017_25
============================================================================
parameter;AGEO2;AGEO2var_5;AGEO2real2_P_AA_p3;
meanNFE;1,00E+5;1,00E+5;1,00E+5;
meanFX;4,93E+2;4,20E+2;4,08E+2;
melhorFX;2,80E+2;1,99E+2;2,00E+2;
piorFX;6,99E+2;4,54E+2;4,50E+2;
medianFX;4,62E+2;4,25E+2;4,00E+2;
sdFX;7,77E+1;4,10E+1;4,69E+1;










============================================================================
Função: CEC2017_26
============================================================================
parameter;AGEO2;AGEO2var_5;AGEO2real2_P_AA_p3;
meanNFE;1,00E+5;1,00E+5;1,00E+5;
meanFX;8,26E+2;4,04E+2;8,61E+2;
melhorFX;2,21E+2;6,66E+1;1,61E-5;
piorFX;1,68E+3;7,61E+2;1,69E+3;
medianFX;5,38E+2;4,09E+2;5,78E+2;
sdFX;4,60E+2;1,13E+2;5,72E+2;










============================================================================
Função: CEC2017_27
============================================================================
parameter;AGEO2;AGEO2var_5;AGEO2real2_P_AA_p3;
meanNFE;1,00E+5;1,00E+5;1,00E+5;
meanFX;4,19E+2;3,98E+2;4,29E+2;
melhorFX;3,92E+2;3,92E+2;3,94E+2;
piorFX;4,98E+2;4,02E+2;5,00E+2;
medianFX;4,14E+2;3,98E+2;4,28E+2;
sdFX;2,32E+1;2,29E+0;2,69E+1;










============================================================================
Função: CEC2017_28
============================================================================
parameter;AGEO2;AGEO2var_5;AGEO2real2_P_AA_p3;
meanNFE;1,00E+5;1,00E+5;1,00E+5;
meanFX;5,62E+2;4,95E+2;5,25E+2;
melhorFX;2,13E+2;3,71E+2;3,00E+2;
piorFX;8,87E+2;6,34E+2;9,29E+2;
medianFX;6,08E+2;4,82E+2;5,83E+2;
sdFX;1,32E+2;8,45E+1;1,41E+2;










============================================================================
Função: CEC2017_29
============================================================================
parameter;AGEO2;AGEO2var_5;AGEO2real2_P_AA_p3;
meanNFE;1,00E+5;1,00E+5;1,00E+5;
meanFX;3,42E+2;3,15E+2;3,76E+2;
melhorFX;2,65E+2;1,96E+2;2,47E+2;
piorFX;4,60E+2;4,40E+2;6,67E+2;
medianFX;3,36E+2;3,23E+2;3,67E+2;
sdFX;5,02E+1;5,20E+1;8,52E+1;










============================================================================
Função: CEC2017_30
============================================================================
parameter;AGEO2;AGEO2var_5;AGEO2real2_P_AA_p3;
meanNFE;1,00E+5;1,00E+5;1,00E+5;
meanFX;7,39E+5;5,98E+5;8,55E+4;
melhorFX;7,33E+2;2,29E+4;2,35E+3;
piorFX;3,15E+6;1,54E+6;4,91E+5;
medianFX;3,83E+5;4,46E+5;5,90E+4;
sdFX;8,83E+5;4,14E+5;8,59E+4;


Execution Time: 3777267 ms
