




============================================================================
O que irá executar a seguir: executar_algoritmos
============================================================================













============================================================================
Função: griewangk
============================================================================
parameter;AGEO2var_5;GEOreal2_P_DS;AGEOreal2_P_DS;
meanNFE;100100;100000;100000;
meanFX;0,008262282510636536;0,03388808071989957;0,012209678336340408;
melhorFX;0,00044834263462478763;0;0;
piorFX;0,04267046475292291;0,11799283814788442;0,049163723187979014;
medianFX;0,006211492604354385;0,027036998028778902;0,009857284607826422;
sdFX;0,0077112423061884705;0,026037836267979186;0,012098939879416522;
==========================================================
===> f(x) médio para cada NFE:
NFE;AGEO2var_5;GEOreal2_P_DS;AGEOreal2_P_DS;
5;240,69106634912842;299,795934924474;299,9815605396485;
50;209,51089190548274;297,92225968316137;298,20517904944353;
100;197,82297831229175;297,05036824369677;296,5394736690113;
500;60,44708703832539;269,78925147276743;287,98847885901506;
1000;2,9279245227938304;239,42535583911385;267,0652581594812;
1500;0,5458473850490645;210,49092955020885;239,09447195456752;
2000;0,28941129621945605;184,0005534742165;210,52213555594528;
2500;0,2667087494036422;160,1735259700797;183,43962401006956;
3000;0,2663894782053837;138,82197346886517;159,89834391716025;
3500;0,25870409260522137;118,65116146935945;136,49799820982372;
4000;0,21700811834219486;102,1432677238159;115,07319733065624;
4500;0,18752238809910218;87,64488791329956;96,07430893293049;
5000;0,14203447812620223;74,31730750910202;80,17655605130507;
6000;0,12911157567125303;51,51200568476893;53,785296713777726;
7000;0,12213923810418631;33,515562378935904;34,637476428763705;
8000;0,1048289707687261;21,199744273762214;21,08794395551553;
9000;0,09441396630134438;13,473072681278014;12,223459889628785;
10000;0,0833449239016022;7,310429373962594;6,507119847262958;
12000;0,07675638144556132;2,5424895743183282;1,7679004454067169;
14000;0,06384646488372071;1,0945913051387333;0,5715306164230711;
16000;0,060703155214101606;0,460926035811088;0,20516434941428885;
18000;0,050729316134046354;0,20415864687852195;0,11023310240022229;
20000;0,04671118210434796;0,13556188513418221;0,07478281384609044;
25000;0,03689226875285289;0,051409385952316526;0,03784181521009529;
30000;0,028950939144434668;0,04016794276330659;0,03217997883972542;
35000;0,023484470850191723;0,03887266118149442;0,027405276014052148;
40000;0,019920513016139795;0,03749254886994206;0,02420998859977037;
45000;0,01843436531229784;0,03739491853184667;0,021265608687008806;
50000;0,0172496519059138;0,03610370537419187;0,020719003772924856;
55000;0,016445515176836054;0,036103695423144705;0,01929212439978834;
60000;0,014041385438322996;0,03580883973565194;0,01884971122233222;
65000;0,011716047053538231;0,035366302545576794;0,016883261827562043;
70000;0,011074627533316037;0,034430881187325235;0,016341441538792592;
75000;0,011074627533316037;0,03443088102870233;0,01511258378853418;
80000;0,010172656794047634;0,0344308810287023;0,014274774292766752;
85000;0,008470020528185733;0,03403649199929967;0,01427477428498034;
90000;0,008452631718747623;0,033888080719916856;0,012700954641651092;
95000;0,008300640178517733;0,033888080719899606;0,012553026568051318;
100000;0,008262282510636536;0,03388808071989957;0,012209678336669529;











============================================================================
Função: rastringin
============================================================================
parameter;AGEO2var_5;GEOreal2_P_DS;AGEOreal2_P_DS;
meanNFE;100160;100000;100000;
meanFX;11,92237482727037;1,4210854715202005E-15;1,3358203432289883E-14;
melhorFX;4,967264452945173;0;0;
piorFX;19,14873503807255;7,105427357601002E-15;4,263256414560601E-14;
medianFX;11,975189554329774;0;1,4210854715202004E-14;
sdFX;2,9961786914904738;2,871026210164618E-15;9,038034286257788E-15;
==========================================================
===> f(x) médio para cada NFE:
NFE;AGEO2var_5;GEOreal2_P_DS;AGEOreal2_P_DS;
5;223,4678273739708;225,5639333087607;225,3440058746706;
50;215,4198526193268;221,76428231793122;220,94503335701904;
100;212,52571149903608;219,0028202028798;218,68623033580943;
500;171,50715635418365;146,07617121483418;203,00081489688992;
1000;92,0092540871705;102,6474438961587;175,5220115657249;
1500;56,11031326671211;66,93567602317587;132,94530680694498;
2000;31,14925376562153;48,51559088724627;105,26353661234843;
2500;25,85469376847988;33,896654178193295;72,23358332301014;
3000;24,231917628641394;24,60937247750335;53,254785535416204;
3500;23,871188432778414;16,74940509178661;37,007865081868516;
4000;23,83671101299884;12,848010426823349;27,134180240497322;
4500;23,832644043428218;9,672722765558383;20,061908720118527;
5000;23,83239044249829;7,83160063723236;15,326865121810046;
6000;23,83226679102037;4,7827806338395185;9,284099338928414;
7000;23,832249719360913;3,2857023563620125;5,475070569512225;
8000;23,55864483355111;2,1948049150501263;3,5197539098384785;
9000;22,093719372586428;1,7367124238717702;2,6558283618191667;
10000;20,50710615213099;1,3084012191476038;1,8908916952822923;
12000;19,507988501295184;0,7631664365057783;0,9541022223737905;
14000;19,29362712956631;0,45054444894321466;0,4623378739196569;
16000;18,56360276228756;0,19950793933758804;0,23672237385354905;
18000;17,87138954015391;0,10420852052745147;0,17094274998164521;
20000;17,536902963112567;0,042141893497139336;0,09865735594701391;
25000;16,59170793336114;0,0006090062981301969;0,020004193821335007;
30000;15,126380224087997;9,379164112033323E-15;0,0003930670315062912;
35000;14,37349697427994;7,673861546209083E-15;1,8159198589273727E-11;
40000;13,870765175642294;5,968558980384841E-15;1,7565753296366892E-11;
45000;13,728823186584656;4,263256414560601E-15;1,7562911125423854E-11;
50000;13,460536889431673;3,694822225952521E-15;1,7553816178406123E-11;
55000;13,362585897985136;3,126388037344441E-15;2,8279600883251987E-14;
60000;13,105248056964921;2,9842794901924207E-15;2,7142732506035826E-14;
65000;13,049359714106394;2,7000623958883807E-15;2,5579538487363607E-14;
70000;12,92252116279913;2,5579538487363606E-15;1,6342482922482303E-14;
75000;12,900836028454627;2,2737367544323206E-15;1,5916157281026246E-14;
80000;12,705169648057394;1,9895196601282807E-15;1,5631940186722205E-14;
85000;12,227169154494334;1,7053025658242404E-15;1,3926637620897963E-14;
90000;12,14839641319312;1,4210854715202005E-15;1,3500311979441903E-14;
95000;12,146217392773591;1,4210854715202005E-15;1,3358203432289883E-14;
100000;11,92237482727037;1,4210854715202005E-15;1,3358203432289883E-14;











============================================================================
Função: rosenbrock
============================================================================
parameter;AGEO2var_5;GEOreal2_P_DS;AGEOreal2_P_DS;
meanNFE;100022;100000;100000;
meanFX;4,7023422749998345E-05;7,844893677547109E-08;9,575270704452448E-06;
melhorFX;0;3,1559243677887244E-11;2,94415321623403E-10;
piorFX;0,00019785609999997385;1,711900189313729E-06;0,0002242837743940273;
medianFX;2,9401600000061115E-05;2,034145477301544E-09;1,213363506196815E-08;
sdFX;5,053722798025667E-05;3,07481221161349E-07;4,345363308515176E-05;
==========================================================
===> f(x) médio para cada NFE:
NFE;AGEO2var_5;GEOreal2_P_DS;AGEOreal2_P_DS;
5;89,68113237663538;370,7933266422495;370,6596155363739;
50;14,153983768533498;361,65404350718296;365,0384477484972;
100;2,1440571873875007;350,28530716455856;356,6674883192737;
500;0,9408778547471249;269,7680624356007;275,4499360577617;
1000;0,6603383720363749;193,89923221993686;197,42342084525376;
1500;0,36016140378237516;138,5943353519316;137,47704090115386;
2000;0,26232499405375015;97,73278888335304;97,54707701594077;
2500;0,20649265455337507;67,80070015630588;65,75092409899283;
3000;0,17197791028762513;46,879885146097735;44,665278413529734;
3500;0,15283819354562506;32,33589830007751;30,53000174640598;
4000;0,0922134866970001;22,02660596073562;21,440524516908013;
4500;0,053560122859125064;15,852217443065838;15,36769671402381;
5000;0,05161726584150003;11,487187890065679;11,165982360031405;
6000;0,02743955673950006;5,78369990732779;5,415534362378946;
7000;0,025875268851500054;2,4690756682458557;2,2908689144286902;
8000;0,01261953342125005;0,8581203858314456;0,8618591035684318;
9000;0,007995769245000017;0,3953703250141723;0,35994362749277947;
10000;0,007557131016750038;0,26065019013954305;0,236662720569629;
12000;0,002635061186875037;0,1125620778533733;0,10493183599906168;
14000;0,0006727078524999963;0,05357112459531654;0,049633307667053116;
16000;0,0006185355148749943;0,028864078013101032;0,029649515591176897;
18000;0,0005228852987499954;0,017507140234696024;0,019387536719217124;
20000;0,0005156746886249948;0,011312991978734567;0,013842107895482285;
25000;0,00019566816237500035;0,0042774983957649445;0,0060848363719028095;
30000;0,00014519346625000129;0,0017234764449692841;0,003407041219812975;
35000;0,0001334229223750012;0,0007296185024543805;0,0019346650381718766;
40000;9,560134437500033E-05;0,00031173774805357717;0,0012192107304549624;
45000;8,213045262499857E-05;0,0001450399226930382;0,0007782580223517856;
50000;7,205279274999913E-05;6,104136132077292E-05;0,00036667782503786164;
55000;7,019232887500348E-05;2,612426779133406E-05;0,0002142930727104286;
60000;6,501812274999954E-05;1,2732817920072398E-05;0,000133795936773237;
65000;6,501812274999954E-05;7,0507276788959E-06;8,792169893708494E-05;
70000;5,902052087499874E-05;2,8358085804662567E-06;5,6972817812732996E-05;
75000;5,65897447499972E-05;1,0175277165034569E-06;1,884492765244294E-05;
80000;5,624242462499715E-05;4,168962707925403E-07;1,6275569317984512E-05;
85000;5,1690774749996425E-05;3,0806159439107536E-07;1,4012953652447007E-05;
90000;5,0922972874996856E-05;1,9885922491186195E-07;9,578292800802474E-06;
95000;4,837374287499808E-05;7,905447134831832E-08;9,57771227915529E-06;
100000;4,7023422749998345E-05;7,844893677547109E-08;9,575270704452448E-06;











============================================================================
Função: schwefel
============================================================================
parameter;AGEO2var_5;GEOreal2_P_DS;AGEOreal2_P_DS;
meanNFE;100000;100000;100000;
meanFX;304,80674828662404;0,00012727566261673927;0,00012727566821922663;
melhorFX;68,78787492469019;0,00012727566172543447;0,00012727566263492918;
piorFX;589,804193614073;0,00012727566263492918;0,0001272758763661841;
medianFX;318,0795100064661;0,00012727566263492918;0,00012727566354442388;
sdFX;106,92534400428248;1,2862197421537523E-13;3,0082152977434206E-11;
==========================================================
===> f(x) médio para cada NFE:
NFE;AGEO2var_5;GEOreal2_P_DS;AGEOreal2_P_DS;
5;3893,1016293197436;4013,7261529449797;4007,47521681594;
50;3684,66741483665;3801,462929955133;3807,797820853464;
100;3542,573884676899;3717,5043449650693;3715,473452677966;
500;2294,619184515026;1639,880894766641;2907,9827205233632;
1000;1243,5829982015418;1007,6590475965626;1926,9913708312604;
1500;942,2435765226192;755,9087339569274;1156,6537320589066;
2000;926,4789050029286;584,6465093489301;784,9698658179406;
2500;920,9065930883626;491,8331912026237;645,7149080763988;
3000;919,8218292739547;441,8653821931633;530,810857950078;
3500;913,7581180804522;392,37102320562417;478,36867458735077;
4000;895,2424536315012;335,7166067370814;407,9979288008653;
4500;850,308590317714;292,80444680741226;371,918336433898;
5000;808,7399954743996;258,5540543727972;338,62685984919136;
6000;768,1693133798452;222,71728248624;291,935157362842;
7000;728,5094056808202;185,35949667281494;237,85679613144328;
8000;695,7442450320755;143,2803110343209;199,17580511798863;
9000;686,7602935027861;116,44448264679198;175,80052200117055;
10000;656,9982901876399;108,84015304903207;142,97215604900575;
12000;619,8189319973219;72,63948461458284;106,70157688587261;
14000;611,6359533928673;48,743433331854256;88,79489397315899;
16000;585,7834753431194;31,777139068846655;69,34916181795914;
18000;538,3782763134694;24,48302284039306;64,01850984535378;
20000;517,6639089651145;16,581792706504483;56,881015920020175;
25000;464,0259032313424;7,106565371067572;33,44031909017826;
30000;444,0150831988041;4,737660660240872;26,919988422047673;
35000;430,0667261970863;0,031130048802879173;14,212756608910059;
40000;414,5888109590818;0,00012727566321700577;7,5655982715549275;
45000;403,91972502404207;0,000127275662835018;7,106427363422244;
50000;385,6412774850819;0,00012727566279863823;4,737660674510289;
55000;370,7228106393918;0,00012727566276225842;2,36889397901361;
60000;361,4847618683553;0,00012727566265311908;2,368893979013119;
65000;354,4392298924115;0,00012727566261673927;2,3688939788345307;
70000;346,036726820905;0,00012727566261673927;2,368893978834367;
75000;337,16039464392225;0,00012727566261673927;0,000644680566038005;
80000;333,77219044922805;0,00012727566261673927;0,00012728654974125675;
85000;330,2901287572208;0,00012727566261673927;0,00012727566860121442;
90000;319,5235873846267;0,00012727566261673927;0,000127275668328366;
95000;312,2100539305848;0,00012727566261673927;0,00012727566823741654;
100000;304,80674828662404;0,00012727566261673927;0,00012727566821922663;











============================================================================
Função: ackley
============================================================================
parameter;AGEO2var_5;GEOreal2_P_DS;AGEOreal2_P_DS;
meanNFE;100320;100200;100200;
meanFX;0,6744581459688845;5,5251792687727177E-08;2,864690777926171E-08;
melhorFX;0,0035143568051942964;3,610857035596382E-08;2,1803856498081586E-08;
piorFX;1,6463102082021095;1,9695984931900057E-07;3,295316020057726E-08;
medianFX;0,011387922681066698;4,955815668949981E-08;2,8603277968386465E-08;
sdFX;0,7071389774478472;2,275284450785619E-08;2,3021995042287405E-09;
==========================================================
===> f(x) médio para cada NFE:
NFE;AGEO2var_5;GEOreal2_P_DS;AGEOreal2_P_DS;
5;20,989443941605458;21,016162469046485;21,015676057132314;
50;20,946524099782465;20,984116567508696;20,98581774732228;
100;20,929297172582228;20,97248999400802;20,97458201729015;
500;20,585333827296513;20,08815281970493;20,864502963458666;
1000;19,656012605852357;19,249720651639908;20,49431333011726;
1500;18,078016947855428;18,994560921120552;20,223723993594568;
2000;16,001553557039298;18,58495164208935;19,76571812179115;
2500;13,337616866304607;18,14181938413042;19,360797649662764;
3000;9,925650973517921;17,772438698665397;19,16445845386702;
3500;6,927823426204875;16,97639512180527;18,668475367742346;
4000;4,6417513879589425;16,023657921743492;18,120920193142766;
4500;3,054738164694433;15,246760095141683;17,715800846093632;
5000;2,320405731452965;13,815349205244098;16,872901191288076;
6000;1,798393133351912;11,258441997652717;15,04158940970558;
7000;1,5954856014138366;8,08420148748582;12,121656925630173;
8000;1,5460413476042763;6,0435670872557266;9,45323846121924;
9000;1,52951207138005;4,208664289922507;7,146167854675924;
10000;1,5251164826019457;2,995686221014947;5,0361622279741365;
12000;1,5247892888270937;1,5535103579742988;2,536832837605146;
14000;1,504366040215958;0,6199426988624299;1,119674572566154;
16000;1,4871699847820938;0,1914545625733448;0,4489919855928445;
18000;1,4497863178598813;0,028343532046920857;0,13423007295495906;
20000;1,3969317160628605;0,0027838682738904196;0,035920638670465264;
25000;1,3106210019914313;3,266357440409706E-05;0,00020363497981385593;
30000;1,198394481181896;2,7132372843396978E-06;1,022016735419129E-07;
35000;1,0916696471129266;4,4562435398631804E-07;3,539568645294366E-08;
40000;1,0252362698025543;1,3233942510737507E-07;3,2916958332407376E-08;
45000;0,975886882804464;8,711842340858311E-08;3,183058552735929E-08;
50000;0,974893061138838;7,830542770648208E-08;3,130261866601813E-08;
55000;0,929622565577446;7,309406683475573E-08;3,078745642426384E-08;
60000;0,8209085953738545;7,071938647129628E-08;3,0485551434367156E-08;
65000;0,8176629288940833;6,81310291383852E-08;3,0136547337633604E-08;
70000;0,8056792365147274;6,487598689375317E-08;2,986407579896877E-08;
75000;0,7773825355907852;6,297096625473842E-08;2,9537694672399084E-08;
80000;0,7701876483526672;6,001325125737367E-08;2,9267210663874722E-08;
85000;0,7402395669155879;5,847596412422718E-08;2,9100468950105097E-08;
90000;0,7014432758121731;5,662078493173794E-08;2,8989748201979638E-08;
95000;0,7012610626223857;5,620611780443596E-08;2,878806562023328E-08;
100000;0,6744874841808658;5,5251792687727177E-08;2,8660478292863445E-08;











============================================================================
Função: beale
============================================================================
parameter;AGEO2var_5;GEOreal2_P_DS;AGEOreal2_P_DS;
meanNFE;100022;100000;100000;
meanFX;0,0001955417714721101;7,804663049022041E-09;1,570871918843675E-05;
melhorFX;1,6778542554548538E-07;2,460956840940535E-10;3,084383064736827E-08;
piorFX;0,0016765669224807522;5,067488039188339E-08;0,00013864193946799754;
medianFX;0,0001434199469481289;4,4246166665539025E-09;4,074438154080988E-06;
sdFX;0,00025757584412280026;9,648612119715697E-09;2,90451852658656E-05;
==========================================================
===> f(x) médio para cada NFE:
NFE;AGEO2var_5;GEOreal2_P_DS;AGEOreal2_P_DS;
5;251,1460172435148;5502,046043960041;5093,169044757199;
50;6,436234386998961;22,362095086494584;352,1665217180678;
100;2,9306379599126533;1,692693141365242;27,949825806959325;
500;1,080334622975907;0,6375642899312277;0,47295690380396577;
1000;0,6711779186177158;0,4639199549576494;0,1745466142064756;
1500;0,4100190377850889;0,37768461234878603;0,06899285653483311;
2000;0,3722737085681974;0,33832130054685067;0,028206698248729;
2500;0,31590144503379497;0,29531013363728387;0,01097524255990957;
3000;0,2594595355424967;0,2629423263066176;0,008216711141356308;
3500;0,20170223557823352;0,24871762641687684;0,00445986206378308;
4000;0,17470358506010805;0,22097884498879405;0,0029146152043225825;
4500;0,1569955347160271;0,21283768770914333;0,002429178298384024;
5000;0,11902495848956382;0,19888805328816533;0,002179222414206917;
6000;0,08551010423965405;0,19606691938407908;0,001801316347514328;
7000;0,06381581526352294;0,18528861384098316;0,0013637611562707784;
8000;0,05834620955301365;0,1776660142543498;0,0008922705886660857;
9000;0,055165155114097635;0,17708627584806508;0,0007018816132263163;
10000;0,05278363256575604;0,14666309076644066;0,0006504712139442197;
12000;0,044032972431871965;0,1327008590454127;0,0005817180335676361;
14000;0,04231182158051276;0,13136953199072662;0,0004809658176741377;
16000;0,0411375258083064;0,1022982367298308;0,00040858328057863803;
18000;0,027091482955249668;0,07063537006192816;0,00036934192434462637;
20000;0,01840255771675194;0,07054060656150671;0,00032706223833238533;
25000;0,014223584369084401;0,030465961768694854;0,00023391008880800721;
30000;0,013845377122837179;0,015232804961644957;0,00013889769102469671;
35000;0,0018931797826810628;0,0002868948794100936;7,6949546057029E-05;
40000;0,001199623042564272;7,93480535469971E-07;7,100373045917299E-05;
45000;0,0008056465066629656;1,406353029018638E-07;6,008758913596721E-05;
50000;0,0007076371367983103;1,1697819054055814E-07;5,292035056503073E-05;
55000;0,0003163394663220738;6,154296559988499E-08;4,954426993804211E-05;
60000;0,0002968737815341336;3,671933645488068E-08;4,618772492445729E-05;
65000;0,000277443217853953;2,1693899885594344E-08;4,02069543497071E-05;
70000;0,0002691818116518419;2,0105476267128976E-08;3,0319464089385244E-05;
75000;0,0002295885156467761;1,4347485551529329E-08;2,233047560976227E-05;
80000;0,00022364787944590555;1,007457706593865E-08;1,784607952949325E-05;
85000;0,00021103353537212395;9,942839566795574E-09;1,784607952949325E-05;
90000;0,00020167388503205237;9,227204847002285E-09;1,7256106395059994E-05;
95000;0,0001975762756751081;8,397800092944402E-09;1,6375662407856558E-05;
100000;0,0001955417714721101;7,804663049022041E-09;1,570871918843675E-05;



Execution Time: 410 s
