




============================================================================
O que irá executar a seguir: executar_algoritmos
============================================================================













============================================================================
Função: griewangk
============================================================================
parameter;AGEO2real2_P_AA_p0;AGEO2real2_P_AA_p1;AGEO2real2_P_AA_p2;AGEO2real2_P_AA_p3;
meanNFE;100100;100100;100100;100089;
meanFX;0,15854571311564383;0,39342701547172937;109,35658668670588;0,020171497448728683;
melhorFX;0,0584824213373174;0,20559630797732598;30,31441208184591;1,2480017019811385E-12;
piorFX;0,21310312591805725;0,5568450124391581;246,12780810243487;0,08107902717916937;
medianFX;0,15834398163583774;0,41200240328554505;84,44994969961026;0,014779776758451102;
sdFX;0,03469764876972576;0,08382837615929468;67,07149257857048;0,019110616970548493;
==========================================================
===> f(x) médio para cada NFE:
NFE;AGEO2real2_P_AA_p0;AGEO2real2_P_AA_p1;AGEO2real2_P_AA_p2;AGEO2real2_P_AA_p3;
5;273,3898933795166;275,23564609360926;258,1352197183263;257,41824981330296;
50;255,01752502541729;253,1295604496566;234,37280180143452;240,09982890308595;
100;247,48310396360066;245,17483085853146;234,37280180143452;238,73817176463416;
500;147,3211980367119;150,21438460745335;229,76939673725477;158,47010955713833;
1000;38,3144531721272;36,23972103691323;220,11415286637646;80,6412619653804;
1500;6,426653214661145;8,353291649178981;211,56064486793446;17,59494245060872;
2000;1,1836759153586485;2,505902882695593;208,04027064888353;4,007316850234518;
2500;0,5978620611663817;1,2197751810484723;202,07445651700928;1,6043393252798923;
3000;0,4975971937066045;0,821958452763727;198,1269659195295;0,7908644703998037;
3500;0,44383568344658625;0,7907479813053206;191,49661740460357;0,18474016000068413;
4000;0,3975036797663031;0,7529921623770204;185,29579815823675;0,11221361869086302;
4500;0,37888518890048195;0,7267816055243033;183,0747039069042;0,06769849928974779;
5000;0,36701091390295204;0,6942383611281577;181,7365270163915;0,06393270347127214;
6000;0,34131471496247257;0,6721279076995822;180,44379508639395;0,056276015631333415;
7000;0,32143197607205193;0,6558614323511684;178,81281630326964;0,05404709137712994;
8000;0,3173241518144637;0,6384164539051543;177,42964643652212;0,05205981289571012;
9000;0,30701338717803156;0,615555106761947;174,38053410888483;0,046363773508451514;
10000;0,2995966387624541;0,6066545707333387;171,23187860137742;0,04019575010838206;
12000;0,28934397660476985;0,5894700973454949;168,2123967814823;0,03709113255362176;
14000;0,2772280124862397;0,5613114053084892;164,09049989927354;0,036403897672168166;
16000;0,2657953941549124;0,5414525713871923;163,24175812342375;0,03596133416764398;
18000;0,2617598151046401;0,5276533952962886;159,01059120851968;0,033769271839174726;
20000;0,24337970568428105;0,5235477240656911;154,9771022153124;0,03281182362693968;
25000;0,2358151852667428;0,5083326440214403;147,19947366511715;0,03271432468250428;
30000;0,2214453596475758;0,4964734959986613;141,521328305407;0,03200671003681668;
35000;0,21062448656143404;0,47650647395184775;141,521328305407;0,030451890421968688;
40000;0,20324353336200673;0,46246562632152527;140,36226442606173;0,028386130123801135;
45000;0,1949001975730299;0,45379034872840845;131,97383612875538;0,02710882774139886;
50000;0,19189743981426205;0,44596448094064906;124,29287721311987;0,026173486414746424;
55000;0,1847940906117541;0,44004164286312153;123,4383990252796;0,026026841708975398;
60000;0,18040431469943363;0,43426604601199903;120,18650812325903;0,02583072395765984;
65000;0,1776971626647078;0,4272461919098854;118,5054796832909;0,025200138398360813;
70000;0,17238706511768265;0,41662524004468293;117,86076740909596;0,025190700818713472;
75000;0,17129015175352663;0,416039300118401;114,66080955849817;0,023679566467760208;
80000;0,16994970705128729;0,40594715358879374;114,66080955849817;0,02307378255292889;
85000;0,16379715548061036;0,40263972795720593;114,66080955849817;0,022288538419811568;
90000;0,15992058189346495;0,40263972795720593;112,7731366347715;0,021697249252710025;
95000;0,1588021943734616;0,3981225698000397;109,35658668670588;0,021697249251149308;
100000;0,15854571311564383;0,39342701547172937;109,35658668670588;0,02017154274115524;











============================================================================
Função: rastringin
============================================================================
parameter;AGEO2real2_P_AA_p0;AGEO2real2_P_AA_p1;AGEO2real2_P_AA_p2;AGEO2real2_P_AA_p3;
meanNFE;100170;100170;100170;100170;
meanFX;31,349603861751586;0,17172697206579698;190,48130809728224;3,353761712787673E-13;
melhorFX;3,95795981898425;0,077256483124863;96,06547536348756;1,9895196601282805E-13;
piorFX;66,88880579575631;0,2800061245027834;259,8158830797577;4,831690603168681E-13;
medianFX;29,52351924238781;0,17401117436347846;197,5697571256527;3,268496584496461E-13;
sdFX;14,286833277761;0,04385658997187452;40,08314431595451;7,18617344238699E-14;
==========================================================
===> f(x) médio para cada NFE:
NFE;AGEO2real2_P_AA_p0;AGEO2real2_P_AA_p1;AGEO2real2_P_AA_p2;AGEO2real2_P_AA_p3;
5;242,87930962640036;242,75710574843356;238,48976371938477;237,65239030670168;
50;234,3548501006862;233,08223992207684;227,34176524523676;228,15018093595046;
100;232,25766639865148;230,54303422949502;227,34176524523676;228,15018093595046;
500;198,90860307010564;194,7756397526136;224,62167056030881;210,26028224512268;
1000;163,81288505620586;152,98866371361186;223,47401659024362;178,0481344493249;
1500;130,2401490212403;102,79151999498922;219,33897969728153;149,43219770337578;
2000;120,65546523741841;70,78506385634805;218,07562779320455;97,58749158379938;
2500;116,49651983716127;48,93453277979607;217,3512782296263;60,70822928570688;
3000;110,15232405301391;29,026985685223053;213,87657319672763;43,44337699375297;
3500;108,82379642639658;19,81784997905824;212,77974287121523;27,262581052414884;
4000;107,47676589254617;12,608570152967825;211,23528196143405;13,93845547119168;
4500;107,20634587295774;8,7718346713574;209,55314296708755;10,383758463196063;
5000;105,14549391391927;6,150125658983447;206,88942916193034;6,302951352733271;
6000;100,57122894321643;3,1838125380286884;203,1321995705404;4,141003989774815;
7000;99,53786915882894;2,0226729191141284;201,74969112353173;2,8486652930682497;
8000;97,25905258751132;1,2621324621898922;201,00079026896208;1,867749525949848;
9000;96,04572512668354;1,0036718949706165;200,3901862124864;1,3305008360833068;
10000;93,7985301353188;0,6851311434230004;199,6083159481492;0,9096466185566815;
12000;89,00628691744701;0,5266569062895993;198,6624803308644;0,5621149494418048;
14000;84,93598733202838;0,37781010290141637;198,1619526850454;0,44057058186203973;
16000;82,3668915189474;0,3232154131975875;196,57770346350347;0,23789915832142441;
18000;78,31814223271562;0,2759716470461537;196,57770346350347;0,11924823731321979;
20000;74,89604813039409;0,26322599662498136;196,57770346350347;0,09833827670443085;
25000;71,21327965664624;0,24596137009972197;195,70445744501183;0,006742620186839901;
30000;63,73338214630492;0,2320950659796891;195,70445744501183;2,3391336867462085E-10;
35000;60,10140416710046;0,22444801620872198;195,70445744501183;4,789058039023076E-13;
40000;56,80837051220078;0,21906501806703774;194,95956493611536;4,2035708247567525E-13;
45000;53,79391812232263;0,20936024846274065;194,95956493611536;4,035882739117369E-13;
50000;49,41055888109298;0,20274191231915054;194,95956493611536;3,930722414224874E-13;
55000;46,42656012236295;0,20036748074718602;194,95956493611536;3,8610892261203847E-13;
60000;43,75496752672904;0,19174599370396678;194,95956493611536;3,774403012357652E-13;
65000;41,49014076667075;0,18740217279290022;194,95956493611536;3,7005065678386016E-13;
70000;40,251788148815336;0,1866443927171278;194,95956493611536;3,650768576335395E-13;
75000;39,677573072964506;0,1866443927171278;194,95956493611536;3,588240815588506E-13;
80000;37,22456390791525;0,1862583837830944;194,95956493611536;3,54418716597138E-13;
85000;35,621116236187106;0,18207529606208753;194,95956493611536;3,4361846701358445E-13;
90000;34,395764786357326;0,18006098129351983;192,39398873655398;3,390709935047198E-13;
95000;32,972893825503526;0,1723333400437974;190,55403177844263;3,3807623367465566E-13;
100000;31,399870522281567;0,17172697206579698;190,48130809728224;3,353761712787673E-13;











============================================================================
Função: rosenbrock
============================================================================
parameter;AGEO2real2_P_AA_p0;AGEO2real2_P_AA_p1;AGEO2real2_P_AA_p2;AGEO2real2_P_AA_p3;
meanNFE;100020;100020;100020;100008;
meanFX;3,08855204369334E-05;4,308823845739251E-05;0,22359615381917122;0,006984262346941283;
melhorFX;5,3142106848001036E-09;3,3411220904215226E-07;1,4393795138756444E-05;1,9753713255359582E-05;
piorFX;0,00025618100759691346;0,0005398855879442404;4,931220086377069;0,05286630590309886;
medianFX;1,5038628764418007E-05;1,9548205241357282E-05;0,048510426000097286;0,001753755370188846;
sdFX;5,095381246973841E-05;7,985805931158211E-05;0,7060932049978857;0,013222580872552792;
==========================================================
===> f(x) médio para cada NFE:
NFE;AGEO2real2_P_AA_p0;AGEO2real2_P_AA_p1;AGEO2real2_P_AA_p2;AGEO2real2_P_AA_p3;
5;240,2033163200887;270,592431015137;171,91048176641993;186,31602134231204;
50;97,92709856815488;120,8333302739522;145,6146333525805;91,721549565104;
100;66,5941345408034;45,82262153783479;144,78075719677307;33,94834409977104;
500;1,2973386359966899;1,2233908528773678;37,91062521010533;2,266677817328802;
1000;1,0958052484709486;0,9630958711668016;15,90613105079959;1,6646830632499867;
1500;0,8539317788205522;0,8423338912852814;12,642386911113206;1,442124572941429;
2000;0,769433853838455;0,7874732920219395;8,57029062289298;1,3780981780515438;
2500;0,6444119453872144;0,6737526632558971;7,046765578144719;1,3206163035691685;
3000;0,5584209712890336;0,6460099043429104;4,014237253703176;1,2442300293790205;
3500;0,5185759682763541;0,59639954300037;3,8285588572570743;1,2325561603991289;
4000;0,4330301093441806;0,5465942300381222;3,314210635481613;1,1682144380724788;
4500;0,35453372571828773;0,4960856757154009;2,9605944918037825;1,0494084769177492;
5000;0,32507454049833784;0,43961925123913426;2,880065678873004;1,0434735845741683;
6000;0,2594723224117494;0,36415766161116503;2,3816079372891057;0,7572401793738244;
7000;0,19040578624299667;0,33725106346175104;2,0415787735962505;0,6387941299802065;
8000;0,18459437314137664;0,270292590189822;1,8558205884231753;0,5551546689840903;
9000;0,17736056603356645;0,25400468116421826;1,467931056391719;0,3673714817445971;
10000;0,15022342268337574;0,24850902544232917;1,467314566653088;0,2914017247118103;
12000;0,04617278219030056;0,24108575267791907;1,35135352830438;0,18868523670331006;
14000;0,013435515423111872;0,16960268316444493;1,2813645197372197;0,12506566687930204;
16000;0,007144143823301882;0,06531258624086764;1,2705417629466718;0,09753714649320781;
18000;0,006654583227074514;0,00993728882534725;1,1961947597887075;0,0771700720342765;
20000;0,0035876370891721274;0,001881626251876497;1,194415627625257;0,06394679247095925;
25000;0,002617570114869351;0,0011035261663913205;1,0741574371791158;0,04856051573242251;
30000;0,0017952666894162919;0,00107856354604553;0,7651731772432742;0,04057246690475282;
35000;0,0015461603816121722;0,00041064967145416247;0,4526376925778053;0,03521034351122108;
40000;0,0014632907643316677;0,00022719019740593272;0,4041408254840736;0,0307021111935564;
45000;0,0014617432269866224;0,00022015916833520788;0,3924807437750758;0,02703855899235215;
50000;0,0005035317196476417;0,00018647263141046365;0,37991660186842274;0,023891357774077474;
55000;0,00048670990824121096;0,00012388941614109833;0,36787956839500313;0,02110444995836219;
60000;5,080332179171805E-05;0,00010547119164236893;0,36275519826296737;0,018867682601546497;
65000;4,773789217029287E-05;0,00010547119164236893;0,3613213567667372;0,016693432559331808;
70000;4,613517829051768E-05;9,502499048458699E-05;0,3045747438763235;0,014620314067285266;
75000;4,4922406137781956E-05;8,273881577566961E-05;0,2710822229309619;0,01295591754171786;
80000;3,869932582193104E-05;7,618116854683576E-05;0,2710822229309619;0,011452067797276795;
85000;3,617678804707285E-05;7,155310739860934E-05;0,2710822229309619;0,010167044432242294;
90000;3,496426208107813E-05;6,582718400903943E-05;0,27078357266123637;0,008940496473858412;
95000;3,123798980257286E-05;5,1642557299221295E-05;0,2503805547514629;0,007914110171166971;
100000;3,08855204369334E-05;4,308823845739251E-05;0,22359615381917122;0,006985646514112597;











============================================================================
Função: schwefel
============================================================================
parameter;AGEO2real2_P_AA_p0;AGEO2real2_P_AA_p1;AGEO2real2_P_AA_p2;AGEO2real2_P_AA_p3;
meanNFE;100100;100100;100100;100089;
meanFX;1231,5292933145763;519,2237204333087;2574,337019853673;11,843960738303403;
melhorFX;454,1312970069139;119,18353686117462;1473,7923267802653;0,00012727566354442388;
piorFX;2013,5558758910888;948,2563537658984;4248,75561361398;118,4384618901031;
medianFX;1211,6565770714847;474,41723216403716;2422,0412393429706;0,00012727566627290798;
sdFX;365,4208434956548;183,5551520009193;642,3986160341973;35,89223552458772;
==========================================================
===> f(x) médio para cada NFE:
NFE;AGEO2real2_P_AA_p0;AGEO2real2_P_AA_p1;AGEO2real2_P_AA_p2;AGEO2real2_P_AA_p3;
5;3938,871936149629;3893,5086476791207;3858,9887181267504;3881,2185530828483;
50;3585,718300431755;3560,1723150848343;3595,4540603173896;3665,274492958532;
100;3463,647942105404;3422,007954517452;3595,4540603173896;3644,8382459619997;
500;2373,7337104026246;2265,4226952617482;3506,6772246202286;2836,145166266046;
1000;1879,5394409967191;1641,105611579108;3346,040590108821;1824,1637987932086;
1500;1781,595552671768;1506,1068513442972;3283,8324433432335;1180,7592692288829;
2000;1765,204177651315;1338,5996017433959;3149,7103435175377;776,0662959044706;
2500;1758,9003023621574;1203,387460074118;3122,8166785671683;618,9900774372263;
3000;1727,92304366112;1090,3953305620516;3086,779664242048;514,1396827424767;
3500;1726,2872907074793;1015,1166592083285;3071,2560191166117;425,5367890126682;
4000;1715,1363096119974;944,0716007815262;3026,2004480319647;378,6401558030991;
4500;1703,20347135374;909,6397830282405;3026,2004480319647;351,326363889732;
5000;1703,012670716431;867,6224881549737;3001,4955337140486;331,0059878794264;
6000;1700,9207967603145;796,2660663731268;2962,0428708854474;311,06405837711975;
7000;1691,21830729061;739,3619030733616;2938,1044775793443;300,5409600066295;
8000;1687,0943363788806;720,9679015255682;2924,3888397443634;289,77168400933147;
9000;1680,8055600999246;672,7422224330879;2909,0743757690193;282,0411312759592;
10000;1660,024317835311;632,6625215325596;2900,384894007588;278,8045204531901;
12000;1637,0875206029648;604,2920918611434;2879,8331350312783;250,70057115001416;
14000;1624,063414981199;581,1899939371469;2840,9280873565317;228,5763883710024;
16000;1608,4905859518265;570,2686336375358;2800,387501014034;214,95382906619878;
18000;1597,1635748359179;565,6774132501188;2800,387501014034;191,8630253061171;
20000;1594,916831044155;554,6174913561824;2791,8370588701277;183,56193098949433;
25000;1542,9339926044838;543,3105726200133;2791,8370588701277;141,87038566159518;
30000;1525,6772641833927;543,224870788083;2778,2871387566634;126,11512932746507;
35000;1497,5498618893096;540,8496641060619;2732,8904701214565;111,08977945838775;
40000;1476,8231790686364;536,1175001425402;2711,2430563947714;96,78278150770194;
45000;1442,8926060788858;536,0169323223297;2701,789873470136;77,39292256758773;
50000;1421,4535900061978;535,9610533211898;2683,0602607028254;66,37997477587552;
55000;1394,4405786583063;531,2300858714523;2672,2647441436693;56,85053519861198;
60000;1360,9184722482123;531,1406942799101;2654,092395787235;49,74430711099233;
65000;1350,1086075996031;530,9745918303738;2639,6741914472195;45,006694745560054;
70000;1320,938330146978;528,7603562482002;2609,9031355226107;40,76448025377972;
75000;1308,7220086013344;526,3828016704186;2609,9031355226107;35,531627660927526;
80000;1292,6233315797929;521,6519014160989;2597,1919867434576;29,56387216820873;
85000;1280,7158247247603;519,2825707625755;2597,1919867434576;20,17901978283421;
90000;1253,6269633174472;519,231965397674;2591,823020736728;16,581494122724735;
95000;1247,5229249321146;519,2260233471754;2574,337019853673;14,212727430592276;
100000;1231,565258325916;519,2237204333087;2574,337019853673;11,843960738303403;











============================================================================
Função: ackley
============================================================================
parameter;AGEO2real2_P_AA_p0;AGEO2real2_P_AA_p1;AGEO2real2_P_AA_p2;AGEO2real2_P_AA_p3;
meanNFE;100130;100130;100130;100161;
meanFX;0,12733577139982905;0,6667083986009459;20,774329253503115;4,5393503192769915E-07;
melhorFX;0,07710811986070709;0,49217012711252295;19,544128350910686;3,8288254700091784E-07;
piorFX;0,1753617296537051;0,92100177671864;21,499361013240378;5,348294145335331E-07;
medianFX;0,13058892138444733;0,6762940563873805;20,828976831562827;4,5495949763108E-07;
sdFX;0,024633918399443146;0,08993024404384038;0,37707865286594583;3,6082562204277486E-08;
==========================================================
===> f(x) médio para cada NFE:
NFE;AGEO2real2_P_AA_p0;AGEO2real2_P_AA_p1;AGEO2real2_P_AA_p2;AGEO2real2_P_AA_p3;
5;21,06297018805115;21,06554301209232;21,0605241619818;21,053051086177973;
50;20,987672275521906;21,019086571721335;20,99551520511533;21,000378658405307;
100;20,941167407237845;20,955131816856237;20,95132581214536;20,999230876587987;
500;20,729829786559662;20,750811899472822;20,929387883568126;20,929960616485264;
1000;20,32472255296846;20,27416630056284;20,915829882388135;20,67348606664055;
1500;20,003959636916406;19,908556813547627;20,90652309614994;20,39113629222353;
2000;19,483650274514453;19,24080688155675;20,876960576117085;19,901000155836215;
2500;18,999772630412487;18,410292707417838;20,871718059646618;19,63421217229682;
3000;18,526870330470203;17,575396714617483;20,863391326589053;18,924337981565298;
3500;17,76124840170993;15,683956800403612;20,858686573408093;18,02200802826918;
4000;17,123978218474992;14,108904425920127;20,852929276122794;16,832014218597852;
4500;15,723195393586657;10,524808699604984;20,844646424788102;15,517210236204422;
5000;13,633313808467765;7,3284061532722236;20,82762943188824;14,599438352881563;
6000;10,00310393629445;3,721407149761951;20,804806787341178;10,26592039310605;
7000;6,883370077609134;2,0777470476503233;20,79569228725763;7,029775226959259;
8000;4,22077946938929;1,4445736712417423;20,79569228725763;4,7486319989656645;
9000;2,0295186345274034;1,2110112572376945;20,784675822274743;3,0671202633499517;
10000;1,036708470208934;1,0732665392687353;20,784675822274743;2,2375827453277606;
12000;0,32302128606716196;0,9696017163772572;20,784675822274743;0,9592943689410032;
14000;0,24765604758429788;0,9441474236443474;20,78448968780146;0,24821755035399135;
16000;0,22125503182884593;0,9169571759074435;20,780030957485472;0,03330426472121346;
18000;0,20480045240405695;0,888949995835287;20,774329253503115;0,0020985478067017736;
20000;0,1901339733085287;0,8807263198876736;20,774329253503115;0,00019571459214375863;
25000;0,17017926429360655;0,806992861370496;20,774329253503115;2,661766419080891E-06;
30000;0,15806651008208647;0,7929052655764894;20,774329253503115;6,007318359735336E-07;
35000;0,15148110015987926;0,7818426009221779;20,774329253503115;5,533187385964311E-07;
40000;0,14770753711639756;0,7665738431571938;20,774329253503115;5,30558745452936E-07;
45000;0,1428513250647702;0,7480886828771807;20,774329253503115;5,161107495865735E-07;
50000;0,13870913727418113;0,7311185532383433;20,774329253503115;5,047130528623712E-07;
55000;0,13815271801004939;0,7258018355116954;20,774329253503115;4,97731017006231E-07;
60000;0,1355898848274073;0,7153394646947805;20,774329253503115;4,942285721654116E-07;
65000;0,1353147415635692;0,7051595715439453;20,774329253503115;4,825672761654687E-07;
70000;0,1333574117717167;0,6933396255770177;20,774329253503115;4,7340600687562075E-07;
75000;0,13257713156303694;0,688188898161284;20,774329253503115;4,692478176338E-07;
80000;0,13171135488157965;0,6875542962208679;20,774329253503115;4,692478176338E-07;
85000;0,13069124349680508;0,6814593730839107;20,774329253503115;4,6067504641200683E-07;
90000;0,1289399315483415;0,6750043034700891;20,774329253503115;4,564072723667323E-07;
95000;0,12744949907568695;0,6694627974762628;20,774329253503115;4,5512669515801463E-07;
100000;0,12733577139982905;0,6667083986009459;20,774329253503115;4,5393503192769915E-07;











============================================================================
Função: beale
============================================================================
parameter;AGEO2real2_P_AA_p0;AGEO2real2_P_AA_p1;AGEO2real2_P_AA_p2;AGEO2real2_P_AA_p3;
meanNFE;100020;100020;100020;100008;
meanFX;0,030469681327070806;0,007239016427689885;0,021868458606166753;3,6288167789951926E-10;
melhorFX;1,8347018304026932E-09;2,2381452317006146E-07;7,08431809284498E-05;4,929688032680218E-12;
piorFX;0,7616454922757255;0,3616945783630672;0,21686735093823398;7,036683830514434E-09;
medianFX;1,9406694395710473E-06;3,193830851593918E-06;0,0073698033050185454;1,052850048630209E-10;
sdFX;0,15076465616163412;0,051150598625949006;0,04120122569100932;1,061772290747005E-09;
==========================================================
===> f(x) médio para cada NFE:
NFE;AGEO2real2_P_AA_p0;AGEO2real2_P_AA_p1;AGEO2real2_P_AA_p2;AGEO2real2_P_AA_p3;
5;8572,426705512637;8352,998271726656;4135,555966593856;4094,2670145953307;
50;1548,8244654745838;2428,525766574524;3007,620206058552;621,2748163307959;
100;346,78657552164753;779,980287944529;3007,5651019880456;70,9340554421624;
500;1,0813738398435813;1,5107335164739752;572,5042945338963;2,0964022699070255;
1000;0,44645241538336433;0,8391143989262569;66,22454937190025;1,0128266226020834;
1500;0,38272398166760796;0,6164572229595386;29,80551721557486;0,8137773316053858;
2000;0,34303522415954574;0,37453287572638777;19,866515548372334;0,7676971449466076;
2500;0,3189159059914196;0,3329943123279733;5,194275038239489;0,7487964810453284;
3000;0,3021647379631686;0,315645181569492;4,687741617128589;0,7168747836904141;
3500;0,29598161831781655;0,28148646268943023;4,184580599487408;0,6956168348469948;
4000;0,2877634948509446;0,24475232823104118;3,9522604420533862;0,678945353501599;
4500;0,2875395274164351;0,24447421529921876;2,706842463569972;0,6615663552354663;
5000;0,26319047914720334;0,22336693376774278;2,486886357499848;0,6436070535908116;
6000;0,24975225040410706;0,21703476211921796;1,7406649653018436;0,6177197660139488;
7000;0,24659084388841573;0,20753016061004032;1,1552235904775399;0,5930876254294121;
8000;0,2433980848199808;0,20749335978602715;0,9879795137557359;0,5717173503846804;
9000;0,2371817827429261;0,1877629534859724;0,8913552590995318;0,3577104588848568;
10000;0,22992016378897465;0,1870925547360445;0,7629974527814061;0,32922792528249467;
12000;0,18748853391079962;0,1697294193546126;0,6205796911816964;0,30522041936829813;
14000;0,14991015445137193;0,12162084341560817;0,5307620177329446;0,27688423933603606;
16000;0,1277154797123922;0,10632997540364421;0,42759352048752514;0,22320640776954978;
18000;0,12382975019056049;0,09886128983368586;0,4172372009185146;0,20225440150089877;
20000;0,10879956588876473;0,09874467940560151;0,41693794230173103;0,19977240523669956;
25000;0,09334578224991828;0,05299591872367153;0,3459213713829903;0,16876562358096311;
30000;0,09333373105811171;0,03776537262666035;0,2535073188612924;0,15297907438706068;
35000;0,0933324366135887;0,037722776854077454;0,20791016055656064;0,12187785793716431;
40000;0,09333102931195408;0,03772071291696813;0,1722040139198117;0,10662206489994923;
45000;0,060959679870836524;0,022488992983919594;0,1089821037918291;0,09139136740726257;
50000;0,06094663361091077;0,007250542447039962;0,09710803666967546;0,07616559590008952;
55000;0,045709906279896184;0,0072476535515439535;0,09607451388320205;0,06103905718925267;
60000;0,030492543412637893;0,007242125803316231;0,07069074297468024;0,06092680255497536;
65000;0,030473049677238545;0,007241836700334864;0,06297321001498762;0,0456954373983747;
70000;0,030471896701701612;0,007241465741455297;0,060493022443485686;0,0304633776499402;
75000;0,03047151212658573;0,007240395388143886;0,044156977721783654;0,03046333104017926;
80000;0,030471104468313154;0,007239890840408841;0,044156977721783654;0,015231907738902772;
85000;0,030470711750024984;0,007239370356596869;0,042972437670118976;1,1361522938318516E-09;
90000;0,030470611858748112;0,007239334834758276;0,025939523234116225;4,3340447206761723E-10;
95000;0,030470013150724295;0,007239244554231354;0,02318693147858329;3,9607862429756496E-10;
100000;0,030469681327070806;0,007239016427689885;0,021868458606166753;3,6288167789951926E-10;



Execution Time: 218 s
