




============================================================================
============================================================================
O que irá executar a seguir: executar_algoritmos
============================================================================
============================================================================













============================================================================
Função: Griewangk
============================================================================
parameter;AGEO1var;AGEO2var;AGEO3var;AGEO4var;
meanNFE;100100;100100;100100;100100;
meanFX;2,114481558725228;0,20995316898975666;0,10978254761657398;0,24887365596034725;
FXatual;2,114481558725228;0,20995316898975666;0,10978254761657398;0,24887365596034725;
medianFX;1,1015629175371362;0,09030716006831441;0,06518995389131566;0,21267945561732549;
sdFX;2,445480964944621;0,21637445889164203;0,1335202397979908;0,22152846215537017;
==========================================================
===> f(x) médio para cada NFE:
NFE;AGEO1var;AGEO2var;AGEO3var;AGEO4var;
5;256,1409730338323;256,1409730338323;256,1409730338323;256,1409730338323;
50;231,67165965168476;231,67165965168476;231,67165965168476;231,67165965168476;
100;221,44724659363828;221,44724659363828;221,44724659363828;221,44724659363828;
500;51,568593808562056;57,59529986347524;122,21689045271064;23,600814872740653;
1000;17,2603424272508;2,6840648791111152;63,389355106296996;1,1285489162456914;
1500;10,157472255383045;0,6335879857193946;39,614830342250364;0,3938860237773022;
2000;8,287566379843819;0,33805863350000426;33,806493214308254;0,2543799471765023;
2500;8,254594461988024;0,26958688592244606;25,65009785616323;0,24905297915991906;
3000;8,253080767525368;0,23173563642292988;15,557250395959645;0,24887365596034725;
3500;6,7014163660466775;0,22753394646358913;14,089607459198247;0,24887365596034725;
4000;6,095627507540352;0,2130245270010734;13,298566425603987;0,24887365596034725;
4500;5,3881524963652;0,20995316898975666;12,693324284686657;0,24887365596034725;
5000;5,263321214825936;0,20995316898975666;12,673407472782742;0,24887365596034725;
6000;5,263321214825936;0,20995316898975666;11,832672137529398;0,24887365596034725;
7000;4,117663178750485;0,20995316898975666;11,823009944849934;0,24887365596034725;
8000;4,10092190863692;0,20995316898975666;11,822336181871686;0,24887365596034725;
9000;4,10092190863692;0,20995316898975666;9,551989227802714;0,24887365596034725;
10000;4,013740182730303;0,20995316898975666;6,801827802884023;0,24887365596034725;
12000;4,013740182730303;0,20995316898975666;2,002572225899327;0,24887365596034725;
14000;3,9309687120457593;0,20995316898975666;1,9977178111992033;0,24887365596034725;
16000;3,9309687120457593;0,20995316898975666;1,9977178111992033;0,24887365596034725;
18000;3,736339056523701;0,20995316898975666;1,9976881103548085;0,24887365596034725;
20000;3,6335403389764753;0,20995316898975666;1,9976730654587451;0,24887365596034725;
25000;3,2357845193448593;0,20995316898975666;1,9976379850650465;0,24887365596034725;
30000;3,2305129153936556;0,20995316898975666;1,7200340446093827;0,24887365596034725;
35000;2,977098368970394;0,20995316898975666;1,7033781288629726;0,24887365596034725;
40000;2,9637853062835005;0,20995316898975666;1,7033781288629726;0,24887365596034725;
45000;2,9637853062835005;0,20995316898975666;1,7011225986061225;0,24887365596034725;
50000;2,7630277446740124;0,20995316898975666;0,11480986171130175;0,24887365596034725;
55000;2,6298853800687523;0,20995316898975666;0,11196656725667906;0,24887365596034725;
60000;2,4862088417124157;0,20995316898975666;0,11043847412869219;0,24887365596034725;
65000;2,2971415065406102;0,20995316898975666;0,11043847412869219;0,24887365596034725;
70000;2,2924728081947476;0,20995316898975666;0,10978254761657398;0,24887365596034725;
75000;2,2924728081947476;0,20995316898975666;0,10978254761657398;0,24887365596034725;
80000;2,203183893943257;0,20995316898975666;0,10978254761657398;0,24887365596034725;
85000;2,203183893943257;0,20995316898975666;0,10978254761657398;0,24887365596034725;
90000;2,2022035634310155;0,20995316898975666;0,10978254761657398;0,24887365596034725;
95000;2,2022035634310155;0,20995316898975666;0,10978254761657398;0,24887365596034725;
100000;2,114481558725228;0,20995316898975666;0,10978254761657398;0,24887365596034725;











============================================================================
Função: Rastringin
============================================================================
parameter;AGEO1var;AGEO2var;AGEO3var;AGEO4var;
meanNFE;100160;100160;100160;100160;
meanFX;27,609417092740745;25,135856726000277;21,014276813708722;22,718288799111754;
FXatual;27,609417092740745;25,135856726000277;21,014276813708722;22,718288799111754;
medianFX;25,8257708885885;25,215966128766794;22,098232889541002;22,20345416859199;
sdFX;10,95164134660784;7,438991040456865;5,6571064772488295;5,028237240616718;
==========================================================
===> f(x) médio para cada NFE:
NFE;AGEO1var;AGEO2var;AGEO3var;AGEO4var;
5;223,02867569831966;223,02867569831966;223,02867569831966;223,02867569831966;
50;214,27379336778802;214,27379336778802;214,27379336778802;214,27379336778802;
100;210,51406640272404;210,51406640272404;210,51406640272404;210,51406640272404;
500;159,72321662448724;174,88848097263536;195,88935667650082;130,41244886505734;
1000;87,96744121511327;95,73221531462737;165,29347187350376;46,52611463736628;
1500;59,0371956992549;53,24639610594109;135,49256084814192;29,72212893767687;
2000;39,97331891857686;30,841184507267;106,23437191652987;23,858646686487912;
2500;34,07212821791688;27,22963432550897;88,70771056226535;22,841568094407155;
3000;31,902281629235844;25,486097955193067;71,88117411690038;22,726221129105795;
3500;31,080154741523426;25,2631951462695;64,10192189833516;22,72008532404532;
4000;30,956314460886002;25,13976255616676;58,80051823878101;22,718628549640673;
4500;30,75097216234082;25,13647093684646;57,412215138585836;22,71835544316937;
5000;30,70843535014025;25,136166765977837;53,13486107556746;22,718290957040434;
6000;30,145750889420363;25,135934460687;43,97403516865467;22,71828898858041;
7000;29,78082205808495;25,13585873008868;39,40334677514527;22,718288799111754;
8000;29,78082205808495;25,135856873015907;38,206819089686725;22,718288799111754;
9000;29,78082205808495;25,135856824010684;38,05198905459591;22,718288799111754;
10000;29,73804655077346;25,135856726000277;34,79924329980128;22,718288799111754;
12000;28,93735040235023;25,135856726000277;34,48072246935344;22,718288799111754;
14000;28,90847166521082;25,135856726000277;34,36826100519267;22,718288799111754;
16000;28,90847166521082;25,135856726000277;34,368258590878355;22,718288799111754;
18000;28,73951722856518;25,135856726000277;32,79031626892114;22,718288799111754;
20000;28,73951722856518;25,135856726000277;32,7839700123681;22,718288799111754;
25000;28,680518233156874;25,135856726000277;30,273908881054453;22,718288799111754;
30000;28,680518233156874;25,135856726000277;30,10720736184552;22,718288799111754;
35000;28,487043400437667;25,135856726000277;25,877641918497154;22,718288799111754;
40000;28,231267033050276;25,135856726000277;24,554639664621504;22,718288799111754;
45000;28,203593724557273;25,135856726000277;24,493936055764387;22,718288799111754;
50000;28,065205628165778;25,135856726000277;22,69990149765671;22,718288799111754;
55000;28,065205628165778;25,135856726000277;21,838985996631745;22,718288799111754;
60000;27,609417092740745;25,135856726000277;21,838985269808518;22,718288799111754;
65000;27,609417092740745;25,135856726000277;21,808320897637092;22,718288799111754;
70000;27,609417092740745;25,135856726000277;21,62388027639685;22,718288799111754;
75000;27,609417092740745;25,135856726000277;21,58968517292082;22,718288799111754;
80000;27,609417092740745;25,135856726000277;21,544641180628794;22,718288799111754;
85000;27,609417092740745;25,135856726000277;21,544190327144225;22,718288799111754;
90000;27,609417092740745;25,135856726000277;21,01428434863319;22,718288799111754;
95000;27,609417092740745;25,135856726000277;21,014283566101927;22,718288799111754;
100000;27,609417092740745;25,135856726000277;21,014276813708722;22,718288799111754;











============================================================================
Função: Rosenbrock
============================================================================
parameter;AGEO1var;AGEO2var;AGEO3var;AGEO4var;
meanNFE;100022;100022;100022;100022;
meanFX;0,00020485519604167396;0,8178137435506249;0,6147413167304162;1,0487968493447921;
FXatual;0,00020485519604167396;0,8178137435506249;0,6147413167304162;1,0487968493447921;
medianFX;0,000111465506250001;0,45072136810000496;0,10687788000625288;1,0010002500062503;
sdFX;0,00045689990685344247;1,163811281051891;1,5925556181902654;1,2410250817273758;
==========================================================
===> f(x) médio para cada NFE:
NFE;AGEO1var;AGEO2var;AGEO3var;AGEO4var;
5;85,69022689592981;85,69022689592981;85,69022689592981;85,69022689592981;
50;13,037363796583124;4,899383840386459;5,84929794726646;8,743935366276455;
100;2,6797574858699997;1,735324167649583;2,222796766549792;2,1959306463627084;
500;0,6398213208664584;0,9148170338541668;0,9549100983037491;1,0889773642281253;
1000;0,1404885693368751;0,8511678860508333;0,7253385088935408;1,082666458294792;
1500;0,07721222553354176;0,8180293409841665;0,6820210582539575;1,082160642994792;
2000;0,037035630466666705;0,8178137435506249;0,6680177257268743;1,082160642994792;
2500;0,03261313615000009;0,8178137435506249;0,6596293166235411;1,082160642994792;
3000;0,020593507303333414;0,8178137435506249;0,6240538913099996;1,0487968493447921;
3500;0,018840837526250064;0,8178137435506249;0,6208829412866662;1,0487968493447921;
4000;0,012482177693125032;0,8178137435506249;0,6180699100366662;1,0487968493447921;
4500;0,012262716096250027;0,8178137435506249;0,6180686411868747;1,0487968493447921;
5000;0,011891212132708363;0,8178137435506249;0,6180664064899996;1,0487968493447921;
6000;0,01071470102625004;0,8178137435506249;0,6180115693702078;1,0487968493447921;
7000;0,010251463246250044;0,8178137435506249;0,6176691052535411;1,0487968493447921;
8000;0,0058316145035416656;0,8178137435506249;0,6155794348970828;1,0487968493447921;
9000;0,004445952423124965;0,8178137435506249;0,6147413167304162;1,0487968493447921;
10000;0,0032289876733333314;0,8178137435506249;0,6147413167304162;1,0487968493447921;
12000;0,0019182096566666487;0,8178137435506249;0,6147413167304162;1,0487968493447921;
14000;0,001575525973125007;0,8178137435506249;0,6147413167304162;1,0487968493447921;
16000;0,0015742894231250096;0,8178137435506249;0,6147413167304162;1,0487968493447921;
18000;0,0013838323764583443;0,8178137435506249;0,6147413167304162;1,0487968493447921;
20000;0,0011980010566666967;0,8178137435506249;0,6147413167304162;1,0487968493447921;
25000;0,0009378937100000762;0,8178137435506249;0,6147413167304162;1,0487968493447921;
30000;0,0008278094660417311;0,8178137435506249;0,6147413167304162;1,0487968493447921;
35000;0,0006446462631250378;0,8178137435506249;0,6147413167304162;1,0487968493447921;
40000;0,0006318278900000367;0,8178137435506249;0,6147413167304162;1,0487968493447921;
45000;0,0005421227366666763;0,8178137435506249;0,6147413167304162;1,0487968493447921;
50000;0,0004999228399999981;0,8178137435506249;0,6147413167304162;1,0487968493447921;
55000;0,000431516196458309;0,8178137435506249;0,6147413167304162;1,0487968493447921;
60000;0,000431516196458309;0,8178137435506249;0,6147413167304162;1,0487968493447921;
65000;0,0004251531995833098;0,8178137435506249;0,6147413167304162;1,0487968493447921;
70000;0,0003571203725000045;0,8178137435506249;0,6147413167304162;1,0487968493447921;
75000;0,0003508399225000039;0,8178137435506249;0,6147413167304162;1,0487968493447921;
80000;0,00024251520250000248;0,8178137435506249;0,6147413167304162;1,0487968493447921;
85000;0,0002262135991666733;0,8178137435506249;0,6147413167304162;1,0487968493447921;
90000;0,0002262135991666733;0,8178137435506249;0,6147413167304162;1,0487968493447921;
95000;0,00021279230229166775;0,8178137435506249;0,6147413167304162;1,0487968493447921;
100000;0,00020485519604167396;0,8178137435506249;0,6147413167304162;1,0487968493447921;











============================================================================
Função: Schwefel
============================================================================
parameter;AGEO1var;AGEO2var;AGEO3var;AGEO4var;
meanNFE;100000;100000;100000;100000;
meanFX;831,2232104363284;914,6363055077674;946,3683766779118;938,9412239797856;
FXatual;831,2232104363284;914,6363055077674;946,3683766779118;938,9412239797856;
medianFX;870,2037823561386;897,2175082788494;966,4750026876395;982,4262967874715;
sdFX;200,85944238719196;275,34878194107023;346,3017638179677;251,51738769793675;
==========================================================
===> f(x) médio para cada NFE:
NFE;AGEO1var;AGEO2var;AGEO3var;AGEO4var;
5;4049,0846904411287;4049,0846904411287;4049,0846904411287;4049,0846904411287;
50;3876,6488449766416;3876,6488449766416;3876,6488449766416;3876,6488449766416;
100;3716,0241824426785;3716,0241824426785;3716,0241824426785;3716,0241824426785;
500;2246,1409891769667;2313,3651226995657;3012,5618976805567;1766,985667327954;
1000;1465,3919122163093;1264,1554684859664;2373,919678398498;982,6593836044146;
1500;1286,179385230133;962,2072314459526;2024,203867407671;939,3036355793265;
2000;1245,7806143841362;915,4656008009758;1862,8682537995492;938,9591696885186;
2500;1223,391751201418;914,6683714390405;1709,9846035431874;938,9453197782623;
3000;1170,4849381529539;914,638300565059;1644,993518346669;938,9412239797856;
3500;1162,1129318387173;914,6364953428983;1512,2889564462737;938,9412239797856;
4000;1157,0353811693974;914,6363055077674;1437,2865153544183;938,9412239797856;
4500;1134,9225947162283;914,6363055077674;1426,2823425983695;938,9412239797856;
5000;1131,494431333219;914,6363055077674;1406,9366413873138;938,9412239797856;
6000;1093,8285662035933;914,6363055077674;1406,9089266459632;938,9412239797856;
7000;1093,6118480431533;914,6363055077674;1316,4773929990158;938,9412239797856;
8000;1078,7579215575497;914,6363055077674;1262,9885842343213;938,9412239797856;
9000;1034,755833262234;914,6363055077674;1209,9290331092789;938,9412239797856;
10000;1025,5278188137686;914,6363055077674;1173,3444497011697;938,9412239797856;
12000;1005,1375036147184;914,6363055077674;1161,2636063971484;938,9412239797856;
14000;1001,6282957069817;914,6363055077674;1107,7742696718776;938,9412239797856;
16000;995,8226500121248;914,6363055077674;1093,5387239715335;938,9412239797856;
18000;983,3056958082408;914,6363055077674;1082,8211437867924;938,9412239797856;
20000;973,9787493122282;914,6363055077674;1078,7125363140399;938,9412239797856;
25000;970,1295195249099;914,6363055077674;1037,6724513910242;938,9412239797856;
30000;962,8360770960844;914,6363055077674;1008,9759197137711;938,9412239797856;
35000;947,068537483037;914,6363055077674;1001,9902926684215;938,9412239797856;
40000;916,7129881589557;914,6363055077674;996,7532417163708;938,9412239797856;
45000;905,6597693217889;914,6363055077674;996,7532417163708;938,9412239797856;
50000;891,4360557005643;914,6363055077674;996,7532367069397;938,9412239797856;
55000;889,7936044469876;914,6363055077674;992,8052907747176;938,9412239797856;
60000;879,2601846668196;914,6363055077674;982,0559267075988;938,9412239797856;
65000;858,5215825846655;914,6363055077674;971,5199575566375;938,9412239797856;
70000;845,5984640513227;914,6363055077674;971,5199575566375;938,9412239797856;
75000;839,3034831511793;914,6363055077674;971,5199575566375;938,9412239797856;
80000;833,1149274566783;914,6363055077674;971,5157537544297;938,9412239797856;
85000;833,1149274566783;914,6363055077674;958,5453167974251;938,9412239797856;
90000;833,1149274566783;914,6363055077674;958,5453167974251;938,9412239797856;
95000;833,1149274566783;914,6363055077674;949,4941071173464;938,9412239797856;
100000;831,2232104363284;914,6363055077674;946,3818275295349;938,9412239797856;











============================================================================
Função: Ackley
============================================================================
parameter;AGEO1var;AGEO2var;AGEO3var;AGEO4var;
meanNFE;100320;100320;100320;100320;
meanFX;4,41558947848771;1,528555464783623;3,705769170552282;1,1352975083667791;
FXatual;4,41558947848771;1,528555464783623;3,705769170552282;1,1352975083667791;
medianFX;1,778423380815962;1,6463386100598179;1,6468224667742142;1,5018077788572874;
sdFX;5,455335452846015;0,4601864386847906;6,1288602154491345;0,7716541326495312;
==========================================================
===> f(x) médio para cada NFE:
NFE;AGEO1var;AGEO2var;AGEO3var;AGEO4var;
5;21,0216914251376;21,0216914251376;21,0216914251376;21,0216914251376;
50;20,9761764095674;20,9761764095674;20,9761764095674;20,9761764095674;
100;20,970001587619613;20,970001587619613;20,970001587619613;20,970001587619613;
500;20,37863221429061;20,575418181459394;20,85866747086312;19,876850275961246;
1000;19,394481318007234;19,63362310988953;20,42907932802205;17,7016490802081;
1500;17,868058192219532;18,063785394224666;19,570423442936463;15,717108533371086;
2000;16,226466890528577;15,7474672815282;18,316336397504365;12,707480164569466;
2500;13,95881706908899;12,819661892636423;16,570696603551156;9,2489738696392;
3000;11,653661736926683;9,414612046070074;14,713246348474252;5,3681085780502515;
3500;9,247177519154317;6,3750569838864966;13,125985646544423;2,9602727547289183;
4000;7,159297728284959;3,7835239194341597;11,210965764809556;1,7400447473315377;
4500;5,8795297686936845;2,4847730623717683;9,654485559603634;1,4992038536838037;
5000;5,305667342335028;1,8912303102830041;8,287101289959448;1,3318030457130816;
6000;5,087857709219408;1,5968293410901488;7,146234549051007;1,1730692056227157;
7000;4,942207247478768;1,540191959836831;6,699308656444926;1,137989877665079;
8000;4,687794926865407;1,529110365719787;6,3220688148122735;1,1354919048645935;
9000;4,493314188598905;1,5285955760752898;5,979314697714861;1,135306445530063;
10000;4,453947447841785;1,5285890644911968;5,882807588226928;1,135306154031565;
12000;4,45265963090615;1,5285559425349533;5,5417255364183715;1,1353057166174498;
14000;4,45265963090615;1,528555464783623;5,4673509208471565;1,1352975083667791;
16000;4,45265963090615;1,528555464783623;5,34320562610941;1,1352975083667791;
18000;4,45265963090615;1,528555464783623;5,291401348696861;1,1352975083667791;
20000;4,45265963090615;1,528555464783623;5,255582243666525;1,1352975083667791;
25000;4,45265963090615;1,528555464783623;5,187073818182699;1,1352975083667791;
30000;4,441105972507772;1,528555464783623;5,076142575922954;1,1352975083667791;
35000;4,441105972507772;1,528555464783623;4,617858343974826;1,1352975083667791;
40000;4,441105972507772;1,528555464783623;4,613708546734657;1,1352975083667791;
45000;4,441105972507772;1,528555464783623;4,557399601838115;1,1352975083667791;
50000;4,42476469982347;1,528555464783623;4,557342983271467;1,1352975083667791;
55000;4,42476469982347;1,528555464783623;4,412232442024818;1,1352975083667791;
60000;4,42476469982347;1,528555464783623;4,003022406135726;1,1352975083667791;
65000;4,42476469982347;1,528555464783623;3,733405725737315;1,1352975083667791;
70000;4,42476469982347;1,528555464783623;3,7334022389331114;1,1352975083667791;
75000;4,42476469982347;1,528555464783623;3,733402085267731;1,1352975083667791;
80000;4,42476469982347;1,528555464783623;3,73339798270877;1,1352975083667791;
85000;4,42476469982347;1,528555464783623;3,7333964154416512;1,1352975083667791;
90000;4,42476469982347;1,528555464783623;3,733394170620022;1,1352975083667791;
95000;4,42476469982347;1,528555464783623;3,705769170552282;1,1352975083667791;
100000;4,41558947848771;1,528555464783623;3,705769170552282;1,1352975083667791;











============================================================================
Função: Beale
============================================================================
parameter;AGEO1var;AGEO2var;AGEO3var;AGEO4var;
meanNFE;100022;100022;100022;100022;
meanFX;0,022847217805120716;0,7444489272181747;0,6890058862258335;1,391133269427953;
FXatual;0,022847217805120716;0,7444489272181747;0,6890058862258335;1,391133269427953;
medianFX;0,00018646651367325949;0,6591716311329252;0,6591716311329252;0,6591716311329252;
sdFX;0,12021740814792749;1,2033242048208659;0,9784774567009328;2,134395094697203;
==========================================================
===> f(x) médio para cada NFE:
NFE;AGEO1var;AGEO2var;AGEO3var;AGEO4var;
5;489,24052754305774;489,24052754305774;489,24052754305774;489,24052754305774;
50;7,618131269858568;4,463295753775456;6,4702832255418095;6,0263144371433395;
100;3,2708767164684778;1,9204518500559862;2,235368468220687;2,52165603188409;
500;0,9933757918497735;0,7477859359185774;0,8306840494594986;1,490867081941059;
1000;0,3614587820701719;0,7476011762924238;0,6972875121881069;1,490611500037791;
1500;0,22761671660037056;0,7444489272181747;0,6944834511565643;1,391133269427953;
2000;0,1830895582186117;0,7444489272181747;0,6926706050990268;1,391133269427953;
2500;0,10889592239707309;0,7444489272181747;0,6890058862258335;1,391133269427953;
3000;0,09310421784154545;0,7444489272181747;0,6890058862258335;1,391133269427953;
3500;0,05797860164329586;0,7444489272181747;0,6890058862258335;1,391133269427953;
4000;0,05381502144247406;0,7444489272181747;0,6890058862258335;1,391133269427953;
4500;0,05139909589581139;0,7444489272181747;0,6890058862258335;1,391133269427953;
5000;0,04193156911359687;0,7444489272181747;0,6890058862258335;1,391133269427953;
6000;0,039108921942304434;0,7444489272181747;0,6890058862258335;1,391133269427953;
7000;0,03754214401103611;0,7444489272181747;0,6890058862258335;1,391133269427953;
8000;0,03618842135212919;0,7444489272181747;0,6890058862258335;1,391133269427953;
9000;0,035800436206001915;0,7444489272181747;0,6890058862258335;1,391133269427953;
10000;0,03560350468695381;0,7444489272181747;0,6890058862258335;1,391133269427953;
12000;0,030099584992578695;0,7444489272181747;0,6890058862258335;1,391133269427953;
14000;0,02860764703654784;0,7444489272181747;0,6890058862258335;1,391133269427953;
16000;0,02665125207114728;0,7444489272181747;0,6890058862258335;1,391133269427953;
18000;0,026177277540698915;0,7444489272181747;0,6890058862258335;1,391133269427953;
20000;0,025922752514245768;0,7444489272181747;0,6890058862258335;1,391133269427953;
25000;0,024782307790974994;0,7444489272181747;0,6890058862258335;1,391133269427953;
30000;0,024363928733578684;0,7444489272181747;0,6890058862258335;1,391133269427953;
35000;0,023957369432475464;0,7444489272181747;0,6890058862258335;1,391133269427953;
40000;0,02386980126169879;0,7444489272181747;0,6890058862258335;1,391133269427953;
45000;0,023560139311389214;0,7444489272181747;0,6890058862258335;1,391133269427953;
50000;0,02345150782656993;0,7444489272181747;0,6890058862258335;1,391133269427953;
55000;0,023432483973419238;0,7444489272181747;0,6890058862258335;1,391133269427953;
60000;0,02340564920913389;0,7444489272181747;0,6890058862258335;1,391133269427953;
65000;0,0233767985202105;0,7444489272181747;0,6890058862258335;1,391133269427953;
70000;0,023326588664367213;0,7444489272181747;0,6890058862258335;1,391133269427953;
75000;0,023102809664129993;0,7444489272181747;0,6890058862258335;1,391133269427953;
80000;0,02299456966866657;0,7444489272181747;0,6890058862258335;1,391133269427953;
85000;0,022948777291009925;0,7444489272181747;0,6890058862258335;1,391133269427953;
90000;0,02288938219053795;0,7444489272181747;0,6890058862258335;1,391133269427953;
95000;0,022876519714632212;0,7444489272181747;0,6890058862258335;1,391133269427953;
100000;0,022847217805120716;0,7444489272181747;0,6890058862258335;1,391133269427953;



Execution Time: 796599 ms
