




============================================================================
O que irá executar a seguir: executar_algoritmos
============================================================================













============================================================================
Função: griewangk
============================================================================
parameter;AGEO2var_5;AGEO2real2_P_AA_p3;
meanNFE;100100;100089;
meanFX;0,007365065517401959;0,018257872468239594;
melhorFX;0,0018475211999396945;1,9841905896100798E-12;
piorFX;0,028135968470054173;0,07127815746455146;
medianFX;0,005987001333528474;0,014779776757920637;
sdFX;0,004694904903907278;0,01662273672629172;
==========================================================
===> f(x) médio para cada NFE:
NFE;AGEO2var_5;AGEO2real2_P_AA_p3;
5;286,2950010761244;283,73689562214304;
50;259,2445692433992;260,2165444601501;
100;248,7190038230732;258,56819440194516;
500;62,837332526493945;183,74049839666506;
1000;3,824789543315491;68,25889682093519;
1500;0,6304575831217778;25,679343928572074;
2000;0,35967951410739496;7,845225520165818;
2500;0,30164235813039375;2,6534324238961546;
3000;0,26575886297134427;0,982571271410604;
3500;0,2597212070974343;0,5754972644784335;
4000;0,24314435238958987;0,15185234801139946;
4500;0,20351925334978735;0,12645278707443605;
5000;0,166213535669552;0,10922753645155225;
6000;0,14058320729953938;0,07271265970049323;
7000;0,11954945895885599;0,06537867516309703;
8000;0,10300120897666037;0,06188125875802657;
9000;0,0958677620974415;0,049395470027081785;
10000;0,09001938400950366;0,045324201220254504;
12000;0,06900326336429749;0,03732801556917153;
14000;0,06008183789938636;0,03705125861605946;
16000;0,05238511657361996;0,036065232077320514;
18000;0,048214840712060995;0,034391345816405766;
20000;0,03963420309074361;0,03376964289897442;
25000;0,029795454065853565;0,029930693735398185;
30000;0,02718679400746331;0,028629538903057195;
35000;0,025064057923272324;0,027992912010669398;
40000;0,022312299865521162;0,027157300493239965;
45000;0,018119039050615005;0,024068980429781187;
50000;0,015672547827775173;0,022886904591013342;
55000;0,015136831215606758;0,022879238295543072;
60000;0,014166726508912899;0,02253441673893131;
65000;0,01311886446416798;0,021797459332956615;
70000;0,012834962037230028;0,021699209910506934;
75000;0,012330501694871692;0,020520605239214715;
80000;0,009504945544027516;0,02017598089033549;
85000;0,008073522789621741;0,01963718905313021;
90000;0,0076321612758867554;0,01929017363982257;
95000;0,007460027230022881;0,018896373681379107;
100000;0,007376172667484404;0,018257872468239594;











============================================================================
Função: rastringin
============================================================================
parameter;AGEO2var_5;AGEO2real2_P_AA_p3;
meanNFE;100160;100170;
meanFX;12,379185740857178;3,2699176699679813E-13;
melhorFX;5,950327531024968;1,8474111129762605E-13;
piorFX;18,979643680683587;5,471179065352771E-13;
medianFX;12,02397007091244;3,339550858072471E-13;
sdFX;2,6041344247044704;7,422435692862297E-14;
==========================================================
===> f(x) médio para cada NFE:
NFE;AGEO2var_5;AGEO2real2_P_AA_p3;
5;231,63859401713492;222,44367728389633;
50;221,79584897002732;210,71253424865282;
100;219,1463723688497;210,71253424865282;
500;184,6543340621712;192,15286240666185;
1000;88,2992225031077;158,18260861801053;
1500;58,0572949098835;130,83230394146963;
2000;33,5892085076776;89,33227517036457;
2500;27,24080482856863;51,287019642277535;
3000;25,197111870724466;35,377831790094405;
3500;24,938390004350378;19,942424543896426;
4000;24,706061085652195;15,447864795565865;
4500;24,489611297253315;10,204015127375792;
5000;24,420121170723906;6,8507737684151415;
6000;24,32970633501809;4,28038041620674;
7000;23,670519184793633;2,9293978162431786;
8000;23,208318472246816;1,8894722091028462;
9000;22,27470993398461;1,2984867733940455;
10000;21,756313321050197;0,9699460467422557;
12000;20,816171939646406;0,5189362597236108;
14000;20,106889278086534;0,34689354100938163;
16000;19,680243447489236;0,2250541805035094;
18000;19,444685495868235;0,15885539984559216;
20000;18,848153214442238;0,14418707073411569;
25000;18,051251529100288;0,039938852500363706;
30000;17,359918641348482;0,019667574085746084;
35000;16,230284149563598;0,019667574056053495;
40000;15,81180324823402;8,368728288132843E-10;
45000;15,364324119743337;4,82032191939652E-13;
50000;15,074234777119823;4,295941380405566E-13;
55000;14,715130754334488;3,9804604057280815E-13;
60000;14,427383626061788;3,876721166307107E-13;
65000;13,98729465567533;3,76161324311397E-13;
70000;13,834193002342042;3,6962433114240414E-13;
75000;13,311005355836425;3,623767952376511E-13;
80000;12,994177599306392;3,4674485505092887E-13;
85000;12,857750152393796;3,417710559006082E-13;
90000;12,815915726127068;3,377920165803516E-13;
95000;12,55592988551893;3,369393652974395E-13;
100000;12,4063694285778;3,2699176699679813E-13;











============================================================================
Função: rosenbrock
============================================================================
parameter;AGEO2var_5;AGEO2real2_P_AA_p3;
meanNFE;100022;100008;
meanFX;5,372143275000665E-05;0,004301430826942292;
melhorFX;0;0,00013572861682809218;
piorFX;0,00019234650624998806;0,03745299754949541;
medianFX;4,262560000001891E-05;0,0018035530694471328;
sdFX;5,165496761574051E-05;0,008137875678172765;
==========================================================
===> f(x) médio para cada NFE:
NFE;AGEO2var_5;AGEO2real2_P_AA_p3;
5;137,920555834705;274,9693739085235;
50;28,379866748291015;126,36476906238464;
100;1,2303835570147503;40,82447476050058;
500;0,5681774164941249;1,432620569421777;
1000;0,3436122152577502;0,7679085651203731;
1500;0,25767244966137504;0,576067565655557;
2000;0,14246690674950005;0,45961230682737514;
2500;0,12148603927125011;0,3562732210116119;
3000;0,10071152245762503;0,3310611373231186;
3500;0,04879257431737499;0,3124848490474855;
4000;0,02831003611512492;0,2981173007947318;
4500;0,020408742768749967;0,28626697177196997;
5000;0,019369112004624996;0,27700015865910227;
6000;0,014307486064625022;0,14091211518547858;
7000;0,010018543834750069;0,12428758540619718;
8000;0,007294555820625052;0,11120154904179708;
9000;0,0070375003986250465;0,10096203718147369;
10000;0,007033278198625046;0,09225783601766117;
12000;0,003193674570125009;0,0796855098551811;
14000;0,0015300475400000049;0,0704526492721664;
16000;0,0006218289102500156;0,0629774000721261;
18000;0,00032015045012501214;0,05677728493243694;
20000;0,0003087439718750135;0,051746821657561226;
25000;0,00017695414787500884;0,04219987222317619;
30000;0,0001635211322500076;0,034916226189481044;
35000;0,00015580797050000528;0,029157516358780566;
40000;0,00014963273437500262;0,024765753828689396;
45000;0,00011914699425000503;0,02112238377616178;
50000;0,00010746148050000706;0,018104817675747675;
55000;9,93670142500071E-05;0,015494817371204356;
60000;8,710527850000763E-05;0,01332005073809172;
65000;7,896275237500673E-05;0,01140887663770842;
70000;7,583654437500803E-05;0,009917483904079354;
75000;7,424052250000791E-05;0,008588677074722391;
80000;6,44346825000098E-05;0,0074289585755334085;
85000;6,400485437500884E-05;0,0064479841762058706;
90000;6,22929105000074E-05;0,0056109747058735735;
95000;5,9705266625008054E-05;0,004909697805807476;
100000;5,372143275000665E-05;0,0043019995110938234;











============================================================================
Função: schwefel
============================================================================
parameter;AGEO2var_5;AGEO2real2_P_AA_p3;
meanNFE;100000;100089;
meanFX;345,5293988051022;18,95026081397719;
melhorFX;64,5825774299492;0,00012727566354442388;
piorFX;625,683806414931;118,43846189010401;
medianFX;345,6162611162458;0,00012727566718240269;
sdFX;123,29468216166957;43,861036307852466;
==========================================================
===> f(x) médio para cada NFE:
NFE;AGEO2var_5;AGEO2real2_P_AA_p3;
5;4066,271131474889;4067,3444629556216;
50;3839,9938854469556;3817,910157916791;
100;3716,463697324677;3797,8977682418613;
500;2389,918264888194;2859,5477988569105;
1000;1251,836202532298;1851,6185046035703;
1500;1033,4359862512815;1201,117696359502;
2000;1005,3043844592125;824,7282541549706;
2500;1004,8303877578063;681,8609979880017;
3000;998,7625789905801;568,2529431818492;
3500;989,8971096434979;507,29182334950065;
4000;952,4514057988702;447,3296048498656;
4500;901,7797917939226;408,1296552777869;
5000;888,3401204536337;386,87153422282637;
6000;850,3161208138246;346,2972076985154;
7000;826,9539875152825;328,96069816217454;
8000;802,996435385186;324,5701510831802;
9000;755,0283664067547;315,073300822444;
10000;727,4103024671782;304,1747426680554;
12000;684,8931998432037;278,06655772784296;
14000;659,2822002277227;219,3990725945522;
16000;620,7975812658598;198,7477575617623;
18000;604,1427021344902;178,69875966266213;
20000;582,9627717703951;171,31005790140858;
25000;545,3519336905731;147,0296288824825;
30000;503,8772415595836;101,0563673861714;
35000;484,36102285833664;82,90696152219822;
40000;480,02872904642174;61,588903107593204;
45000;473,0907865291135;56,85052790683305;
50000;460,9772278705316;56,85052790682546;
55000;443,3892091117789;52,16425847848572;
60000;432,3511238275109;40,294019829651795;
65000;417,33800184620765;40,26916104463905;
70000;391,6160535565697;37,90039435235016;
75000;373,71505528416253;35,533942849003445;
80000;369,61269018492123;35,531627659997746;
85000;363,34020643033824;30,43781490422839;
90000;352,9891003703362;28,42532758313181;
95000;348,98975904550383;21,508358353563928;
100000;345,76944781751826;18,950260813977756;











============================================================================
Função: ackley
============================================================================
parameter;AGEO2var_5;AGEO2real2_P_AA_p3;
meanNFE;100320;100161;
meanFX;1,0059148287664985;4,454406217035967E-07;
melhorFX;0,0035143568051942964;3,2462393662058275E-07;
piorFX;1,6464141974207074;5,37585261639606E-07;
medianFX;1,3404842456074384;4,5114573410387493E-07;
sdFX;0,6711575370112084;3,905313636023976E-08;
==========================================================
===> f(x) médio para cada NFE:
NFE;AGEO2var_5;AGEO2real2_P_AA_p3;
5;21,021088086320127;20,95725686261822;
50;20,98516733926548;20,890217132797787;
100;20,96288856698124;20,890022682916314;
500;20,636748510719567;20,776768417167272;
1000;19,746131037446055;20,56707269601945;
1500;18,04258663924804;20,314844083598373;
2000;15,921650821471069;19,666160553711574;
2500;13,153052688709934;19,319646299827813;
3000;10,223303161916224;18,294431149473272;
3500;7,219723478325899;17,2870187658515;
4000;4,981497814515965;15,873292512239436;
4500;3,5254560805721673;14,496178830727413;
5000;2,509288832716803;13,302689548322501;
6000;1,8693761169865852;9,798014324043898;
7000;1,7050298694162063;6,6920521940266475;
8000;1,6304912949531647;4,6454076505464315;
9000;1,6278001610980382;2,943421379132683;
10000;1,6277778182864873;2,0566432669590253;
12000;1,6242391630730606;0,9447670970240998;
14000;1,5914838548130865;0,3726877548209287;
16000;1,5435094560925344;0,06573135183868864;
18000;1,5095522580757856;0,009531937097017575;
20000;1,4967299804347414;0,0019227914207393582;
25000;1,4265893024378866;4,109735700694728E-06;
30000;1,3881659907720345;5,931670735748185E-07;
35000;1,3739768607499843;5,410870929978273E-07;
40000;1,349658998871292;5,210110823838932E-07;
45000;1,3023913582090716;5,088331138836111E-07;
50000;1,2325137635924477;4,958106754315849E-07;
55000;1,1773269705172027;4,840266351635592E-07;
60000;1,1414961646769912;4,808412845136445E-07;
65000;1,1013853740038937;4,7664343888698113E-07;
70000;1,094996962148248;4,613115401497225E-07;
75000;1,0949834618945535;4,5817582353890886E-07;
80000;1,0920318613646773;4,542655842243448E-07;
85000;1,0837345282460722;4,5309123791525963E-07;
90000;1,0835108646538405;4,504558783935408E-07;
95000;1,0593792708961387;4,456666650298757E-07;
100000;1,0137439670572952;4,454406217035967E-07;











============================================================================
Função: beale
============================================================================
parameter;AGEO2var_5;AGEO2real2_P_AA_p3;
meanNFE;100022;100008;
meanFX;0,00013568941165455285;3,1139563793603296E-05;
melhorFX;1,6778542554548538E-07;1,9274530658600315E-12;
piorFX;0,0007948441297897668;0,001556969054888216;
medianFX;6,61586283947904E-05;1,1671310549164168E-10;
sdFX;0,0001724571168185106;0,00022018864899758727;
==========================================================
===> f(x) médio para cada NFE:
NFE;AGEO2var_5;AGEO2real2_P_AA_p3;
5;325,7127383245087;4109,068589478859;
50;5,664700996287898;1706,1062902262756;
100;2,779963087583445;258,22621655550967;
500;0,7164294296666975;1,417416232695863;
1000;0,4390007415850039;0,9435273567710688;
1500;0,38838012964397406;0,9076014392322855;
2000;0,33561507324675566;0,883525753244202;
2500;0,2906026034282284;0,8420519133267323;
3000;0,2585112720507886;0,8044692342473233;
3500;0,23061129818850076;0,6273396329347061;
4000;0,17085957189105203;0,5973499055926037;
4500;0,15823357348176278;0,5814466700442932;
5000;0,14274978149438644;0,5643643129871115;
6000;0,11509411034131505;0,4070511757037849;
7000;0,08530189013458597;0,31897637275571084;
8000;0,0742385227489628;0,285930724618275;
9000;0,06410042797272492;0,27580389432457736;
10000;0,06272439335818605;0,2648232086540685;
12000;0,03512381539108936;0,2225764792362419;
14000;0,02931421838829258;0,1834316204415433;
16000;0,009144673329926793;0,17548725332491327;
18000;0,008326381620369232;0,1560547349786885;
20000;0,007259532292254928;0,15343148061571543;
25000;0,003954689771376251;0,0920029340862736;
30000;0,003117583311540071;0,09139542132469432;
35000;0,0015827710556170777;0,04647909821036154;
40000;0,0014572585551172077;0,04569712495379699;
45000;0,0014477519752945326;0,016721623091414787;
50000;0,000995753734732959;0,015231884179626265;
55000;0,0007701410444629918;0,015231665828669616;
60000;0,0005366318438644849;0,015231665812613693;
65000;0,0004988426215561186;0,01523166578291492;
70000;0,0004390270361175048;0,015231665697877681;
75000;0,0003758397216650108;0,015231665697221133;
80000;0,0003398704605421315;0,015231665614224168;
85000;0,00015526418215994165;0,015231665593574592;
90000;0,00015064378677825404;0,015231665569510772;
95000;0,0001358195480876225;0,0015904543281631237;
100000;0,00013568941165455285;3,1964339797556535E-05;



Execution Time: 355 s
