




============================================================================
============================================================================
O que irá executar a seguir: executar_algoritmos
============================================================================
============================================================================













============================================================================
Função: Griewangk
============================================================================
parameter;AGEOreal1_P;AGEO2real1_P_autoadap;
meanNFE;100000;100000;
meanFX;0,1882081211843544;0,8686384504776822;
melhorFX;0,0706338358465286;0,0022861750848832685;
piorFX;0,29115849246219394;29,255851709504224;
medianFX;0,19248886923855324;0,1057454907948846;
sdFX;0,048816857034627896;4,605632779612145;
==========================================================
===> f(x) médio para cada NFE:
NFE;AGEOreal1_P;AGEO2real1_P_autoadap;
5;289,3074954772443;289,8443710261489;
50;285,69792142395454;289,18382086123904;
100;279,72137240946796;288,32358270028533;
500;221,06990375587185;278,57380016927675;
1000;158,19352289870955;256,0453213193849;
1500;106,61950758254898;216,47107634254857;
2000;64,95341928852204;176,02857100850906;
2500;34,59759501058723;144,94199977652812;
3000;15,754762840477119;114,24870049858889;
3500;5,959119250429931;87,54307605092407;
4000;2,129728661353257;66,49787456512513;
4500;0,7774036560815027;45,752179833668556;
5000;0,5325540914571091;37,12252593440595;
6000;0,39613237456754835;21,54324442380143;
7000;0,3714279244652209;12,040133219040268;
8000;0,34279629740995643;5,131162590979354;
9000;0,33543584434247975;2,515850064309452;
10000;0,32831551325254227;2,2485936899427936;
12000;0,3144280008040479;2,1086813921297023;
14000;0,3041258655066828;1,9312217280894945;
16000;0,2948451391631423;1,8710991432530744;
18000;0,2774054685769701;1,8130294925754182;
20000;0,26265420810845236;1,7489333155757845;
25000;0,25350429960933396;1,573641660511754;
30000;0,234706829628835;0,9124223144705267;
35000;0,2267887551821739;0,8718267476175472;
40000;0,22216898231604704;0,8705521242766044;
45000;0,21563358033000327;0,8701978833885698;
50000;0,2075869949183055;0,8691635909673613;
55000;0,20160137335570777;0,8686544377891764;
60000;0,19919131837932055;0,8686495846447914;
65000;0,19919131837932055;0,8686413551602981;
70000;0,19919131837932055;0,8686397231929763;
75000;0,19631304642023956;0,8686384718862513;
80000;0,19360386445547248;0,8686384507445408;
85000;0,19066229919670738;0,8686384505063891;
90000;0,19066229919670738;0,8686384505059305;
95000;0,19066229919670738;0,8686384504879987;
100000;0,1882081211843544;0,8686384504776822;











============================================================================
Função: Rastringin
============================================================================
parameter;AGEOreal1_P;AGEO2real1_P_autoadap;
meanNFE;100000;100000;
meanFX;6,218228969017225;4,776779772519873;
melhorFX;4,244350315852174;1,7282861963323768;
piorFX;9,665607913304747;13,442399904316773;
medianFX;6,1559506143070095;4,453198892613173;
sdFX;1,3086529979222603;1,9488799540688582;
==========================================================
===> f(x) médio para cada NFE:
NFE;AGEOreal1_P;AGEO2real1_P_autoadap;
5;241,26057787713748;236,87879241230172;
50;233,05514330598626;222,07804443691407;
100;227,41139170459755;210,75754556140768;
500;164,21063038763484;98,44956230741268;
1000;133,0607531979062;29,037849243023157;
1500;117,42022416990778;16,4665516097086;
2000;101,64082975570791;12,75717954693886;
2500;91,04796799392224;10,854463143790507;
3000;83,01612479691934;10,051668146544884;
3500;74,75817779514846;9,551342902416682;
4000;68,19597869462635;8,95858912592075;
4500;62,26254884049158;8,493847753868604;
5000;57,588944915925666;8,086268092843444;
6000;48,24152621090823;7,551425263937122;
7000;41,19040153259559;7,42358706874105;
8000;34,822794999418164;7,074794931167284;
9000;29,370973948157786;6,8257722114917145;
10000;25,78274820281082;6,47554065753341;
12000;21,79260776751038;6,3653206360903125;
14000;19,295423600790123;6,171452912427763;
16000;17,531144081659995;5,975531974816389;
18000;15,562630600037153;5,8296083431160355;
20000;13,299352834647923;5,67200459654272;
25000;10,987944375941712;5,559810616236533;
30000;9,913564555810208;5,447318698827148;
35000;9,453409559620562;5,415358280339033;
40000;8,884582536063599;5,216973487861854;
45000;8,362915632240774;5,120885944708176;
50000;7,975736373127336;4,9997386547329565;
55000;7,398242571963662;4,979025309700975;
60000;7,167307631843583;4,960023004454074;
65000;6,9862400159880185;4,9350638353115155;
70000;6,883269001958503;4,915310459368712;
75000;6,759082606889488;4,822470538689703;
80000;6,625923651716887;4,79162364370053;
85000;6,559381039379792;4,776779772519873;
90000;6,437233727564911;4,776779772519873;
95000;6,309724449603474;4,776779772519873;
100000;6,218228969017225;4,776779772519873;











============================================================================
Função: Rosenbrock
============================================================================
parameter;AGEOreal1_P;AGEO2real1_P_autoadap;
meanNFE;100000;100000;
meanFX;7,361771564535587E-06;2,1332230214535195;
melhorFX;1,1339717827479933E-07;0,0003421441872594676;
piorFX;3,2627420749873166E-05;26,228591167695257;
medianFX;4,809196550547887E-06;0,42569876735009593;
sdFX;7,964965829061258E-06;5,352943123206368;
==========================================================
===> f(x) médio para cada NFE:
NFE;AGEOreal1_P;AGEO2real1_P_autoadap;
5;355,9973857912042;104,05181045186077;
50;277,36928302656577;22,27293148974282;
100;208,28206343822103;19,042363782307262;
500;35,53999943067743;8,425529582641891;
1000;4,8888668858469275;2,3745192616765705;
1500;1,4237672280868447;2,1778684987747274;
2000;1,0999276519356476;2,157465011466882;
2500;0,9403506071471277;2,157465011466882;
3000;0,7620803006312895;2,157465011466882;
3500;0,6657257757480376;2,157465011466882;
4000;0,5610316787108973;2,157465011466882;
4500;0,48139791933607173;2,1570995826561856;
5000;0,4015554111479654;2,1570995826561856;
6000;0,2603768912175297;2,1365991006799336;
7000;0,16954665565885282;2,1365991006799336;
8000;0,12031757509292955;2,1365991006799336;
9000;0,0856287743048652;2,1365991006799336;
10000;0,05723931671853945;2,1365991006799336;
12000;0,011784175133585246;2,1365991006799336;
14000;0,003690539234872547;2,1353022305449882;
16000;0,0018698113796175252;2,1353022305449882;
18000;0,00017211450869596782;2,133430008201631;
20000;7,777832829311112E-05;2,133430008201631;
25000;6,424116235980659E-05;2,133430008201631;
30000;3,206626376249842E-05;2,1332230214535195;
35000;2,969354547390034E-05;2,1332230214535195;
40000;2,4758396566331764E-05;2,1332230214535195;
45000;2,2546088641356473E-05;2,1332230214535195;
50000;2,1218007609153585E-05;2,1332230214535195;
55000;2,0200523155965444E-05;2,1332230214535195;
60000;1,864488500294472E-05;2,1332230214535195;
65000;1,6934897782901103E-05;2,1332230214535195;
70000;1,6355327581552774E-05;2,1332230214535195;
75000;9,410793986078131E-06;2,1332230214535195;
80000;9,323890667586864E-06;2,1332230214535195;
85000;8,34326794226788E-06;2,1332230214535195;
90000;8,062495266405386E-06;2,1332230214535195;
95000;7,91409894073667E-06;2,1332230214535195;
100000;7,361771564535587E-06;2,1332230214535195;











============================================================================
Função: Schwefel
============================================================================
parameter;AGEOreal1_P;AGEO2real1_P_autoadap;
meanNFE;100000;100000;
meanFX;389,40598599900125;1743,8313643054971;
melhorFX;185,27973351871424;481,9071914031497;
piorFX;669,1955148734528;2613,261614827589;
medianFX;396,0189801601364;1796,4777257847827;
sdFX;112,36769750057947;453,1289790398157;
==========================================================
===> f(x) médio para cada NFE:
NFE;AGEOreal1_P;AGEO2real1_P_autoadap;
5;4048,6282579423823;4264,693294430452;
50;3321,565529083297;4245,53490320184;
100;2591,3791453312383;4220,03569672189;
500;1558,9823964985594;3998,500259246141;
1000;1273,6553588233928;3534,4549964695348;
1500;1158,1589364102686;3055,8753008083777;
2000;1042,1428890363652;2770,6496009978164;
2500;1005,7553926971246;2586,954917833337;
3000;972,5195510148405;2448,0037306584118;
3500;943,2794893634807;2312,5259068534715;
4000;931,5752243679715;2220,578001974601;
4500;898,9223420856026;2158,930551845903;
5000;879,7928926188575;2090,61388689695;
6000;849,7865498908479;1995,1577997168527;
7000;807,7768421744586;1922,899627808484;
8000;780,1106172549385;1911,326749953106;
9000;753,1026617097771;1880,8595422921794;
10000;726,7879023067017;1863,5991028398616;
12000;675,3277647913648;1843,8955964916845;
14000;653,4725661607766;1829,4086675314;
16000;628,9156332505643;1827,963737228659;
18000;610,7301037944361;1810,057817712662;
20000;592,6631549984684;1789,944629327146;
25000;549,2040192595049;1746,0020727085314;
30000;521,0113661478299;1745,8538124927557;
35000;501,1076603262685;1745,8276168284824;
40000;491,98272709389255;1745,8272632754695;
45000;481,6712520179917;1743,9233322729929;
50000;469,2947408815706;1743,831408679541;
55000;454,0373496722144;1743,831388143221;
60000;435,40428978412365;1743,8313871794949;
65000;411,5088185008288;1743,8313862540567;
70000;407,099283030189;1743,8313862338996;
75000;406,04165945587766;1743,8313842648095;
80000;404,75099581053007;1743,8313841638198;
85000;401,3889942906426;1743,8313673309683;
90000;395,0622794811026;1743,8313644599705;
95000;391,95119166758604;1743,8313643067072;
100000;389,40598599900125;1743,8313643054971;











============================================================================
Função: Ackley
============================================================================
parameter;AGEOreal1_P;AGEO2real1_P_autoadap;
meanNFE;100020;100020;
meanFX;0,18364729112037503;0,29601818841307503;
melhorFX;0,11466450815150964;0,06540910819484225;
piorFX;0,2538340117803983;0,5996522541182507;
medianFX;0,17746377644598965;0,2575880486512254;
sdFX;0,029583129535976752;0,1326515716860255;
==========================================================
===> f(x) médio para cada NFE:
NFE;AGEOreal1_P;AGEO2real1_P_autoadap;
5;20,99447185778244;20,93918644757425;
50;20,93995359073839;20,883155057552596;
100;20,887701106459158;20,82541137357644;
500;20,104762851949957;20,17707967196329;
1000;19,536874139428598;19,595116286017543;
1500;19,39199273866261;19,384742809305237;
2000;19,364719538764334;19,289744737999968;
2500;19,339821651033077;19,227986041633308;
3000;19,32749191384957;19,170930733158734;
3500;19,315484534486554;19,12535602745267;
4000;19,305945830673487;19,056775979431745;
4500;19,28284950083681;18,951112584040757;
5000;19,27629841229635;18,825446476812864;
6000;19,246335282206864;18,4703098057653;
7000;19,211983045321826;18,1841833443021;
8000;19,179785756140483;17,80424648805515;
9000;19,155475035215687;17,249423231518733;
10000;19,108793857024782;16,660542808611208;
12000;19,02828879774787;15,484563286681075;
14000;18,9136733228533;13,87470706254338;
16000;18,79433983358294;11,838069518995612;
18000;18,632316928643053;10,139009809675908;
20000;18,396924696830293;8,772574570136175;
25000;17,370177030485188;6,125429111944129;
30000;15,832293965852335;4,39019382561511;
35000;13,94237861062581;2,878519114733066;
40000;11,557026197642402;2,0717084872188543;
45000;9,258948045353545;1,5916767454100031;
50000;7,407721575371224;0,951358894762137;
55000;5,534304910131483;0,4516561632748523;
60000;4,481977842617756;0,33397760247077024;
65000;3,31017896596301;0,3227522835021112;
70000;2,1584853591337945;0,3169349484390386;
75000;1,3033611619289143;0,3073914540346;
80000;0,6261779159424219;0,3062895248123282;
85000;0,38576529281916966;0,3062895248123282;
90000;0,1964070719752744;0,30263260371036554;
95000;0,18830092004351232;0,2983914337762263;
100000;0,18364729112037503;0,29601818841307503;











============================================================================
Função: Beale
============================================================================
parameter;AGEOreal1_P;AGEO2real1_P_autoadap;
meanNFE;100000;100000;
meanFX;1,2703113271590634E-05;1,0129669863645445;
melhorFX;6,51422613974651E-09;2,454217650394937E-07;
piorFX;4,526786303373897E-05;5,917853011657362;
medianFX;1,1659496541219577E-05;0,08970723698169382;
sdFX;1,157013403070277E-05;1,641120094495579;
==========================================================
===> f(x) médio para cada NFE:
NFE;AGEOreal1_P;AGEO2real1_P_autoadap;
5;9971,585265271418;1434,2822314929485;
50;5783,280587043328;256,5250670121038;
100;3106,071281376077;107,44085057520003;
500;1,4897849308891542;1,467582386464551;
1000;0,7941238505940299;1,2708581952657272;
1500;0,5188070437709992;1,2299792160250322;
2000;0,5134329303049876;1,2268185169161117;
2500;0,4952020917301277;1,2110009329117744;
3000;0,4485076277286316;1,208304184301126;
3500;0,41378381973502254;1,1972424570667093;
4000;0,3895323827150929;1,1766359742428683;
4500;0,37495601528904043;1,1592154515137092;
5000;0,3226318944551379;1,1577391592533421;
6000;0,2911610441235767;1,1370314806405746;
7000;0,20153607992783376;1,1342668205031914;
8000;0,1802142165802809;1,1342668205031914;
9000;0,15878228956667778;1,1342668205031914;
10000;0,11611061156291791;1,1342668205031914;
12000;0,07669989679674147;1,1341029609583386;
14000;0,05747817807607878;1,1341027179484136;
16000;0,05746464269845294;1,1341027179484136;
18000;0,038369501847369376;1,1341026309979854;
20000;0,01913502858712986;1,1341026309979854;
25000;0,019104387418046646;1,1341026309979854;
30000;0,019090390126327746;1,1341026309979854;
35000;4,72055661322073E-05;1,1341026309979854;
40000;3,067455079418826E-05;1,1341026309979854;
45000;2,6889121722590018E-05;1,1341026309979854;
50000;2,269913073888004E-05;1,1341026309979854;
55000;2,149034949598585E-05;1,1341026309979854;
60000;2,0064969030673354E-05;1,1341026309979854;
65000;1,8050861590223444E-05;1,1341026309979854;
70000;1,6956000510595457E-05;1,1341026309979854;
75000;1,609087890873456E-05;1,1341026309979854;
80000;1,5144214378233494E-05;1,1341026309979854;
85000;1,43319150532503E-05;1,1341026309979854;
90000;1,3433644848568193E-05;1,0129669863645445;
95000;1,3433644848568193E-05;1,0129669863645445;
100000;1,2703113271590634E-05;1,0129669863645445;



Execution Time: 129251 ms
