




============================================================================
============================================================================
O que irá executar a seguir: executar_algoritmos
============================================================================
============================================================================













============================================================================
Função: Griewangk
============================================================================
parameter;GEOreal2_O_VO;GEOreal2_P_VO;GEOreal2_N_VO;GEOreal2_O_DS;GEOreal2_P_DS;GEOreal2_N_DS;
meanNFE;100000;100080;100000;100000;100080;100000;
meanFX;0;0,005448480847993089;0,07506600731174742;0;0,003907336934084885;0,004537950473106275;
FXatual;0;0,005448480847993089;0,07506600731174742;0;0,003907336934084885;0,004537950473106275;
medianFX;0;3,7071479219719095E-09;0,014449806070736315;0;0,0010410578151296423;0,0022345683550686335;
sdFX;0;0,009266217837377789;0,14962244448380144;0;0,006562854594156638;0,004673245593424842;
==========================================================
===> f(x) médio para cada NFE:
NFE;GEOreal2_O_VO;GEOreal2_P_VO;GEOreal2_N_VO;GEOreal2_O_DS;GEOreal2_P_DS;GEOreal2_N_DS;
5;277,166233915114;294,19906765543834;295,12174774161053;281,3578665078992;290,0376759406648;295,0467977619648;
50;141,45092369761576;292,0633303968755;293,59491592209656;122,935323347776;272,81284724361416;291,72923139798706;
100;61,37397118229275;290,6400570471752;292,2852173149238;56,975087973829275;268,186320449437;288,86438933232455;
500;0,6122508315030468;245,45989761290315;279,29581320436375;0,5535835268624838;80,80768245361068;263,48707003695154;
1000;0,07550548507299412;205,3068955502246;264,064708703459;0,15300551336260707;12,285063443819023;235,60488301279574;
1500;0,014333612419529174;170,58594486174368;247,99334795401984;0,08044902630547063;1,8575673931659054;207,86682530205294;
2000;0,003807599978499579;140,2746345996859;233,83432715749626;0,027638850162019123;0,5105592631258378;182,9465197054995;
2500;0,0013210699349876427;113,71996674393927;219,44412785529303;0,015418343250203822;0,15944273371489226;160,19610547282136;
3000;0,0006886716609133786;90,09792050175906;206,22065289577094;0,002173667323343545;0,11142434969975812;140,8898697896193;
3500;8,715156374350385E-12;67,62208206347051;192,92622831613284;7,859629613804486E-13;0,0872880965877616;121,93973868975934;
4000;0;51,7700595040742;180,52390898411497;0;0,06509394177983542;105,90194508510763;
4500;0;38,418844638980275;168,71519898024144;0;0,0548991729246309;89,94383182699508;
5000;0;27,71228029805228;158,37227660492405;0;0,053649358175659245;76,27125508273849;
6000;0;13,405975590505179;137,2775737620103;0;0,04492199456818925;53,62325455965912;
7000;0;5,877464653693774;118,37640127321109;0;0,04107559126534467;36,01140106386015;
8000;0;2,6098324273697076;101,36757869267504;0;0,038199029721381006;23,18773260942734;
9000;0;1,2891653187568775;85,56392263172896;0;0,03785964588343331;14,499357493455927;
10000;0;0,7535409625095819;72,62163903963729;0;0,03634185680131189;8,636327424843449;
12000;0;0,2662207525586281;51,54859131203089;0;0,034505240551157855;2,901993572122172;
14000;0;0,12214417005190766;37,39330246909274;0;0,03397853227348583;1,084097165956465;
16000;0;0,07259506868267734;28,535702190234257;0;0,03029071708046612;0,5103078243736562;
18000;0;0,04419876251263007;21,69898600565658;0;0,02657039256535324;0,21649143526409192;
20000;0;0,035684115115697114;17,057530757497002;0;0,02560029454718783;0,08120089394060781;
25000;0;0,02831008887010148;10,375027879328583;0;0,02028750333321804;0,027955833696974398;
30000;0;0,023331686422433672;6,840995166717528;0;0,014125369093378156;0,021551034884710017;
35000;0;0,021305499680521138;4,475554344787477;0;0,010246714103870102;0,017981947958455806;
40000;0;0,01970125908138431;3,2690499517584746;0;0,00995557461386773;0,013783215339598549;
45000;0;0,01914858692181995;2,333167160835378;0;0,009339506696614337;0,012519187667891224;
50000;0;0,018630737895490898;1,6619563273794395;0;0,008907593837770272;0,010533800785659997;
55000;0;0,016771237726761222;1,2514401883601596;0;0,007828689964684405;0,009907700090669224;
60000;0;0,01460438615314125;0,9525360744337803;0;0,006855944008400686;0,009025205841087758;
65000;0;0,011745424520577682;0,6775884901112337;0;0,006123053219433933;0,008632301574954196;
70000;0;0,011409872095482979;0,4707381608517688;0;0,006072683107040955;0,00803673710195566;
75000;0;0,010074614883093072;0,3562974922223903;0;0,005788540289722049;0,00689200809052346;
80000;0;0,00953045639896626;0,240763996337652;0;0,005386780171937255;0,006783072099994727;
85000;0;0,008046279551129304;0,16378100644786064;0;0,004941738723482877;0,006258424056572229;
90000;0;0,0062030313461036105;0,0985683148173932;0;0,004544546679721759;0,0055894693061507485;
95000;0;0,005448619988768735;0,08066124667705768;0;0,004534995454531151;0,005116345717409448;
100000;0;0,005448480847993089;0,07506600731174742;0;0,003920494094482324;0,004537950473106275;











============================================================================
Função: Rastringin
============================================================================
parameter;GEOreal2_O_VO;GEOreal2_P_VO;GEOreal2_N_VO;GEOreal2_O_DS;GEOreal2_P_DS;GEOreal2_N_DS;
meanNFE;100000;100080;100080;100000;100080;100080;
meanFX;0;0;0;0;0;0;
FXatual;0;0;0;0;0;0;
medianFX;0;0;0;0;0;0;
sdFX;0;0;0;0;0;0;
==========================================================
===> f(x) médio para cada NFE:
NFE;GEOreal2_O_VO;GEOreal2_P_VO;GEOreal2_N_VO;GEOreal2_O_DS;GEOreal2_P_DS;GEOreal2_N_DS;
5;225,86419812932604;230,60408248985772;230,73840893525272;227,61336114249244;231,38257864329245;229,7873664087234;
50;214,493686228203;225,82532710191828;226,34936651833922;216,68456207460343;227,24568540924687;224,1460790431166;
100;115,35347994407076;224,60938839105992;224,92148379279243;143,55671986217544;225,0987870015584;220,92249018094077;
500;11,533986201502007;134,1091843244766;134,45476232350174;18,521157992477946;157,97262029104408;116,35700477557575;
1000;2,270065395594549;85,53138157042608;87,46362757507254;2,2204838033024124;107,23530147970821;69,74070701086207;
1500;0,35533012868375236;58,58065043060196;58,735750663419495;0,26735928469005066;77,61451839408332;46,00524866326196;
2000;0,06488181447830713;38,78063029816032;41,06134188796217;0,007444998086974408;57,003575203023935;30,280317012645206;
2500;6,137383779680761E-06;27,231321705799047;29,060054489773098;4,517794481628812E-07;42,37562202451198;20,582316315967702;
3000;8,824798669593292E-10;19,400030512751318;21,916414284320112;1,845984698434222E-10;31,640454839234927;15,684462719914189;
3500;1,262989712813578E-13;14,269308647746527;15,377204188900032;7,815970093361103E-15;24,453124024581378;11,705124942652647;
4000;1,7763568394002506E-16;11,177336214992591;11,181702008591854;2,3092638912203257E-15;18,45966418302834;8,612438818825641;
4500;0;8,19881162924514;8,277282993024567;1,2434497875801752E-15;14,524667036997476;6,981831073231161;
5000;0;5,867217362579309;6,522872857117022;1,0658141036401502E-15;12,054069314636237;5,615654314368344;
6000;0;3,451424187309975;4,146658912056587;7,105427357601002E-16;7,98424235307661;3,513140648076064;
7000;0;2,081943028663952;2,575994465870239;1,7763568394002506E-16;5,8378646217345915;2,4998367883682;
8000;0;1,2776904107359395;1,748497272827197;0;4,325418499041504;1,8422753417496267;
9000;0;0,7695516334400068;1,094483048448359;0;3,0875197946280837;1,2310851612069873;
10000;0;0,5180393873596845;0,7754759696582504;0;1,9692760775173421;0,8470688712410643;
12000;0;0,2733344102995991;0,3652024434155777;0;1,165474534644032;0,45145068927321025;
14000;0;0,10747927452980761;0,13196143514763178;0;0,776238866574479;0,26218040649040175;
16000;0;0,061049170732436764;0,07480782195425775;0;0,5206993328874974;0,14618688525147938;
18000;0;0,02463945024155052;0,02458476632789548;0;0,2729388785716024;0,05221098437094742;
20000;0;1,58468088976349E-05;0,024584467840197455;0;0,18653128719697687;0,00036257923583367103;
25000;0;5,920597345721035E-11;4,698463840213662E-13;0;0,004283247033874993;8,117950756059145E-14;
30000;0;5,151434834260726E-15;5,684341886080802E-15;0;3,199105140794245E-08;4,440892098500626E-15;
35000;0;3,730349362740526E-15;3,552713678800501E-15;0;1,9539925233402757E-15;2,3092638912203257E-15;
40000;0;2,4868995751603505E-15;2,842170943040401E-15;0;8,881784197001252E-16;8,881784197001252E-16;
45000;0;1,9539925233402757E-15;1,7763568394002505E-15;0;3,552713678800501E-16;7,105427357601002E-16;
50000;0;1,2434497875801752E-15;1,2434497875801752E-15;0;0;3,552713678800501E-16;
55000;0;1,0658141036401502E-15;7,105427357601002E-16;0;0;1,7763568394002506E-16;
60000;0;8,881784197001252E-16;5,329070518200751E-16;0;0;0;
65000;0;7,105427357601002E-16;5,329070518200751E-16;0;0;0;
70000;0;5,329070518200751E-16;5,329070518200751E-16;0;0;0;
75000;0;1,7763568394002506E-16;3,552713678800501E-16;0;0;0;
80000;0;0;1,7763568394002506E-16;0;0;0;
85000;0;0;0;0;0;0;
90000;0;0;0;0;0;0;
95000;0;0;0;0;0;0;
100000;0;0;0;0;0;0;











============================================================================
Função: Rosenbrock
============================================================================
parameter;GEOreal2_O_VO;GEOreal2_P_VO;GEOreal2_N_VO;GEOreal2_O_DS;GEOreal2_P_DS;GEOreal2_N_DS;
meanNFE;100000;100000;100000;100008;100000;100000;
meanFX;4,148559465548391E-05;1,377674138313319E-08;9,834992879720948E-06;0,00014097526730612;1,1969442805974343E-08;3,311469645522679E-05;
FXatual;4,148559465548391E-05;1,377674138313319E-08;9,834992879720948E-06;0,00014097526730612;1,1969442805974343E-08;3,311469645522679E-05;
medianFX;2,5981815333363955E-05;5,043751666119579E-09;4,126148681228664E-06;3,438812438817655E-07;5,994042016477156E-09;2,224677243188185E-06;
sdFX;5,0498312192932384E-05;2,239342378952154E-08;1,4969666019082917E-05;0,00042128363339688084;2,1991689348257963E-08;0,00018359547086042356;
==========================================================
===> f(x) médio para cada NFE:
NFE;GEOreal2_O_VO;GEOreal2_P_VO;GEOreal2_N_VO;GEOreal2_O_DS;GEOreal2_P_DS;GEOreal2_N_DS;
5;224,60253452043457;456,4602676662792;284,79940365063135;140,9647963437036;455,5253646561729;223,33248473873647;
50;1,9821093930373581;439,23084747211504;10,644772965513376;5,77551980951643;440,7903911031764;13,171933202880226;
100;1,3716937046659463;416,1901935781646;1,3526450933567051;1,7458832943531306;425,79375116007014;3,191681267870765;
500;0,5324294633613941;282,32227370873505;0,8655687559472642;0,7164529159822572;316,4677171738241;1,073991975571252;
1000;0,28911981687400606;164,25764170153337;0,7490455903880286;0,5377867346543801;218,03537060814534;0,8124166946744358;
1500;0,16217419555915363;90,1633296115568;0,4474962970939698;0,49103359879214503;144,6807821618598;0,5941738219609994;
2000;0,1228232132322525;49,59996628348334;0,3623322824252046;0,29761052591462006;94,2331467255104;0,4657254171448921;
2500;0,09663819433231804;24,44504206164867;0,2376294282792791;0,13874428000753575;58,465689867319426;0,20481751798405287;
3000;0,08547442085792693;10,32904103305627;0,14705210978727384;0,12377654489945092;36,26140438704737;0,18676204428554286;
3500;0,07287127361834149;4,3129504427610375;0,04853073916375174;0,10990976600865007;21,384738026394416;0,0700096374523757;
4000;0,06503983172398406;2,0148725469474407;0,0337141055014855;0,09883155115514212;11,965382486181328;0,06027177256858558;
4500;0,05896995921486017;1,1472794374713426;0,028541126014115265;0,09065662772770776;6,7295159133396165;0,05110866922736289;
5000;0,05176742615430404;0,6444340816288957;0,024063623096375976;0,08460904736428818;4,039031674975671;0,04576461207970132;
6000;0,040778365367703316;0,3484235133141974;0,021037665862030437;0,07198402519428945;1,7784637426164274;0,03882275924694432;
7000;0,0350371390305471;0,18785828371271918;0,0186846547219118;0,06362030040762762;0,6686664571836366;0,03168294152303067;
8000;0,027630806132362712;0,100822004294657;0,009849760049283467;0,05662355958568079;0,33874213307788614;0,025059750354040122;
9000;0,02274729236901314;0,0588290951574922;0,008450920961416157;0,05109297848123623;0,20548013493575037;0,02078553878765777;
10000;0,020934753113312683;0,04026098013224425;0,007390597680432305;0,04605634388084502;0,12110230225454284;0,016078757780695854;
12000;0,016418319880166222;0,02162401375210037;0,005371548968769169;0,037727600763486954;0,048416952349893336;0,009120562759324205;
14000;0,014205417038740186;0,01310531278559191;0,004739606472666379;0,032566119231277016;0,025625100858769585;0,007525115116583761;
16000;0,012967751980199445;0,008075993260754486;0,003546942341032408;0,028661629910874814;0,014877154056935949;0,006782631562076001;
18000;0,011715411783704223;0,005352621736944609;0,0014788359281095271;0,025512425637016074;0,00944033111739269;0,005726116725351497;
20000;0,009509838624287361;0,003377939433621048;0,0014372640863871706;0,02168389040457918;0,005886644919860304;0,004171303579718953;
25000;0,006663686598288076;0,0012996550733748973;0,0003224583681676079;0,015380618640094912;0,0023768084032912587;0,0028527516407091838;
30000;0,0035858708278676036;0,0005794527397418604;0,0001005178386757999;0,011242858373179166;0,000913315178624595;0,0023544135701012445;
35000;0,002596187963918049;0,00026100790436509264;4,806788521121631E-05;0,0072381791231324235;0,00035075546016878633;0,0017968344217871926;
40000;0,0008921716535082236;0,000125500457433426;4,0737027958510276E-05;0,004924507059956796;0,0001550323172715383;0,0017335044880524976;
45000;0,00024233870137036853;5,256843787509388E-05;3,191830423189658E-05;0,0034896784830564824;5,3645988286923224E-05;0,0007106313513348562;
50000;0,00023416305384946966;1,855633328087074E-05;2,8074474012647848E-05;0,002564894500794997;2,1672133642665126E-05;0,0006383085578614163;
55000;0,00019116030452662327;7,793639084916907E-06;2,2173907776091682E-05;0,0019275918230091543;1,697381433775819E-05;0,0006054893768280494;
60000;0,00017661106484138697;3,310187716252371E-07;2,1022505300937905E-05;0,0012641931342980508;3,836498854310165E-06;5,7109811161427265E-05;
65000;0,0001140326340116541;1,1929302141434838E-07;1,8232910966412755E-05;0,0010189127187686868;1,339830996123898E-06;5,601432109183154E-05;
70000;0,00011173063242453439;1,1188331234027859E-07;1,6469771054623166E-05;0,0008442591116447207;7,364933067692646E-08;5,595614121739012E-05;
75000;0,00011006831264006504;3,847645272473303E-08;1,5306263719454954E-05;0,0007952437718578749;2,0797157791182564E-08;3,39041043038953E-05;
80000;5,4078840705508E-05;3,847645272473303E-08;1,4339699542663511E-05;0,0006294554986909481;1,795969505995813E-08;3,39041043038953E-05;
85000;5,3196940703481566E-05;3,830116781727793E-08;1,3432833669078611E-05;0,00043506209322680047;1,516366381693937E-08;3,390321837120812E-05;
90000;5,3196940703481566E-05;3,6929661797069096E-08;1,1219526357447393E-05;0,0002765339766184517;1,3875190135322607E-08;3,389362064715355E-05;
95000;4,283262768203812E-05;3,5320170928635905E-08;1,0677529478096637E-05;0,0002035780765128085;1,2025305656013844E-08;3,378366096830508E-05;
100000;4,148559465548391E-05;1,377674138313319E-08;9,834992879720948E-06;0,00014097526730612;1,1969442805974343E-08;3,311469645522679E-05;











============================================================================
Função: Schwefel
============================================================================
parameter;GEOreal2_O_VO;GEOreal2_P_VO;GEOreal2_N_VO;GEOreal2_O_DS;GEOreal2_P_DS;GEOreal2_N_DS;
meanNFE;100000;100080;100080;100080;100080;100000;
meanFX;0,00012727566204375761;0,0001272756622711313;1954,8703825209636;0,0001272756622029192;0,00012727566222565657;1737,3543147321338;
FXatual;0,00012727566204375761;0,0001272756622711313;1954,8703825209636;0,0001272756622029192;0,00012727566222565657;1737,3543147321338;
medianFX;0,00012727566172543447;0,00012727566263492918;1961,8181427809113;0,00012727566263492918;0,00012727566263492918;1758,4545682859693;
sdFX;4,393276790684904E-13;4,5123573577878564E-13;368,3260374009674;4,599645083915811E-13;4,582320558763777E-13;322,6626484665337;
==========================================================
===> f(x) médio para cada NFE:
NFE;GEOreal2_O_VO;GEOreal2_P_VO;GEOreal2_N_VO;GEOreal2_O_DS;GEOreal2_P_DS;GEOreal2_N_DS;
5;4095,125638411526;4039,4778829535085;4211,942270243068;4140,871348989271;4117,470619036844;4190,724461274059;
50;3936,8346822825238;3820,103026772476;4201,583961293551;3917,040689789039;3891,2028037424666;4058,414700109583;
100;3846,957328176977;3728,415879699901;4198,565147899953;3814,0521843079237;3816,972879298257;3993,5343416147102;
500;1674,6386783486512;1239,4747196193837;4014,364953675036;1866,5434585441649;1815,0674880422862;3516,317183043513;
1000;1062,0493991482479;815,5321865392409;3823,0319352466877;1235,0788304248968;1218,8396397056551;3136,2069245402718;
1500;776,0753064421884;637,2835361638615;3643,2668402885806;951,6112953639813;963,8905852868344;2888,8366955446977;
2000;602,9441825878845;503,2805945568387;3465,487898578718;752,6900129054411;771,8697040103439;2664,3101409805085;
2500;493,7468660797169;438,0443502272675;3290,3165700828495;578,1948481082259;656,4861442144113;2488,863919567319;
3000;405,1881028380802;396,3725043969952;3136,4119461134824;500,7584576450957;555,8094021579992;2340,825403609487;
3500;350,6990582501212;354,90150445758434;2964,6022211456793;445,51877574368916;494,1937552446499;2264,0947303976714;
4000;318,431256407605;326,2393760307433;2834,5825852943135;403,9855424544734;444,2536623781334;2218,3296314486797;
4500;272,11644988644974;297,0572005069409;2716,026772933712;376,6755022776837;396,3149215968209;2147,963695831086;
5000;237,05706797067424;281,7200623171397;2595,2102001788026;336,9652346178984;356,6385018664582;2114,398288499756;
6000;184,54069186910925;242,2076290659592;2403,9894114322524;295,17545270436415;293,67467648086347;2077,8670121627206;
7000;157,420404830967;216,54223541983174;2247,3096429006605;265,1679052469831;257,50319184545606;2056,049253312423;
8000;140,6019642620838;177,69992723246332;2132,030573249173;233,10890020562542;225,14255877426058;2034,894620697647;
9000;97,39984620523907;138,0673898516862;2062,283532053534;191,9633712167436;201,08669342490504;2023,570276270948;
10000;73,17038234611381;112,66308122709825;2009,253930962251;162,6403760935923;179,02719671571822;2005,519706324109;
12000;37,70390509491468;83,1062720847141;1968,970837981506;120,25266577063546;136,67475959675986;1985,7844298331627;
14000;29,06030424437653;56,4064979709358;1956,498209816945;100,42629688372443;106,58788498358271;1973,519176319763;
16000;24,235709787535473;44,425325181336554;1954,8902310916055;83,23331620857121;86,37098843225439;1966,542451519228;
18000;22,97907845175032;32,57192459248928;1954,870382534767;75,91578222125284;69,45204482938848;1942,1430405241022;
20000;19,32379033705853;23,857841086688722;1954,870382521;61,604803586416025;49,437507163624254;1936,9101245958107;
25000;2,9724101663534386;3,9442643552426717;1954,8703825209636;17,819845951268054;18,835633305843896;1911,5642276859094;
30000;2,9610856410304676;2,961085641027398;1954,8703825209636;14,805017974960332;8,912026425565738;1897,8590270642849;
35000;2,9610856410235327;0,0023413121755311295;1954,8703825209636;8,885437298313548;8,883002371745386;1888,3727373222926;
40000;0,00012729825250517023;0,00012727566252124234;1954,8703825209636;5,922304452322294;8,883002371745352;1868,7056016786723;
45000;0,0001272756624075555;0,0001272756624757676;1954,8703825209636;2,9610856410256816;0,00017643895694163803;1860,1352468884702;
50000;0,00012727566236208076;0,00012727566245303025;1954,8703825209636;2,9610856410233852;0,00012727566249850497;1842,1861935702286;
55000;0,00012727566231660604;0,00012727566245303025;1954,8703825209636;2,9610856410233852;0,00012727566243029287;1825,1476687261572;
60000;0,00012727566224839392;0,00012727566243029287;1954,8703825209636;2,9610856410233395;0,00012727566243029287;1809,4267309710042;
65000;0,00012727566222565657;0,0001272756624075555;1954,8703825209636;2,961085641023226;0,00012727566243029287;1801,627382772772;
70000;0,00012727566215744445;0,0001272756624075555;1954,8703825209636;2,961085641023203;0,00012727566238481813;1783,2329217233516;
75000;0,00012727566215744445;0,0001272756624075555;1954,8703825209636;0,0001272756666139685;0,00012727566236208076;1773,9442906324716;
80000;0,00012727566213470708;0,0001272756624075555;1954,8703825209636;0,00012727566224839392;0,0001272756623393434;1766,8629200787013;
85000;0,00012727566211196973;0,00012727566231660604;1954,8703825209636;0,00012727566224839392;0,00012727566229386866;1754,3443038291548;
90000;0,00012727566211196973;0,00012727566231660604;1954,8703825209636;0,00012727566224839392;0,00012727566229386866;1746,6965705182931;
95000;0,000127275662066495;0,0001272756622711313;1954,8703825209636;0,00012727566222565657;0,0001272756622711313;1738,9270666500968;
100000;0,00012727566204375761;0,0001272756622711313;1954,8703825209636;0,0001272756622029192;0,00012727566222565657;1737,3543147321338;











============================================================================
Função: Ackley
============================================================================
parameter;GEOreal2_O_VO;GEOreal2_P_VO;GEOreal2_N_VO;GEOreal2_O_DS;GEOreal2_P_DS;GEOreal2_N_DS;
meanNFE;100080;100080;100080;100080;100080;100080;
meanFX;0;2,6075388070978535E-09;8,111874727489976E-10;0;4,231369921114947E-10;4,684542531663283E-10;
FXatual;0;2,6075388070978535E-09;8,111874727489976E-10;0;4,231369921114947E-10;4,684542531663283E-10;
medianFX;0;2,2185027148680092E-09;6,570601840394374E-10;0;4,161613276210119E-10;4,368558848000248E-10;
sdFX;0;1,7193526372387551E-09;5,383842619706274E-10;0;6,411848231416897E-11;1,3482903830768665E-10;
==========================================================
===> f(x) médio para cada NFE:
NFE;GEOreal2_O_VO;GEOreal2_P_VO;GEOreal2_N_VO;GEOreal2_O_DS;GEOreal2_P_DS;GEOreal2_N_DS;
5;20,933547797026595;20,938077004829942;20,937969013597;20,931866673236364;20,944898525092402;20,940868534050587;
50;20,852806033647486;20,913713367777767;20,915781249999988;20,84970974197821;20,91319987356364;20,91721605314273;
100;20,8354021680212;20,89520122772307;20,90512463525406;20,8347531996705;20,898616125176673;20,902365520253706;
500;10,16132078856804;19,78282736398393;19,87555306361407;13,378977091481834;19,982211846069685;20,052192850567643;
1000;2,60349123424975;19,196339229208302;19,49506918783929;5,105677397045137;19,427591075272368;19,48371377922773;
1500;0,60138522728794;18,565285561380055;19,24771604689288;2,1737623462379143;18,82860483812421;18,98510301234382;
2000;0,06797766347222849;18,161185961865;19,18024928685313;0,9193221105710918;18,54867607459206;18,747888811780324;
2500;0,003158637623063054;17,65510598817024;19,131966123427038;0,26523408356375633;18,219548697210463;18,506757679198994;
3000;0,00022188889615151197;16,53071852845455;19,06090462809336;0,03593245460952579;17,643120251318102;18,09197065600859;
3500;3,0516722752071957E-05;15,543716873345314;19,025525933942838;0,003200575950142692;17,161418108043463;17,81912149354897;
4000;8,609198166809051E-07;13,627832061001069;18,968058220124654;0,00032739752429256086;16,226651854826173;17,29432738457969;
4500;3,248102711239653E-08;12,212446876511857;18,933610362249954;2,963619115341487E-05;15,491745160611552;16,805551945596235;
5000;1,0480104783994192E-09;10,912910220795887;18,891758050010434;2,440603241016248E-06;14,800752150758637;16,271250247447206;
6000;1,1837641977763269E-12;7,385573984775428;18,792673903483404;2,7759583787201337E-08;12,418406253338535;14,608876913207476;
7000;1,199040866595169E-14;4,650448910814211;18,655754478931108;1,4622835387001486E-09;10,001043465369715;12,299907814004962;
8000;3,9968028886505635E-15;2,770204022961481;18,512282243578728;1,7824319797909995E-11;7,85777997416548;10,169740056782675;
9000;2,220446049250313E-15;1,820737885599053;18,373794365492962;2,460254222569347E-13;6,239391049181595;8,341913883069815;
10000;1,0658141036401502E-15;1,1018704889952473;18,166005255928688;6,661338147750939E-15;4,640811119393887;6,486332448557792;
12000;8,881784197001253E-17;0,26924640324101834;17,599887171467348;2,1316282072803005E-15;2,505359458222965;3,387308925677553;
14000;0;0,057202270454862966;16,83058215101583;2,6645352591003756E-16;1,450738896558288;2,151124063753691;
16000;0;0,005271716854987218;15,360439112983906;0;0,684567597623277;1,215013056335151;
18000;0;0,0010085484951432911;13,634714229678034;0;0,20561736740247527;0,589539771311282;
20000;0;0,00029693767081804265;11,110342380999613;0;0,07535937139621059;0,18743503516800972;
25000;0;1,3238342803045811E-05;4,98465843598421;0;0,0025634261490189657;0,001970295125730637;
30000;0;7,696582155602983E-07;1,8184187703849914;0;5,778871284656262E-05;6,760535080871933E-05;
35000;0;4,038154786556447E-07;0,5649549867606242;0;1,0111308345273074E-06;1,0476412982463045E-06;
40000;0;3,094566508821117E-07;0,03518578435103983;0;4,994276991965307E-09;1,7530460354464595E-07;
45000;0;1,5543068911938463E-07;0,00032779459669285416;0;1,2634086665741506E-09;1,989566209559257E-08;
50000;0;2,4280609611793126E-08;2,6098564004151114E-06;0;6,241274164153765E-10;1,5761964178295783E-09;
55000;0;1,1606549232823226E-08;3,862332240700539E-08;0;5,083281351403457E-10;9,555944480155176E-10;
60000;0;9,738844042317396E-09;8,41545189089743E-09;0;4,909642470352082E-10;7,683914837741668E-10;
65000;0;6,10717787452586E-09;3,2973057173535382E-09;0;4,752101823157773E-10;6,784127926096062E-10;
70000;0;4,434952671772407E-09;2,462937231939577E-09;0;4,692213728674233E-10;5,642109002224061E-10;
75000;0;4,249506613263065E-09;1,3947576427142394E-09;0;4,4604577809082004E-10;5,424140248067033E-10;
80000;0;4,008520271270299E-09;1,1088641116430153E-09;0;4,3955346029633803E-10;5,183455442647755E-10;
85000;0;3,7227170679443587E-09;1,0550590623381594E-09;0;4,378597040499699E-10;4,88296159062429E-10;
90000;0;3,4347819699576123E-09;9,357115082764267E-10;0;4,3062007293315217E-10;4,798648589598998E-10;
95000;0;2,6075388070978535E-09;8,757094605016391E-10;0;4,2827803525824494E-10;4,743635706461191E-10;
100000;0;2,6075388070978535E-09;8,111874727489976E-10;0;4,231369921114947E-10;4,686037335943638E-10;











============================================================================
Função: Beale
============================================================================
parameter;GEOreal2_O_VO;GEOreal2_P_VO;GEOreal2_N_VO;GEOreal2_O_DS;GEOreal2_P_DS;GEOreal2_N_DS;
meanNFE;100000;100008;100008;100000;100008;100000;
meanFX;1,900656106375663E-09;0,03868672629342409;0,038079173385818274;1,3627216562950881E-08;0,6975807186844284;0,2475145609333437;
FXatual;1,900656106375663E-09;0,03868672629342409;0,038079173385818274;1,3627216562950881E-08;0,6975807186844284;0,2475145609333437;
medianFX;2,100909854022383E-11;1,821732920768374E-11;1,0685001875869994E-09;8,315676730965795E-09;1,130347316721129E-09;1,585942567467969E-11;
sdFX;9,63772872875959E-09;0,16800047097217688;0,16809774318295828;1,660392117391208E-08;2,0477849619475994;0,36125066148833884;
==========================================================
===> f(x) médio para cada NFE:
NFE;GEOreal2_O_VO;GEOreal2_P_VO;GEOreal2_N_VO;GEOreal2_O_DS;GEOreal2_P_DS;GEOreal2_N_DS;
5;6904,558990865442;2369,188737859925;10905,885178442164;11983,372820246974;15245,859759656978;14541,013770422625;
50;26,101657452901456;13,39579205393719;108,46733316625243;4,563585194317218;2745,7865330326367;4644,234692796391;
100;3,2746380995015656;2,4896084679062174;2,1698994043122073;2,3466611691103645;234,30508535805038;633,9689647573075;
500;0,5078355327569332;1,0258412764253395;0,7316233162503918;0,7237472639797946;1,6665045172759165;1,2834509647325678;
1000;0,4364401569424393;0,7196396463902685;0,6050766548461732;0,47222947365401113;0,93101378431402;0,6335533299014188;
1500;0,40332659762718964;0,6930874517862038;0,5284494455493848;0,3920355891226914;0,8467439100315627;0,6102187580566778;
2000;0,38252377173513363;0,6692510004280284;0,505713842097091;0,35016999449458014;0,8179429444178753;0,5949726273548832;
2500;0,3214976052980839;0,6488623632481525;0,48706923431118876;0,32267775028245715;0,7945045435547158;0,5830837197628967;
3000;0,3053283152177521;0,6329651452741787;0,4792102303333228;0,29053595288627143;0,7756707500145281;0,5732207465317276;
3500;0,2937033454143424;0,6191396500431173;0,4713268138868286;0,2680733245558958;0,7613963581864382;0,5597933719035769;
4000;0,28228903755508095;0,6038344773053209;0,4381832478431976;0,240391153220342;0,7491320542903283;0,5490110852380137;
4500;0,2718066595984471;0,591730432112773;0,22500292805565864;0,2086709944413891;0,7395467475151772;0,537233546819779;
5000;0,25994224079032807;0,5799604855241929;0,19524782822954376;0,19710058765033267;0,7328026846425866;0,5261042106051123;
6000;0,22420499287387377;0,5623039204355857;0,18868702663858877;0,19246223192344986;0,7242200893463753;0,5092213683828114;
7000;0,20670486889483075;0,5224062932077069;0,17499830984869016;0,17143561916344677;0,7196569007679328;0,49907432219690673;
8000;0,16983858845891553;0,5078125884425267;0,16454555122703968;0,15239611254354155;0,7180428648346581;0,4915733965538888;
9000;0,1597472802285098;0,496045270860238;0,15630052624117394;0,152336222545906;0,7166217641100736;0,4880005783318172;
10000;0,15636000392330165;0,4503473913367107;0,14871075239377263;0,15233620086564142;0,7166204416963854;0,4855773259989255;
12000;0,15374417997567802;0,41878479019202847;0,14169760925306915;0,13341345746331454;0,7166203651567109;0,4826473113350235;
14000;0,1523167889722747;0,41513912647233864;0,14042492488599345;0,11429598492316692;0,716620353327339;0,4820674464828816;
16000;0,152316741640449;0,41509465825203684;0,13852121087986208;0,0952108912508485;0,7166203478364588;0,48206744236060334;
18000;0,13494352683401348;0,415088695523633;0,13591236079412117;0,09519843078462227;0,7166203449832202;0,4820674277564752;
20000;0,13350163255389189;0,41508704992637097;0,13407769077016352;0,09519842597434061;0,7166203404322306;0,4820674269649686;
25000;0,11423764382908903;0,41490391985642255;0,13328703301455452;0,09519801307193547;0,7166203180300083;0,4820674268304475;
30000;0,07881934916521052;0,41490390339447825;0,07743392072619623;0,03810867783964003;0,7166203084175143;0,48206742681592285;
35000;0,07881930428435234;0,37782190971944607;0,05713244724638733;0,03807990150080424;0,7166203080776951;0,4820674268125071;
40000;0,05978160953484506;0,14228262540266545;0,05712979360617213;0,019040534169593285;0,7166202994999356;0,482067426801999;
45000;0,059779715099645026;0,14227219589596948;0,05712901023150037;0,01903961788512204;0,7166202993154789;0,4820674267955384;
50000;0,04076198856122733;0,12323380713893302;0,05712813210298397;0,019039611258319048;0,7166202990577644;0,4820674267910349;
55000;0,04072251149092847;0,10476963294332511;0,057126572998485406;0,019039608132700503;0,7166202983296909;0,48206742679080083;
60000;0,0407225078430467;0,09581801065638315;0,05711889892859836;0,01903960770895378;0,7166202982736787;0,4820674267899373;
65000;0,040722506191784955;0,0958055679960295;0,05711885710671736;0,01903960706005338;0,716620298250749;0,24784273709475713;
70000;0,02336252131905549;0,09580551135131148;0,038092870524315835;3,878219750268248E-08;0,7166202982019166;0,24751457458796863;
75000;0,019042907577941727;0,09580550265504409;0,03808200719569885;3,2340215551566126E-08;0,7166202981963009;0,24751456093804255;
80000;0,011667428201914997;0,07933026429957979;0,038081981098811876;1,78212433936793E-08;0,7166202980884027;0,24751456093730848;
85000;4,9728342181692755E-09;0,05773272352091222;0,03807926162220395;1,78212433936793E-08;0,7166202980518381;0,24751456093590235;
90000;4,815491888970992E-09;0,05772635058860259;0,0380792574197464;1,549275010692688E-08;0,7166202979968505;0,24751456093590235;
95000;1,9233531918188547E-09;0,038686761232223796;0,03807917436804355;1,3627216562950881E-08;0,7005708416797034;0,24751456093453097;
100000;1,900656106375663E-09;0,03868672632762389;0,038079173385818274;1,3627216562950881E-08;0,6975807186844284;0,2475145609333437;



Execution Time: 254581 ms
