




============================================================================
O que irá executar a seguir: executar_algoritmos
============================================================================













============================================================================
Função: griewangk
============================================================================
parameter;AGEO2real2_P_AA_p3;
meanNFE;1000098;
meanFX;0,0007888289217623212;
melhorFX;6,031841692788475E-13;
piorFX;0,009857284612475037;
medianFX;2,0106138975961585E-12;
sdFX;0,002411110156660852;
==========================================================
===> f(x) médio para cada NFE:
NFE;AGEO2real2_P_AA_p3;
5;292,1393291567369;
50;271,8215936202847;
100;270,0807752158917;
500;170,2604783953654;
1000;64,01897442401898;
1500;15,736183898502816;
2000;5,52123346398849;
2500;1,222195353859302;
3000;0,8042551234602076;
3500;0,24997592984682246;
4000;0,14659116977229117;
4500;0,09314991665704664;
5000;0,07732434655584491;
6000;0,06279388850242984;
7000;0,05442054379563465;
8000;0,04999844075517371;
9000;0,04748441469710588;
10000;0,04526061577033351;
12000;0,039523605327050564;
14000;0,037590920037673864;
16000;0,03446033949078329;
18000;0,034439130343481075;
20000;0,03271677800337186;
25000;0,03185404136566164;
30000;0,030746079741360524;
35000;0,029335798072526863;
40000;0,027845879476110825;
45000;0,026915035900635185;
50000;0,025483752561686637;
55000;0,025483752407174255;
60000;0,02509181429964659;
65000;0,025091814287990163;
70000;0,023735292726793217;
75000;0,023027111074928074;
80000;0,020620040987796767;
85000;0,019538856162438768;
90000;0,019047003360880013;
95000;0,01846499068489853;
100000;0,017523958781512552;
500000;0,004581268996394505;
1000000;0,0007888289217623212;











============================================================================
Função: rastringin
============================================================================
parameter;AGEO2real2_P_AA_p3;
meanNFE;1000188;
meanFX;2,1600499167107045E-13;
melhorFX;1,0658141036401503E-13;
piorFX;2,8421709430404007E-13;
medianFX;2,2737367544323206E-13;
sdFX;3,9988767809145204E-14;
==========================================================
===> f(x) médio para cada NFE:
NFE;AGEO2real2_P_AA_p3;
5;226,97260664369307;
50;217,1271723220591;
100;217,1271723220591;
500;200,82683878415384;
1000;169,15782628588008;
1500;125,75841374303323;
2000;73,60852585273518;
2500;36,66306092106848;
3000;23,925149961621454;
3500;14,878854398140193;
4000;10,769892038850251;
4500;8,341768201437194;
5000;6,304558107783313;
6000;3,9409274351738603;
7000;2,6533183170191443;
8000;1,7378984089235525;
9000;1,2873815961287312;
10000;0,8743817370873964;
12000;0,4880562743065282;
14000;0,21828429213185274;
16000;0,07986907359858307;
18000;0,021878738180817266;
20000;0,019896210043622773;
25000;9,217241296255451E-06;
30000;5,834976946061943E-13;
35000;4,484945748117752E-13;
40000;4,234834705130197E-13;
45000;4,18367562815547E-13;
50000;3,9960923459148036E-13;
55000;3,8610892261203847E-13;
60000;3,6834535421803596E-13;
65000;3,5768721318163446E-13;
70000;3,4830804906960113E-13;
75000;3,4518166103225666E-13;
80000;3,3139713195851073E-13;
85000;3,295497208455345E-13;
90000;3,277023097325582E-13;
95000;3,204547738278052E-13;
100000;3,177547114319168E-13;
500000;2,361844053666573E-13;
1000000;2,1600499167107045E-13;











============================================================================
Função: rosenbrock
============================================================================
parameter;AGEO2real2_P_AA_p3;
meanNFE;1000026;
meanFX;7,313704839976666E-05;
melhorFX;1,9255172893102206E-09;
piorFX;0,00030699845554588303;
medianFX;4,9000963805900607E-05;
sdFX;7,373371231162369E-05;
==========================================================
===> f(x) médio para cada NFE:
NFE;AGEO2real2_P_AA_p3;
5;302,7465048329291;
50;143,55614729690163;
100;43,225863893854076;
500;2,223396023716203;
1000;1,9305976101928715;
1500;1,6426044155597657;
2000;1,5098879109220007;
2500;1,327818596256754;
3000;1,2336534360378109;
3500;1,2012497783144866;
4000;1,1723634638892992;
4500;1,1451639604209227;
5000;1,0405967291277776;
6000;0,8988011885555564;
7000;0,8441254942153943;
8000;0,7687067092214136;
9000;0,6681668037686859;
10000;0,507456182055391;
12000;0,3091542739566541;
14000;0,19922221020590591;
16000;0,1404107961315384;
18000;0,1026900413077607;
20000;0,0856868693173066;
25000;0,060749616914971515;
30000;0,04914377752572118;
35000;0,04230313316914302;
40000;0,03707459267426149;
45000;0,03249986801192959;
50000;0,028565264835068688;
55000;0,025241138117544283;
60000;0,022190748524670973;
65000;0,019554438787569853;
70000;0,017234891203157746;
75000;0,015196237979059201;
80000;0,013393600488691412;
85000;0,011748376012062047;
90000;0,010120541928516366;
95000;0,008888488510088133;
100000;0,00783662657067311;
500000;0,0001524783399552941;
1000000;7,313704839976666E-05;











============================================================================
Função: schwefel
============================================================================
parameter;AGEO2real2_P_AA_p3;
meanNFE;1000098;
meanFX;0,0001272756640901207;
melhorFX;0,00012727566263492918;
piorFX;0,00012727566536341328;
medianFX;0,00012727566445391858;
sdFX;6,625044616927727E-13;
==========================================================
===> f(x) médio para cada NFE:
NFE;AGEO2real2_P_AA_p3;
5;4034,5439703327006;
50;3820,758551139891;
100;3800,7112220774416;
500;3090,776467316764;
1000;1998,4823266551007;
1500;1226,9958194962353;
2000;859,2755771507623;
2500;662,6219515736873;
3000;536,0696790448687;
3500;442,9351328252929;
4000;402,68290340841804;
4500;365,4246938622666;
5000;329,5550061859269;
6000;304,26835504979965;
7000;290,0752148776229;
8000;276,08056476143867;
9000;267,2985111487054;
10000;254,65856181763033;
12000;210,7871292226589;
14000;185,7494940208725;
16000;166,93882157372917;
18000;149,70530682402244;
20000;132,08929147185842;
25000;111,14577049365634;
30000;90,9735269288356;
35000;82,90945651558235;
40000;66,33603031342949;
45000;66,32559465975218;
50000;52,81966064501563;
55000;40,12710867345998;
60000;36,04481106423087;
65000;30,65123543079866;
70000;30,65123079136185;
75000;28,282464099073124;
80000;23,544930714495976;
85000;18,80739743015356;
90000;18,807397329917276;
95000;18,80739732991724;
100000;16,438630637628158;
500000;0,00012727566459943773;
1000000;0,0001272756640901207;











============================================================================
Função: ackley
============================================================================
parameter;AGEO2real2_P_AA_p3;
meanNFE;1000215;
meanFX;3,7466308960176776E-07;
melhorFX;3,1312161752339307E-07;
piorFX;4,349476299125854E-07;
medianFX;3,7585605028311875E-07;
sdFX;2,7684085675134975E-08;
==========================================================
===> f(x) médio para cada NFE:
NFE;AGEO2real2_P_AA_p3;
5;21,009086065137936;
50;20,943628090028504;
100;20,942502489047467;
500;20,873954483276126;
1000;20,53577318562723;
1500;20,25977369645415;
2000;19,74350770331078;
2500;19,355208279063753;
3000;18,571046034066832;
3500;17,302573524247013;
4000;15,523950250269484;
4500;13,507126998354645;
5000;12,547617810180135;
6000;8,377529267602052;
7000;5,641259097477757;
8000;3,961846017032487;
9000;2,5697035417289475;
10000;1,9659031522301649;
12000;0,8912675568669282;
14000;0,32911443068492224;
16000;0,09279153968833576;
18000;0,021967844112559972;
20000;0,00034608390463787943;
25000;1,106107452528704E-06;
30000;5,776052168471324E-07;
35000;5,399773452552381E-07;
40000;5,2451466309833E-07;
45000;5,106543039090639E-07;
50000;5,043184954445223E-07;
55000;4,966137160522521E-07;
60000;4,945122718424954E-07;
65000;4,909552559695385E-07;
70000;4,88663941311529E-07;
75000;4,852346553718689E-07;
80000;4,796443263899164E-07;
85000;4,7681120840081804E-07;
90000;4,7499292861630236E-07;
95000;4,7331580567799845E-07;
100000;4,7012349682518104E-07;
500000;3,9106056732407523E-07;
1000000;3,7466308960176776E-07;











============================================================================
Função: beale
============================================================================
parameter;AGEO2real2_P_AA_p3;
meanNFE;1000026;
meanFX;1,1412427943352578E-11;
melhorFX;2,9441251694964257E-14;
piorFX;5,752738217182089E-11;
medianFX;7,882975727355947E-12;
sdFX;1,2048740167214454E-11;
==========================================================
===> f(x) médio para cada NFE:
NFE;AGEO2real2_P_AA_p3;
5;1871,8560154621964;
50;593,6295921368295;
100;256,62665029070945;
500;2,003293347320081;
1000;1,3853623944100422;
1500;1,147259057778476;
2000;0,982693855610282;
2500;0,7648427343298149;
3000;0,7262813959950759;
3500;0,7050124090306761;
4000;0,6866702217798154;
4500;0,6695601562786794;
5000;0,6524974862238558;
6000;0,618397916706503;
7000;0,5719564406169478;
8000;0,5450191904811957;
9000;0,5257270606354942;
10000;0,4983748044990221;
12000;0,2973631927424065;
14000;0,2652215932573245;
16000;0,21176185765630187;
18000;0,18844305997899405;
20000;0,16956234252216631;
25000;0,13903727644255295;
30000;0,08178817175948735;
35000;0,047982723439793235;
40000;0,017732018860285602;
45000;0,017248176558356903;
50000;0,002016269371932225;
55000;0,002015216834533302;
60000;0,002015215128010856;
65000;0,002015214879999793;
70000;0,0020152148273877924;
75000;0,002015214792761147;
80000;0,002015214748638756;
85000;0,0020152147181283194;
90000;0,002015214715616568;
95000;3,821466510837114E-05;
100000;8,237441020823932E-09;
500000;2,2852701451722236E-11;
1000000;1,1412427943352578E-11;



Execution Time: 668 s
