




============================================================================
============================================================================
O que irá executar a seguir: executar_algoritmos
============================================================================
============================================================================













============================================================================
Função: Griewangk
============================================================================
parameter;AGEOreal2_P_DS;
meanNFE;100000;
meanFX;0,023742304919326388;
FXatual;0,023742304919326388;
medianFX;0,01722629386063612;
sdFX;0,025582091504141452;
==========================================================
===> f(x) médio para cada NFE:
NFE;AGEOreal2_P_DS;
5;266,62913710696193;
50;233,36958830874042;
100;219,25779074855456;
500;62,56068956249639;
1000;4,852808089844748;
1500;1,1960264793009814;
2000;0,7183128943005583;
2500;0,3588405479628897;
3000;0,17765327835108569;
3500;0,10776068856683696;
4000;0,09579919573491064;
4500;0,08829261628329489;
5000;0,07877036409800428;
6000;0,07284145121836642;
7000;0,05906549583533914;
8000;0,053784301479452415;
9000;0,04744284203230392;
10000;0,04210815448351164;
12000;0,039486430865083445;
14000;0,037509433847899884;
16000;0,03486427797632742;
18000;0,03369762309400202;
20000;0,03369762169827832;
25000;0,03295851049805018;
30000;0,03259006117442174;
35000;0,030254013654861668;
40000;0,02859536955225158;
45000;0,02761448735980606;
50000;0,026215188283731695;
55000;0,025831301300805333;
60000;0,025831301300731503;
65000;0,02583130130071547;
70000;0,02583130130069956;
75000;0,025831301300695008;
80000;0,02583130130068989;
85000;0,024110939769298574;
90000;0,024110939769156153;
95000;0,023742304922710074;
100000;0,023742304919326388;











============================================================================
Função: Rastringin
============================================================================
parameter;AGEOreal2_P_DS;
meanNFE;100000;
meanFX;1,199040866595169E-13;
FXatual;1,199040866595169E-13;
medianFX;1,1368683772161603E-13;
sdFX;2,40923184567422E-14;
==========================================================
===> f(x) médio para cada NFE:
NFE;AGEOreal2_P_DS;
5;224,26034014021548;
50;215,58269000946706;
100;211,90166922944087;
500;148,49839147324613;
1000;66,67791187747846;
1500;26,432220456296296;
2000;14,74796355592736;
2500;9,052201308360285;
3000;6,725466898853585;
3500;4,977473862145033;
4000;3,7091225743906073;
4500;2,7465301024897446;
5000;2,3708801576947467;
6000;1,5251210770365928;
7000;1,0756845963773123;
8000;0,7601264953084884;
9000;0,45368897125498486;
10000;0,3321998851416373;
12000;0,09269036105029346;
14000;0,025117765751023136;
16000;0,00016112306982272174;
18000;6,233825986967644E-07;
20000;1,3754331007476139E-12;
25000;1,8740564655672642E-13;
30000;1,744382416291046E-13;
35000;1,6147083670148278E-13;
40000;1,5720758028692217E-13;
45000;1,5418777365994174E-13;
50000;1,4441781104324036E-13;
55000;1,3837819778927952E-13;
60000;1,3571366253017915E-13;
65000;1,334043986389588E-13;
70000;1,284305994886381E-13;
75000;1,262989712813578E-13;
80000;1,232791646543774E-13;
85000;1,213251721310371E-13;
90000;1,2025935802739696E-13;
95000;1,2008172234345692E-13;
100000;1,199040866595169E-13;











============================================================================
Função: Rosenbrock
============================================================================
parameter;AGEOreal2_P_DS;
meanNFE;100000;
meanFX;0,00139179678562831;
FXatual;0,00139179678562831;
medianFX;0,0006773255727089256;
sdFX;0,001628956561254433;
==========================================================
===> f(x) médio para cada NFE:
NFE;AGEOreal2_P_DS;
5;206,6455388943983;
50;18,479786087296493;
100;4,325988634093504;
500;0,6334071073056411;
1000;0,15784444819735546;
1500;0,140187249625016;
2000;0,12720628457014455;
2500;0,11660425092446694;
3000;0,10772254901598788;
3500;0,1000234861740537;
4000;0,09384931917179401;
4500;0,08872972945383406;
5000;0,08364486622237603;
6000;0,07517084993892822;
7000;0,0681842469869279;
8000;0,06215042029757807;
9000;0,057379175922634175;
10000;0,052802406580337746;
12000;0,045959184196435056;
14000;0,04020716630708755;
16000;0,035664342387130545;
18000;0,031742156409861236;
20000;0,02835412346095819;
25000;0,02117555242736622;
30000;0,016507025438769668;
35000;0,012639489266015509;
40000;0,010142609035036325;
45000;0,00805332645522781;
50000;0,006641974185774535;
55000;0,005589169431435061;
60000;0,0047703020677394604;
65000;0,004136497299139938;
70000;0,0035641287099028043;
75000;0,00286439529001799;
80000;0,0023972724096668003;
85000;0,002075699543741331;
90000;0,0018089771777408676;
95000;0,0015800180096942448;
100000;0,0013918619906855402;











============================================================================
Função: Schwefel
============================================================================
parameter;AGEOreal2_P_DS;
meanNFE;100000;
meanFX;0,00012727566263492918;
FXatual;0,00012727566263492918;
medianFX;0,00012727566263492918;
sdFX;0;
==========================================================
===> f(x) médio para cada NFE:
NFE;AGEOreal2_P_DS;
5;4090,7346099109345;
50;3872,38376171494;
100;3792,917303156424;
500;1794,611623908279;
1000;773,7210977839441;
1500;442,68457138074734;
2000;251,55813080950048;
2500;183,48876148047606;
3000;126,83376234319967;
3500;79,29723406980757;
4000;46,518062456843516;
4500;36,167832014647175;
5000;26,437057067040246;
6000;10,20034760905753;
7000;5,9222408380105325;
8000;5,922044092839838;
9000;5,922044006405997;
10000;1,67072497341278;
12000;0,00013189815110763447;
14000;0,0001273078374197212;
16000;0,00012727566340799967;
18000;0,00012727566320336337;
20000;0,00012727566315788862;
25000;0,00012727566304420178;
30000;0,00012727566299872706;
35000;0,00012727566286230285;
40000;0,0001272756628168281;
45000;0,00012727566279409076;
50000;0,00012727566279409076;
55000;0,0001272756627713534;
60000;0,00012727566270314127;
65000;0,00012727566268040392;
70000;0,00012727566268040392;
75000;0,00012727566268040392;
80000;0,00012727566268040392;
85000;0,00012727566268040392;
90000;0,00012727566263492918;
95000;0,00012727566263492918;
100000;0,00012727566263492918;











============================================================================
Função: Ackley
============================================================================
parameter;AGEOreal2_P_DS;
meanNFE;100200;
meanFX;2,812451368683355E-07;
FXatual;2,812451368683355E-07;
medianFX;2,8364263826574643E-07;
sdFX;1,699476616188391E-08;
==========================================================
===> f(x) médio para cada NFE:
NFE;AGEOreal2_P_DS;
5;21,021138919988523;
50;20,9759322987778;
100;20,96171270143978;
500;20,65806981385405;
1000;18,59400692484631;
1500;16,924334971423725;
2000;13,318580686542171;
2500;9,897845695429924;
3000;8,250911791465121;
3500;6,014449436131338;
4000;4,686363871040731;
4500;4,110637502747059;
5000;3,2961052024909465;
6000;2,3556787505187176;
7000;1,5575950373586664;
8000;1,0072360845900081;
9000;0,5421871900975003;
10000;0,24388537825151166;
12000;0,03525775038830563;
14000;0,004542156751110848;
16000;0,0005176951249606709;
18000;6,535006816603684E-05;
20000;6,986435280875724E-06;
25000;3,6370798630613874E-07;
30000;3,342791995208927E-07;
35000;3,219907172002934E-07;
40000;3,041677859805247E-07;
45000;2,992738293627895E-07;
50000;2,987833267908968E-07;
55000;2,9862964270321866E-07;
60000;2,9630081597176174E-07;
65000;2,949197374313428E-07;
70000;2,929006010177204E-07;
75000;2,8892792327539494E-07;
80000;2,886910658084219E-07;
85000;2,8783456942349515E-07;
90000;2,858122195803503E-07;
95000;2,8443281063772474E-07;
100000;2,812451368683355E-07;











============================================================================
Função: Beale
============================================================================
parameter;AGEOreal2_P_DS;
meanNFE;100000;
meanFX;8,694161680055258E-11;
FXatual;8,694161680055258E-11;
medianFX;2,4641243765599822E-11;
sdFX;1,6764329211139493E-10;
==========================================================
===> f(x) médio para cada NFE:
NFE;AGEOreal2_P_DS;
5;1999,8398120236102;
50;14,305225452832072;
100;2,5820355374291952;
500;0,7268455566133275;
1000;0,6467942959251229;
1500;0,6159668793487925;
2000;0,5892570980081748;
2500;0,5662909223778423;
3000;0,5423230247992323;
3500;0,4969512106887503;
4000;0,47705064829107363;
4500;0,45730410523526394;
5000;0,4401794779058806;
6000;0,4036340098258259;
7000;0,3501679447465806;
8000;0,2807600234107712;
9000;0,25282994531800085;
10000;0,22578504602280777;
12000;0,1659439169591815;
14000;0,11900085202831526;
16000;0,09931262708046568;
18000;0,09586759617107136;
20000;0,04061752218401467;
25000;0,03807922686743408;
30000;0,03807916960943834;
35000;0,038079164591553506;
40000;0,03807916434832922;
45000;0,038079163931069346;
50000;0,03807916376827202;
55000;0,038079163626858314;
60000;0,03807916358329301;
65000;0,03807916353924155;
70000;0,03807916352636996;
75000;1,6492199919975334E-05;
80000;5,413375105308614E-07;
85000;5,827821882270825E-10;
90000;1,7512186273540605E-10;
95000;1,7465138286934332E-10;
100000;8,694161680055258E-11;



Execution Time: 46849 ms
