




============================================================================
============================================================================
O que irá executar a seguir: executar_algoritmos
============================================================================
============================================================================













============================================================================
Função: Griewangk
============================================================================
parameter;AGEO1;AGEO2;AGEO3;AGEO4;
meanNFE;100100;100100;100100;100100;
meanFX;0,45850451698607786;0,09247301946555152;0,22140107993102465;0,12702935668977955;
FXatual;0,45850451698607786;0,09247301946555152;0,22140107993102465;0,12702935668977955;
medianFX;0,30993231251916;0,09472442184101204;0,16697103648244072;0,10745224108391238;
sdFX;0,6601186196150478;0,05658191320344436;0,18159487472580146;0,08564195534360285;
==========================================================
===> f(x) médio para cada NFE:
NFE;AGEO1;AGEO2;AGEO3;AGEO4;
5;254,7846327582616;254,7846327582616;254,7846327582616;254,7846327582616;
50;226,38060343722415;226,38060343722415;226,38060343722415;226,38060343722415;
100;210,55700064100358;210,55700064100358;210,55700064100358;210,55700064100358;
500;157,04480733479474;156,98253104816777;178,4620488169118;126,20930667509492;
1000;108,03168245700734;66,53803199322498;142,62611664503163;38,10660142728316;
1500;78,91184469898609;23,238867964818418;87,87372465428308;14,63844742993823;
2000;59,061670478671786;8,658467486787824;53,0781240782324;6,415516722195692;
2500;38,713106014115965;4,355142814338165;40,50299633882078;3,1990411325743775;
3000;24,641191057578876;2,2236035369763227;31,433331104257444;1,7863108104240673;
3500;18,94705833809662;1,4506139375597262;25,881392056668822;1,2318048736851712;
4000;14,32223881589864;1,0365137508637776;23,78887628025096;0,9248129888197599;
4500;11,256578125562418;0,8075443706771436;22,246825440125637;0,7818282555772773;
5000;8,603736163922289;0,6652277708174636;20,089490838128977;0,6786560531176448;
6000;3,1261216498239808;0,4945882326095609;17,935346511157398;0,514255055130068;
7000;1,7559501950177427;0,4130313698835923;17,40694477389531;0,40462096574037326;
8000;1,6175865254940467;0,37641942223462627;17,220930446161194;0,35051084357289597;
9000;1,588001851271652;0,3292560541853136;17,137381139170788;0,3292004649200365;
10000;1,489674025967889;0,2957470551688359;16,062067734929332;0,30984999156920773;
12000;0,7677564787942947;0,2851802868428041;12,9123977133515;0,28889400298216633;
14000;0,6355429466140203;0,27597679497297123;4,29539709128847;0,28673262977549346;
16000;0,6200272707908092;0,25170634174988943;4,155176486477141;0,2622912154395747;
18000;0,6198000688392135;0,2425105022152084;4,113969851092244;0,25592202261440655;
20000;0,6198000688392135;0,22991729197828656;1,1163576349817659;0,2354898379421247;
25000;0,6198000688392135;0,1963417947912605;0,30189792622756306;0,21076565570062972;
30000;0,5815254756208229;0,1890948395239827;0,29690629358209986;0,205603559771791;
35000;0,5815254756208229;0,1785016734680248;0,2934951053364504;0,19254890568402375;
40000;0,5815254756208229;0,15152393975527978;0,2564076399547997;0,1882729861810361;
45000;0,5815254756208229;0,13471793199528231;0,2548078541601253;0,18036714248657706;
50000;0,5815254756208229;0,13233709002605248;0,2548078541601253;0,17176561042524602;
55000;0,5815254756208229;0,12796223309216034;0,2548078541601253;0,17087268272770087;
60000;0,5815254756208229;0,11949216732462045;0,2548078541601253;0,16211994300370675;
65000;0,5815254756208229;0,118411812995532;0,24988548357166623;0,15718684321593987;
70000;0,5815254756208229;0,11594968280449128;0,24333923920004832;0,15130936018906746;
75000;0,5815254756208229;0,11594968280449128;0,23992304803934297;0,14687879617718508;
80000;0,5815254756208229;0,1155656140178283;0,22893366609010843;0,13943942710882035;
85000;0,45850451698607786;0,10290626090219702;0,2288985909166593;0,13713997468722525;
90000;0,45850451698607786;0,1008411660767501;0,2288985909166593;0,12854505222765175;
95000;0,45850451698607786;0,09467419840724361;0,22304108976882606;0,12853752586460898;
100000;0,45850451698607786;0,09247301946555152;0,22140107993102465;0,12702935668977955;











============================================================================
Função: Rastringin
============================================================================
parameter;AGEO1;AGEO2;AGEO3;AGEO4;
meanNFE;100160;100160;100160;100160;
meanFX;17,542512312851628;13,846583752863287;18,29582570172474;16,104218275732983;
FXatual;17,542512312851628;13,846583752863287;18,29582570172474;16,104218275732983;
medianFX;18,177013236069413;14,995029073101364;18,115150161017958;17,037669401413083;
sdFX;5,646743829397878;4,374220000993957;5,4399809787013815;4,571585562282436;
==========================================================
===> f(x) médio para cada NFE:
NFE;AGEO1;AGEO2;AGEO3;AGEO4;
5;227,1783141922405;227,1783141922405;227,1783141922405;227,1783141922405;
50;219,6299779277315;219,6299779277315;219,6299779277315;219,6299779277315;
100;214,20063235090808;214,20063235090808;214,20063235090808;214,20063235090808;
500;205,87366632499013;210,05352443934595;208,75498113321382;203,02680772959468;
1000;191,0039718721515;193,98163475724144;205,0525829770973;177,95460941866884;
1500;178,0648098501932;171,00830486358993;199,22818528602284;154,13018003418637;
2000;159,8287034686936;142,1978437246343;186,86102141064322;126,60919672458014;
2500;148,2909104341208;124,06006937948816;178,16296163517382;109,84611354589866;
3000;132,98862373594793;102,71926606980266;166,13906189723303;90,60736778587611;
3500;122,76005868928499;91,03701500371447;158,39539996953587;80,95696264264278;
4000;109,55141341951422;77,2807086529235;148,793039165105;68,22769677819801;
4500;99,545612519875;67,75284752433896;139,6140755230134;60,84742128930689;
5000;90,63361281929534;60,270880271538196;129,0515535559224;53,70158032537044;
6000;75,76341977745189;48,62397470604303;111,33237707914249;43,27740122752884;
7000;65,02819376605181;40,05420650401484;93,12419854808488;35,901054808082776;
8000;55,498207439032974;33,57657890269402;80,12625838034934;30,57894778737848;
9000;46,16919127063764;28,033101442613034;69,94554085650468;26,180075295662288;
10000;39,83098423560341;24,32817592866196;62,461102190663055;23,573754995614937;
12000;31,089201027347073;20,622214495979073;49,96787647425794;20,771191218255346;
14000;26,347123469213447;19,209876329140453;44,015240827352436;19,889363942675015;
16000;23,829163447924483;18,20506065405356;40,81824148223748;19,142255603807435;
18000;20,81203140343166;17,923858262847382;39,11867093064123;18,947890550037958;
20000;19,530300198172895;17,81272360450953;37,72481436448903;18,87012727912431;
25000;18,248490180384444;17,72268442620479;32,30810887317249;18,80831331024227;
30000;18,104005854452204;17,708077024882925;22,146927639941797;18,797864787036946;
35000;18,085541246393387;17,53402129959866;18,935677974560054;18,664633810115095;
40000;17,857028117378835;17,348309974865938;18,36992627706877;18,530753528963753;
45000;17,621477720287587;16,586444203961534;18,303153869103898;18,295725006589187;
50000;17,58965882110341;16,568067912061572;18,297050359753637;18,06202286025184;
55000;17,566781687953096;16,206949627593108;18,295921372540867;17,69137143521691;
60000;17,566781687953096;15,613587187816512;18,295827223641076;17,503495907021637;
65000;17,542512312851628;15,362564806370823;18,29582570172474;17,36185781391789;
70000;17,542512312851628;14,843816453816714;18,29582570172474;17,191984208646875;
75000;17,542512312851628;14,696736022125666;18,29582570172474;17,027997889273944;
80000;17,542512312851628;14,432251956047224;18,29582570172474;16,913984061789296;
85000;17,542512312851628;14,394656685493581;18,29582570172474;16,474568991377406;
90000;17,542512312851628;14,30849241049849;18,29582570172474;16,273560688741693;
95000;17,542512312851628;14,07044415463231;18,29582570172474;16,10931660940451;
100000;17,542512312851628;13,859983298860131;18,29582570172474;16,104218459711888;











============================================================================
Função: Rosenbrock
============================================================================
parameter;AGEO1;AGEO2;AGEO3;AGEO4;
meanNFE;100022;100022;100022;100022;
meanFX;0,00015999083583332832;2,3683628958335006E-05;0,0012873940497917062;3,749873958333306E-05;
FXatual;0,00015999083583332832;2,3683628958335006E-05;0,0012873940497917062;3,749873958333306E-05;
medianFX;0,00010703950624998192;9,00810000000055E-06;0,00045515210000007865;1,6025600000000083E-05;
sdFX;0,00018377340506155106;3,536626864852195E-05;0,002802498416471983;5,096715694966802E-05;
==========================================================
===> f(x) médio para cada NFE:
NFE;AGEO1;AGEO2;AGEO3;AGEO4;
5;59,40745035221979;59,40745035221979;59,40745035221979;59,40745035221979;
50;9,069330946629378;22,71702917953938;19,794562338320006;11,830972016486461;
100;3,003481509873126;3,068737946992708;7,9368281929933335;2,2187198757133326;
500;0,6151582636768754;1,113517912087708;1,4768436064981256;1,2420902342539577;
1000;0,44757674715729173;0,7278368869743751;0,3735819203668751;0,7914647099272919;
1500;0,23652552163729157;0,610637985911458;0,2531248278437499;0,41536465116104143;
2000;0,11821949827083336;0,37259477207791664;0,1613257250772917;0,25739106436062514;
2500;0,09693413261687504;0,2707990589647916;0,1584965074772917;0,22996102579687505;
3000;0,06263625376041669;0,17102515343458344;0,12974283863375;0,20161874059354162;
3500;0,06217545067375001;0,11055118779375005;0,12620435378083325;0,1666855969966667;
4000;0,05831998084708327;0,10879999804062503;0,12320347839729161;0,15505437669666666;
4500;0,03885965151041664;0,09956319983416677;0,10826475743687493;0,1472008193466667;
5000;0,029887275247291647;0,08939537436041678;0,04623502208666679;0,11249762116666671;
6000;0,007396459153749979;0,08836032217395846;0,024010943216875184;0,08542544282958336;
7000;0,006727884570416639;0,06310654480104175;0,02321383601687518;0,0578963221525;
8000;0,006431502043333318;0,03303248745083334;0,01843671404354177;0,053335281819375004;
9000;0,004600446663333324;0,030121509734166736;0,014994275750625086;0,051684367183125;
10000;0,00423722388624999;0,028071143150833408;0,012850531927291747;0,049640322533125;
12000;0,002464129286250019;0,0015681980404167093;0,012167225627291665;0,014164753705833363;
14000;0,0022671465393750193;0,0008161898837500368;0,010598915950416675;0,007135537719375025;
16000;0,0020896368393750198;0,0007714446837500382;0,009671040310000007;0,00488460689229169;
18000;0,001957170052708353;0,0007220598170833576;0,0074448996631249886;0,002921456192291697;
20000;0,001532713279791692;0,0004907121835416778;0,0074448996631249886;0,002901952042083356;
25000;0,0009724538768750105;0,00048168752000000986;0,0056336983797917245;0,002394129428541679;
30000;0,0008375509068750029;0,0004632686495833389;0,0032534711964584133;0,0005294868225000076;
35000;0,0005872859433333075;0,00010314241937501003;0,002188577476250048;0,0005153915391666745;
40000;0,00041366729333329537;0,00010074825604167605;0,002188577476250048;9,058813916667053E-05;
45000;0,0004032627964582957;7,098817937500941E-05;0,0019232815462500495;7,777553895833702E-05;
50000;0,0003864635595833039;5,279804604167544E-05;0,001869436009791694;7,700604937500308E-05;
55000;0,0003813633762499728;5,1699829583342404E-05;0,001767022749791707;7,554727229166971E-05;
60000;0,0003349229229166567;4,0629432291669766E-05;0,0016216865466667071;6,77711889583365E-05;
65000;0,0003318815560416575;3,79179656250054E-05;0,0016216865466667071;6,77711889583365E-05;
70000;0,0002975329658333238;3,79179656250054E-05;0,0016216865466667071;6,449225562499963E-05;
75000;0,00027264507916665377;3,79179656250054E-05;0,0016077244966667128;5,752663250000046E-05;
80000;0,00020787715270831523;3,3583032291672144E-05;0,001564881849791714;5,752663250000046E-05;
85000;0,0002056943358333162;3,3583032291672144E-05;0,001526150653125049;4,817686250000018E-05;
90000;0,00017373275270832306;2,8310542083335927E-05;0,0013630878833333752;4,817686250000018E-05;
95000;0,00016110251583332903;2,748554229166871E-05;0,0012873940497917062;4,685142583333349E-05;
100000;0,00015999083583332832;2,3683628958335006E-05;0,0012873940497917062;3,749873958333306E-05;











============================================================================
Função: Schwefel
============================================================================
parameter;AGEO1;AGEO2;AGEO3;AGEO4;
meanNFE;100000;100000;100000;100000;
meanFX;645,3276826606374;488,46207481218204;822,5423942779456;523,7704263550711;
FXatual;645,3276826606374;488,46207481218204;822,5423942779456;523,7704263550711;
medianFX;672,2249044452601;512,3502615389557;862,8792237236917;511,88893744348024;
sdFX;174,52058164690987;172,21942144345962;218,76697233672715;226,50044902798044;
==========================================================
===> f(x) médio para cada NFE:
NFE;AGEO1;AGEO2;AGEO3;AGEO4;
5;3952,63161076386;3952,63161076386;3952,63161076386;3952,63161076386;
50;3761,818631502377;3761,818631502377;3761,818631502377;3761,818631502377;
100;3634,1437103212215;3634,1437103212215;3634,1437103212215;3634,1437103212215;
500;3190,963893029316;3276,2507200817686;3448,746174091209;2971,779392058813;
1000;2582,9024068675553;2497,741983781732;2961,1673926341045;2194,351229143909;
1500;2189,015036231246;1963,6921963314057;2512,8320033145023;1740,2204589228827;
2000;1872,4760923668057;1571,0230386186822;2145,5839513086044;1401,323107117812;
2500;1684,9629897716738;1270,1531740079186;1894,7988137084014;1182,718893072874;
3000;1570,906722391623;1128,8784975667013;1695,7669762979144;1053,8685134796476;
3500;1446,3333652933377;1051,878610740505;1578,229369828093;995,7769370376398;
4000;1354,250757048033;1000,6697705713949;1491,1909512861055;963,2332053940079;
4500;1270,9737240219506;968,7789007715369;1388,2982946541301;937,9021678892228;
5000;1204,5687052426972;952,4562515953403;1341,5826200392298;921,2412854375663;
6000;1140,0000827027188;938,5862270049798;1265,8276594268254;910,4412282524759;
7000;1094,77990610383;933,4882099839349;1237,1449898015887;908,1689661975419;
8000;1058,110516184826;931,9703279213082;1230,343495383465;907,4187131971615;
9000;1031,5741019476795;931,4424634790892;1218,9992109959574;907,1783455885084;
10000;1014,6797406421872;931,0832360194697;1213,2922857326305;896,9399995213072;
12000;1005,742728862335;906,602609684412;1156,6865686899732;855,8617482042046;
14000;987,0170760691298;903,6982494680359;1102,811782352445;836,1899492704225;
16000;982,4823997079773;884,5908247067578;1092,9039373657747;805,701702395223;
18000;960,7100659303926;863,4372703510729;1084,4498582401566;785,1961185317138;
20000;938,6217592932119;848,628352555618;1084,0687931819307;774,5540701324645;
25000;903,7692366477542;798,9312535412821;1033,5448674303834;749,1500010911708;
30000;869,7186749956411;758,0736732036269;987,3547554093423;717,0708806704986;
35000;859,3115518616864;720,895925815521;958,3249880858008;696,2255358462011;
40000;833,5211816355255;692,0050037615474;938,7124066061479;672,6647689910096;
45000;825,878857450315;655,3896882132879;935,5241726592379;656,413053247151;
50000;819,7102803088223;639,6958751234894;924,2362748533063;643,1644916015197;
55000;810,163882787847;618,3650096033733;924,0682030577137;628,2886133744672;
60000;766,4441605054249;606,1969956967607;866,4619653659072;622,1437714465167;
65000;764,9574146711878;571,456863946435;862,5192280063318;614,1828045954111;
70000;753,4088638886709;557,617938268406;862,5127383772481;611,0239070544832;
75000;723,8016229015667;536,8445316526326;850,5332881585229;598,9826295240285;
80000;702,8490074952715;528,3716411226218;850,3635900669237;579,1947102666699;
85000;694,7761264134973;516,5540669660982;850,3635900669237;564,0035909875116;
90000;685,4169522433642;510,6409889500689;849,9834075492944;546,8919294621506;
95000;645,404405711432;492,1693404574145;827,199112657969;533,8260526137221;
100000;645,3276826606374;488,46207481218204;822,5423942779456;523,7704263550711;











============================================================================
Função: Ackley
============================================================================
parameter;AGEO1;AGEO2;AGEO3;AGEO4;
meanNFE;100320;100320;100320;100320;
meanFX;0,385066017305493;0,4227643872632559;1,1529694692480896;0,4347612197460126;
FXatual;0,385066017305493;0,4227643872632559;1,1529694692480896;0,4347612197460126;
medianFX;0,006365796575433791;0,004603156363980787;0,007847466915787749;0,0048021599775580626;
sdFX;0,7069899784497438;0,7139013267138071;3,69814476050337;0,733644310500659;
==========================================================
===> f(x) médio para cada NFE:
NFE;AGEO1;AGEO2;AGEO3;AGEO4;
5;21,082220113318233;21,082220113318233;21,082220113318233;21,082220113318233;
50;21,04825233777368;21,04825233777368;21,04825233777368;21,04825233777368;
100;21,031540835650098;21,031540835650098;21,031540835650098;21,031540835650098;
500;21,000390505726507;21,011187203385482;21,014809697649977;20,99203890634789;
1000;20,921591638386406;20,96099150310713;20,999068776453974;20,89424319099802;
1500;20,844804557398884;20,879538854826787;20,975574015727293;20,754860524550335;
2000;20,750659978472164;20,74087941549958;20,943879143558743;20,5982373678417;
2500;20,635783394779374;20,595915504022443;20,905903668465378;20,39489093808935;
3000;20,488611514182775;20,40935088051318;20,86230790284701;20,182513173220165;
3500;20,32119132750491;20,200888765721416;20,78442382316396;19,957048261350387;
4000;20,13538792917361;19,962256290748016;20,691142964528694;19,691386891773;
4500;19,913046532689144;19,678524781551957;20,590250693165434;19,398754244346957;
5000;19,69899466511308;19,396646600239926;20,4705259745921;19,079794614894123;
6000;19,140082181196743;18,764618067873528;20,164609174642802;18,356683885256807;
7000;18,47964911143287;18,027583757785365;19,807852773523344;17,555920348091135;
8000;17,818056993995523;17,19396153962914;19,36832508529698;16,712135417278397;
9000;17,087444979182134;16,30337185534835;18,84488195791989;15,821210091046002;
10000;16,365625184114045;15,387957796263454;18,327192105453182;14,972239056182751;
12000;14,931919485004718;13,7230521536916;17,1424861659612;13,40998811889744;
14000;13,476896709745034;12,137685461801583;15,768559878157378;11,907197838701517;
16000;12,174682405668847;10,91431284755842;14,616507443094882;10,609583150912169;
18000;10,921807461924082;9,747417136847362;13,554612173800914;9,476997241635784;
20000;9,88833391183776;8,712319368394109;12,613234071227623;8,526454207391781;
25000;7,546075065231988;6,476097106013078;10,332679419762206;6,329609738957659;
30000;5,7915789731622445;4,821626676368482;8,58454684175007;4,709534661617372;
35000;4,434849316318742;3,710047051857896;7,1191841100985265;3,6331154779757773;
40000;3,2579833342077293;2,765382685420482;5,788827547966166;2,662030474032675;
45000;2,395711412346167;2,013167655163554;4,803553946868622;1,9354622328585662;
50000;1,652017702982368;1,3247662686460653;3,7917877411006518;1,3130129697011137;
55000;1,1677992953255136;0,961684777781424;2,9847340095381374;0,9619069785733265;
60000;0,8772512149371662;0,6969308380290012;2,416017563704752;0,743869699703774;
65000;0,6866649256860663;0,5532674935902674;1,933413571098918;0,6009117291807391;
70000;0,5791902271610426;0,48861350307593887;1,626416487310027;0,505082091274343;
75000;0,4603275228379966;0,45909926319528155;1,4534113304847047;0,47459288345648337;
80000;0,4233233624827333;0,443854719580796;1,342074600507921;0,4586500691906694;
85000;0,40418853232118473;0,43478767176504646;1,272256459709709;0,4488702517869747;
90000;0,3942405351150798;0,4292472039822845;1,2103218279577348;0,4433305180666996;
95000;0,38848588398519224;0,42606531343484766;1,1722962838800872;0,4401500086139778;
100000;0,38508973861992096;0,42278244848061597;1,1530066992888437;0,43477840039069876;











============================================================================
Função: Beale
============================================================================
parameter;AGEO1;AGEO2;AGEO3;AGEO4;
meanNFE;100022;100022;100022;100022;
meanFX;0,00029636128679841854;0,00015288167013108788;0,001044102755697178;0,049221849211671234;
FXatual;0,00029636128679841854;0,00015288167013108788;0,001044102755697178;0,049221849211671234;
medianFX;0,00013561052087885384;8,919404970794512E-05;0,0006009141086441902;0,00018908205195737577;
sdFX;0,0005111250266732353;0,0003033408199701277;0,0012454453193750518;0,18033015558893822;
==========================================================
===> f(x) médio para cada NFE:
NFE;AGEO1;AGEO2;AGEO3;AGEO4;
5;402,38565181356927;402,38565181356927;402,38565181356927;402,38565181356927;
50;10,17794887773883;5,026477700973254;6,674133878236514;9,915653007095123;
100;8,578365329036727;2,0187396020768777;3,604265322315611;2,8826654657546613;
500;1,4960434971205712;0,6369188340178986;0,8314566217959698;0,6637802438446521;
1000;1,0399859718429065;0,5039854102038356;0,5450798382950577;0,6464726770736943;
1500;0,5358993489077035;0,44747736509207064;0,38793603962671125;0,545355863921024;
2000;0,3454409334079933;0,443323736338465;0,28958803653691334;0,5056488635290635;
2500;0,23471460967738716;0,4111702945543926;0,2535899411895889;0,5040587264858228;
3000;0,1903458765246674;0,3771573822519063;0,17907484680399374;0,4213279657759017;
3500;0,1480183681928003;0,3726843366217581;0,1747656577956868;0,3971838359326613;
4000;0,14110842251922526;0,36597835085841957;0,13665321938107813;0,3017609997168177;
4500;0,10626839762976868;0,27950688018595427;0,1049561906528892;0,3001245654787816;
5000;0,09600245038748306;0,25802422463252195;0,1049561906528892;0,28725825051265624;
6000;0,06315429291478805;0,15667101783266033;0,07515292943840797;0,23191288176159858;
7000;0,04800131277650579;0,11449855681338912;0,04568976553948033;0,1956663525030143;
8000;0,045895756765233046;0,09370564824880206;0,03209318050443055;0,17243470417482262;
9000;0,03885385672327362;0,08928562536434484;0,029510932423695416;0,15798904438658598;
10000;0,03836611939841346;0,08157160214858224;0,021057137855623027;0,15473911276341706;
12000;0,019532524885468566;0,07272258754989966;0,01450206542030879;0,12165901962725771;
14000;0,012656115851848868;0,04676616486296514;0,013293658491226724;0,11406558656715751;
16000;0,005746705084384737;0,027653866656187975;0,011109351386830313;0,11378695552688316;
18000;0,004497620512406366;0,02165223703662332;0,0074413046267965835;0,10609151120870547;
20000;0,004497620512406366;0,02067604243122173;0,00743449322158211;0,08394412076359728;
25000;0,0023614333434689456;0,0037725622728963;0,007147283012994606;0,07388690158161754;
30000;0,0018775643683719603;0,0028936855672924487;0,00663664061455449;0,07347807314005733;
35000;0,0013925638948454303;0,00259382662330012;0,006532908164570539;0,05833593719703236;
40000;0,000949416715040861;0,0022979361557890097;0,006465034330338174;0,05030525132056588;
45000;0,0008705962916154727;0,0018378931911783197;0,0059751423625245305;0,05013486715007733;
50000;0,0008611984828319354;0,0017251324928991517;0,004404748391421424;0,04942480659780005;
55000;0,0007391444605497765;0,0014351901300163332;0,0034745178977411283;0,049411007809113346;
60000;0,0006206444888807607;0,0004495761713457416;0,0030213939895804023;0,049403507935735266;
65000;0,000584591835430644;0,0003931659503080423;0,0024313642249132604;0,049403507935735266;
70000;0,00040352326217027706;0,00015763909405111157;0,00233597625376136;0,04936739252285037;
75000;0,00040105547721515106;0,00015763909405111157;0,0021712923771240182;0,04928286721092209;
80000;0,00038055905263808723;0,00015763909405111157;0,0019883436918724942;0,049221849211671234;
85000;0,00038055905263808723;0,00015763909405111157;0,001324011669366017;0,049221849211671234;
90000;0,00036754025218978443;0,00015763909405111157;0,0012854961789872756;0,049221849211671234;
95000;0,00031723717316977225;0,00015288167013108788;0,0012195142760085562;0,049221849211671234;
100000;0,00029636128679841854;0,00015288167013108788;0,001044102755697178;0,049221849211671234;



Execution Time: 917786 ms
