




============================================================================
============================================================================
O que irá executar a seguir: executar_algoritmos
============================================================================
============================================================================













============================================================================
Função: Griewangk
============================================================================
parameter;AGEO2;GEOreal1_P;AGEOreal1_P;AGEO2real1_P_AA;
meanNFE;100100;100000;100000;100001;
meanFX;0,08732768710638311;0,1412264957907998;0,20067306393531456;0,3106970943496354;
melhorFX;0,0011732434342269782;0,08551347270988907;0,0915791990159639;0,15771437491775375;
piorFX;0,34761570484033155;0,19775870798507222;0,2778352708922702;0,4480260842044541;
medianFX;0,07344169692263813;0,13786400730193193;0,21003570953701411;0,3244156018224722;
sdFX;0,07406578726807982;0,029647488023536495;0,04162656671696188;0,06281462503160128;
==========================================================
===> f(x) médio para cada NFE:
NFE;AGEO2;GEOreal1_P;AGEOreal1_P;AGEO2real1_P_AA;
5;290,25661796556375;287,3684402810484;287,35513699759605;280,1844349649152;
50;261,3993005955161;281,26786820158446;283,7532516056886;255,7054591888565;
100;247,56329169438777;273,0396372444622;278,4784919746328;226,70569110720334;
500;177,47794231656343;214,72719879693517;222,05910635160046;14,245608989426744;
1000;62,94299518488719;153,70580614828003;157,66139887489575;1,0467854391755975;
1500;19,46367511988779;102,46567598624023;106,00884718619706;0,9528653529605864;
2000;7,621252644986467;61,733937414712926;65,29049633135055;0,870085503209552;
2500;3,5136599529898405;32,90849769363645;36,14754831470939;0,8564440765707506;
3000;1,8753585574526577;14,879614760522644;16,50763583273962;0,8180002603733622;
3500;1,3441572325797053;5,388988091353534;5,762282813373739;0,7926211044261576;
4000;1,0754766947303291;1,8974352387508666;1,7654486153555249;0,754264862594928;
4500;0,9075097893449636;0,7979023767465311;0,7621918603429071;0,7178840341305324;
5000;0,76699605553439;0,5221815587606353;0,521666621890925;0,7093566795849158;
6000;0,5486971087711526;0,3715405112200274;0,4417240167436395;0,6849571975176459;
7000;0,41054235579406345;0,3005649075106814;0,3952364786417208;0,6761799259858272;
8000;0,3672241375125954;0,269540864086644;0,36769635219467317;0,6643636450326506;
9000;0,34098602228958974;0,25588736160681896;0,34482345918275664;0,6022813501770546;
10000;0,32178636262054916;0,24069658252460782;0,3124481661090165;0,596000098860678;
12000;0,2923540711103559;0,22893560265321072;0,3020155387404158;0,5875275351644029;
14000;0,26494752211713846;0,223663589550297;0,2822290029577386;0,581207834041399;
16000;0,24982171259543942;0,21150731322084595;0,2762935190108112;0,5540762977923129;
18000;0,2328243612259503;0,20303695739874664;0,2644493509557268;0,5183966398815456;
20000;0,23106563644201192;0,1981487457181666;0,26179651643469837;0,5016130976766904;
25000;0,18158552326886498;0,1863243608589404;0,24620754304536124;0,46707201596363396;
30000;0,15692582681807415;0,1715093554193458;0,23801873681078362;0,43615999255912785;
35000;0,14389272825580673;0,16122008648534525;0,23289518464193745;0,41377444426316207;
40000;0,14257112970726774;0,15702699270990467;0,22600097524026191;0,4049010421658175;
45000;0,13501518034300497;0,15404138060939085;0,2259602303233228;0,39136257647970507;
50000;0,1289959455295592;0,15114759454757334;0,22473155209045595;0,39136257647970507;
55000;0,12523259115674404;0,14912873866576393;0,22299743617544324;0,38736923334399853;
60000;0,12172828340075852;0,14793376046854573;0,21363977104152046;0,38421810055852534;
65000;0,11794968475752257;0,14793376046854573;0,21236816473605388;0,3710509569823318;
70000;0,10674223550794527;0,14446502812048598;0,2077799488976823;0,36890020325906453;
75000;0,10674223550794527;0,14411079333611598;0,20577027541567006;0,36461970017061424;
80000;0,1004424561697872;0,14411079333611598;0,20417117961904163;0,3404169637326492;
85000;0,09991726524228303;0,14276371890777292;0,20302291469874545;0,3404169637326492;
90000;0,09511730015111121;0,1412264957907998;0,201518219408745;0,32770270028324566;
95000;0,08732768710638311;0,1412264957907998;0,201518219408745;0,32543680852921686;
100000;0,08732768710638311;0,1412264957907998;0,20067306393531456;0,3106970943496354;











============================================================================
Função: Rastringin
============================================================================
parameter;AGEO2;GEOreal1_P;AGEOreal1_P;AGEO2real1_P_AA;
meanNFE;100160;100000;100000;100002;
meanFX;15,282551684308661;0,09223701231959894;6,39783251312166;4,379837025903982;
melhorFX;6,982876571802819;0,04850811546157985;3,8617325187240112;1,3845520479647035;
piorFX;25,07097039478778;0,138817302860204;9,106814946970957;6,529328037662424;
medianFX;15,066228085424953;0,0940570717397975;6,1160858092294035;4,419964743007476;
sdFX;4,852360126957696;0,02438182801832702;1,2786590852278592;1,436905111742501;
==========================================================
===> f(x) médio para cada NFE:
NFE;AGEO2;GEOreal1_P;AGEOreal1_P;AGEO2real1_P_AA;
5;226,32043001282554;215,31926392413314;216,2114794215471;213,26881336076914;
50;216,54536749635915;202,52168402051475;208,63206597339604;205,9569248270841;
100;213,6410967838084;191,5449763706016;200,96003802825598;201,38413782348582;
500;209,00573904217143;138,51744529526826;142,61983030548146;139,4350098268469;
1000;196,17443042935204;110,2812812627603;117,11210276230642;111,31991262716107;
1500;177,91661815027342;91,25809616735916;99,49704928179128;101,77605819481008;
2000;150,86719984551732;75,81577278361766;88,05045680286693;93,75115369943475;
2500;130,67341064592668;64,08620292295414;77,96548852738654;86,29384121606135;
3000;107,04807515826819;54,609325304174135;72,35019842407895;83,36798251046544;
3500;94,75594016622307;47,11471851451493;65,96801160323908;79,74913691480927;
4000;79,84103081744517;41,93338615538152;59,19656221890564;74,55282445796463;
4500;69,77237927537861;36,71953165168235;53,55637526671212;72,21549166440167;
5000;62,515291140089566;31,538238470852157;50,100130462554446;68,62497567482572;
6000;49,90179683354992;24,940444088913626;41,99950301436001;61,7169973268401;
7000;40,434469634680084;19,419627165916136;36,345262673010126;55,75951324085142;
8000;33,860608698339014;15,434522107182937;30,405087846019896;51,02060682332863;
9000;28,815070324908273;12,916414487261575;26,55689396561476;47,52266251899333;
10000;25,365282645566143;11,32245331277074;24,411419424699734;42,285721247069986;
12000;21,116870444272912;8,652677403068413;19,890939024601227;33,31000886274083;
14000;19,711128132798095;6,4721769171598;16,598003340771218;24,45084681368947;
16000;19,055139398764563;4,478031285774673;14,668501302390773;22,563921497182278;
18000;18,544375902075735;3,517852640580194;13,106284372466742;20,77542561174761;
20000;18,414857701535485;2,5787727050585456;11,78816859971391;17,676245745598656;
25000;18,32470422503612;1,6137868441046825;10,349045285646024;12,935535076049185;
30000;18,309719800983967;1,0259553061750573;9,420107205399294;9,430549064276745;
35000;18,307539473241658;0,7101790776220743;8,715789328711098;7,5566851272928846;
40000;18,04914283485056;0,3699005813131959;8,20366349337683;7,17919751269568;
45000;17,624855593222158;0,2683386984043575;7,695819110227181;6,7440540690966735;
50000;17,39803447912195;0,1924737786445121;7,195918406827789;6,420983756143207;
55000;17,163125963007637;0,12133464055592783;7,094372227140409;5,499202335484517;
60000;16,764406428002236;0,10901130431422436;6,9911721309234265;5,275676172155744;
65000;16,587952528339642;0,10543233732720339;6,773894042092735;5,259326689179435;
70000;16,220959776588987;0,10269084638887663;6,750526300793628;5,187353372962597;
75000;16,17420328993326;0,09916693328872413;6,750526300793628;5,0019957333769485;
80000;16,038113097985867;0,0976767774493472;6,630979276696178;4,864637328549025;
85000;15,899041257331866;0,09601862178383035;6,540279727059878;4,548193668483157;
90000;15,756430478906642;0,09321387782273831;6,454520026367229;4,5416714587635205;
95000;15,68027618841058;0,09311599839146585;6,413959554430718;4,527936191552137;
100000;15,288182418802528;0,09223701231959894;6,39783251312166;4,379837025903982;











============================================================================
Função: Rosenbrock
============================================================================
parameter;AGEO2;GEOreal1_P;AGEOreal1_P;AGEO2real1_P_AA;
meanNFE;100022;100000;100000;100002;
meanFX;2,4813376666667608E-05;7,693238212728037E-07;1,0138753648412298E-05;6,266270528100756E-05;
melhorFX;2,500062500001465E-07;4,90394648752376E-09;8,765736854255874E-08;4,2979331996318367E-07;
piorFX;0,000146073599999998;2,675772813153891E-06;0,00012093555779265264;0,00027875243824748437;
medianFX;1,226500624999761E-05;6,685220742022696E-07;4,872031886817378E-06;3,196429423137461E-05;
sdFX;3,373886904454277E-05;6,877152346057812E-07;2,1694378862537526E-05;7,558544288483414E-05;
==========================================================
===> f(x) médio para cada NFE:
NFE;AGEO2;GEOreal1_P;AGEOreal1_P;AGEO2real1_P_AA;
5;94,22370083454292;572,1487107129014;571,1755139881648;480,39518371240484;
50;23,548726105373127;403,8244339352156;460,90035917717245;99,30417982261562;
100;6,6052468547500025;264,62473734213387;371,90766399156956;13,530803725353575;
500;1,139317922303959;2,2643754136431586;60,73177157881126;0,5147232495411287;
1000;0,9212479636679168;0,38971454371775793;10,256374149531487;0,29653157044404843;
1500;0,5060971722512501;0,14028056513594125;1,1180344818662675;0,0753682653284883;
2000;0,26229039817104177;0,04578350117369814;0,7859981583543212;0,03264330333235307;
2500;0,1890117634939585;0,026211269782250045;0,5888510233257597;0,01724112790521025;
3000;0,12237098980395848;0,014409816694874962;0,5260986588718072;0,014515560756163653;
3500;0,10725273713416676;0,007658098473717419;0,4437573805836339;0,011647842596726545;
4000;0,0784530295170834;0,004024045976646217;0,38881609995258437;0,011242844360395614;
4500;0,07751026089416672;0,002368633970428772;0,365662162496842;0,0035191501897981693;
5000;0,07511273369041674;0,001231421068195508;0,34667042927548264;0,0029319483904786604;
6000;0,038436932447500086;0,0005483619880636243;0,329320114435716;0,0018489498459592774;
7000;0,01848761575687505;0,00031188635238343595;0,31950624131689964;0,001424773043987103;
8000;0,014131614050416711;0,0002892017828931332;0,3175688924370376;0,0011201288373136789;
9000;0,014116531956875043;0,0002830914738708707;0,3111670022102864;0,001057775491787101;
10000;0,012088206273750039;0,000255062016567409;0,3080226744657597;0,0008212424481378865;
12000;0,010344042957500015;3,260461926719354E-05;0,30655032704588375;0,000726634325415243;
14000;0,008832819517500009;1,7641681607606456E-05;0,2731657724746811;0,0006849022103149566;
16000;0,007184663703958344;1,6782072320868057E-05;0,2592659419505078;0,0005488329659641358;
18000;0,0011806964039583479;1,5056622622056005E-05;0,1567821745829298;0,0005466717359334458;
20000;0,00114151035395836;1,0293026451383142E-05;0,016494744263017582;0,000536988567770078;
25000;0,0002185338372916613;6,3864364947744244E-06;0,0001196989220197811;0,0005155546514031624;
30000;0,00013726633416666565;3,9917783160948424E-06;8,982395621135369E-05;0,0003475067006719707;
35000;0,00010732956354167097;2,775649379402287E-06;6,867863606664194E-05;0,0003254714042080251;
40000;8,844233020833847E-05;2,530102562146764E-06;5,9932726700521524E-05;0,00030392553372892756;
45000;7,53030802083399E-05;2,347756579081013E-06;5,849200383241492E-05;0,0002818621055574811;
50000;7,369141020834078E-05;2,15541957943451E-06;5,759909517880575E-05;0,00016214550716919094;
55000;7,154632666667335E-05;1,5072134477854574E-06;5,4635608032218996E-05;0,00015581823082721967;
60000;5,620477666667082E-05;1,2954217812797107E-06;5,4480071081168234E-05;0,00014796805713043168;
65000;4,321944000000183E-05;1,1474947193509503E-06;5,4456648981601086E-05;0,00011794267740927195;
70000;4,1470073333334794E-05;1,1244460350796918E-06;1,717521946241365E-05;0,00011779453700065113;
75000;4,1470073333334794E-05;1,0122561694888633E-06;1,7170968811939686E-05;9,98951588337397E-05;
80000;3,530871312500207E-05;1,0110227522164295E-06;1,6769147882523997E-05;8,257938359462102E-05;
85000;3,127500979166869E-05;9,553625038294573E-07;1,6492529449419444E-05;8,257938359462102E-05;
90000;2,7418043333333203E-05;9,306756204440451E-07;1,6134330751247772E-05;8,247240481419026E-05;
95000;2,7418043333333203E-05;8,491802656247838E-07;1,6134330751247772E-05;7,835110299041181E-05;
100000;2,4813376666667608E-05;7,693238212728037E-07;1,0138753648412298E-05;6,266270528100756E-05;











============================================================================
Função: Schwefel
============================================================================
parameter;AGEO2;GEOreal1_P;AGEOreal1_P;AGEO2real1_P_AA;
meanNFE;100000;100000;100000;100001;
meanFX;409,3915748666344;109,63172116244051;393,9552274276253;710,7193465161628;
melhorFX;0,6230597752200993;11,19582318851917;187,26219566005966;237,51090483011876;
piorFX;718,3134839960308;264,5791689728926;643,9820388172434;990,7514484546914;
medianFX;418,3185236773861;135,8013088644243;387,2735586268309;735,4182730383855;
sdFX;182,36708977089515;76,54454213877979;110,36147754151382;196,80840311521618;
==========================================================
===> f(x) médio para cada NFE:
NFE;AGEO2;GEOreal1_P;AGEOreal1_P;AGEO2real1_P_AA;
5;3957,4403587229585;3893,3310589508924;3873,6232563753683;3894,6915357716525;
50;3774,4978324163585;2811,8986448870055;3170,808739230259;3293,982015433076;
100;3681,130008373656;2188,1777533289196;2541,5990098475936;2998,6330662602463;
500;3283,1847374303065;1164,8721221863766;1554,336551433112;1819,448251347425;
1000;2483,7659934943886;828,704023467334;1327,423400412901;1735,6935910766422;
1500;1867,9080869027298;699,7539003093103;1229,8145065294957;1697,5860278263958;
2000;1471,8794588809515;673,0258341525067;1173,2926207965356;1641,5382753570404;
2500;1192,9381548370645;648,3839756283628;1105,4710969690498;1618,7199760380333;
3000;1033,3751670373322;628,8099093811002;1013,5393785379975;1605,3478865622353;
3500;942,0939995502912;625,1581729023954;990,7505896258979;1600,341991012443;
4000;890,9434146506677;617,7178901359017;988,1119715979061;1574,2334637464023;
4500;862,9885306638761;602,9060429962907;967,6924941176065;1565,728800710184;
5000;850,040578174216;592,454931788195;934,5482754782206;1543,237598643371;
6000;839,8474688244005;573,0548105123429;898,9024046903544;1519,8141228803738;
7000;837,2986945300388;564,8856567653701;826,5488875056491;1438,3363621981705;
8000;836,4485398976432;554,1565569887406;812,410886924917;1392,4757824582705;
9000;832,1754625780071;545,5806364392478;775,4579753380054;1367,0338606542;
10000;828,5070305840727;538,4736832370588;758,279246025199;1335,5644275180612;
12000;814,2337517662905;515,3998510118981;712,7007319767978;1256,2583990736898;
14000;795,1321099737748;491,44546953880257;675,2700081396792;1220,8347656966541;
16000;772,3120469362876;471,97390764446703;644,6844666335575;1202,2188719170492;
18000;763,3737427211433;450,00145080598674;628,585451926492;1167,0412359175557;
20000;756,8363094722603;432,3559104665259;616,1495195012056;1142,1278479341647;
25000;716,7584524338024;392,66322104570884;580,3232278145847;1081,5044870286822;
30000;659,3579888877683;332,2683151865239;541,4048384970382;1032,4193310736325;
35000;609,5247909280434;269,4065571415695;492,1395231258137;1005,2823861422916;
40000;595,2681477307974;243,63054989903654;473,77185970587925;970,5213336508427;
45000;563,8592142907283;233,11370120176187;451,358316579038;912,3134265266661;
50000;534,1498810328642;214,76353466486634;441,7797819806623;858,1979065819761;
55000;520,1260393115818;201,92973931516414;435,7129148850955;839,5148824609322;
60000;511,78777656956083;187,7417579127877;430,1440949125446;811,76716038105;
65000;485,90480461868697;172,30327222066435;423,9791292645567;807,1041318537154;
70000;471,4018077568419;157,2961693588964;413,01833312691076;799,2952302091715;
75000;454,89726456249406;148,0630032437581;406,6553652497635;796,3084545556219;
80000;451,2721157568249;131,7395338119581;406,6553652497635;790,162941827936;
85000;432,82329506771623;123,4222688232492;401,8982480156808;753,1137435045459;
90000;415,0068506018282;120,98876026487336;401,8982480156808;735,3353206954158;
95000;409,40084789323527;120,4787928254108;394,2510531820295;719,5459548261946;
100000;409,3915748666344;109,63172116244051;393,9552274276253;710,7193465161628;











============================================================================
Função: Ackley
============================================================================
parameter;AGEO2;GEOreal1_P;AGEOreal1_P;AGEO2real1_P_AA;
meanNFE;100320;100020;100020;100006;
meanFX;0,5696235188626088;0,06738095032606709;0,19850675786960145;0,22875571667715172;
melhorFX;0,002611821863514052;0,05584347389840971;0,12835420790030128;0,0940263619041275;
piorFX;1,8997615696212016;0,07964511747572445;0,6967165817596239;0,47357040439265674;
medianFX;0,0059418598923350885;0,06850149361051905;0,18760364077933644;0,21734119182884015;
sdFX;0,7627806851228093;0,0063558178818747995;0,09908591207185535;0,10304143215122638;
==========================================================
===> f(x) médio para cada NFE:
NFE;AGEO2;GEOreal1_P;AGEOreal1_P;AGEO2real1_P_AA;
5;21,094985564209207;21,143759779749157;21,13834308404015;21,106859536536547;
50;21,05631210197259;21,05985721968751;21,105123714047174;21,05524436834393;
100;21,044381842740343;20,93798399882416;21,05851494113455;20,99072483083006;
500;21,008811962611144;20,044608442706636;20,238065208885203;20,21719840516483;
1000;20,966302604010664;19,576019833420737;19,64122350600586;19,57371531156328;
1500;20,900980166829637;19,457914034617122;19,52448200206422;19,344015201625094;
2000;20,80621484644927;19,411868198993112;19,486922779597762;19,137237142492204;
2500;20,671575931650853;19,378707464719206;19,464149331840872;18,878158313092353;
3000;20,52103034869014;19,34343522492762;19,45096809287962;18,383551460499792;
3500;20,339082489229188;19,31679037360907;19,43844812836172;17,72397671392877;
4000;20,1295373310701;19,284894460197368;19,42585532612262;17,141241272581237;
4500;19,90394777099261;19,251094618803332;19,414556870362276;16,51734019220042;
5000;19,654149282522567;19,212682552262667;19,40552182680771;15,919644259453365;
6000;19,102055138977768;19,128714446456684;19,394079985694383;14,478222988677423;
7000;18,448306111236924;19,032801772923403;19,375477752352694;12,900250707756909;
8000;17,7712261880434;18,932156450284502;19,353896607434216;11,327429490097586;
9000;17,033845752445053;18,81086071401334;19,335716500024166;9,946134904676727;
10000;16,266112401212652;18,667425396224065;19,32299780187284;8,869914487682136;
12000;14,736786187332106;18,29677883963163;19,281410753291972;7,565419402663361;
14000;13,21683095638031;17,756543156723634;19,230600166689968;5,603408655013264;
16000;11,819459414171705;16,971262602438138;19,187985887526416;3,8133540705840843;
18000;10,468680939823624;15,747130042275696;19,11767914199224;3,1260983079540323;
20000;9,355092815674187;13,929134430109245;19,043870060800167;2,523961896383676;
25000;6,955955494924932;6,0257751933367585;18,81564095832671;0,8530761948837178;
30000;5,212764415519333;0,7829577755950405;18,36584808165919;0,4863344118779061;
35000;3,9481901778909787;0,09392258178685549;17,465442433465434;0,4498337950951451;
40000;2,972962214765351;0,08273411929446677;16,205754986697094;0,403847292630336;
45000;2,2149399793640514;0,07909936583873195;13,556896403414482;0,38595858206362654;
50000;1,6071365521534426;0,0764789209283773;9,80216345674242;0,3599176069525631;
55000;1,1232555439446377;0,07333176143244771;6,987245415637086;0,3422908703901933;
60000;0,8924300348339348;0,07236981575915967;4,662138608252424;0,31614298997185464;
65000;0,7561250298518751;0,07156285419179818;3,697226008952476;0,30244379530082527;
70000;0,6354811262552611;0,07104721591290968;2,3253566377422614;0,2965351184090127;
75000;0,6069540667226366;0,07096038603968029;0,9315645905041606;0,25805110760884087;
80000;0,5924390810690591;0,07049780851397607;0,8063912275632454;0,2482856189207832;
85000;0,5837755761305623;0,07009176095447506;0,766610061504935;0,24740655065223482;
90000;0,5789456157277566;0,06902073275973551;0,7080140295591496;0,24563960166803595;
95000;0,5716228001693636;0,06888889325121142;0,5296857158058587;0,23687044280772582;
100000;0,5696475284497738;0,06738095032606709;0,19850675786960145;0,22875571667715172;











============================================================================
Função: Beale
============================================================================
parameter;AGEO2;GEOreal1_P;AGEOreal1_P;AGEO2real1_P_AA;
meanNFE;100022;100000;100000;100002;
meanFX;0,0007177230392181644;8,57673878861431E-06;8,10147618965025E-06;1,807692320173045E-05;
melhorFX;1,6778542554548538E-07;6,635778843689899E-08;8,912247595006736E-08;7,978094204413439E-07;
piorFX;0,00890006584943226;4,6474858402502714E-05;3,8087640428243385E-05;8,851139228774503E-05;
medianFX;8,919404970794512E-05;4,630358239211477E-06;5,998562818503964E-06;7,464228465513958E-06;
sdFX;0,0020140035248070974;1,0237842295743361E-05;9,18574061960884E-06;2,242187329787314E-05;
==========================================================
===> f(x) médio para cada NFE:
NFE;AGEO2;GEOreal1_P;AGEOreal1_P;AGEO2real1_P_AA;
5;350,8955075967338;2918,0068232451126;2575,960772580364;2210,744618081984;
50;6,402091738330714;1045,1634003045572;636,1888783285747;72,32153456750156;
100;2,8334380426310912;192,19865229315272;387,0569306590331;8,22060897098121;
500;0,7831831579941969;1,5198679549945555;8,574247793476834;1,6260335550963831;
1000;0,5610532717413765;1,1175992892286888;0,6069992059008743;0,15159043567481356;
1500;0,5300142947817119;0,9690716675289583;0,32077676309158126;0,0567824587747686;
2000;0,4448231506310005;0,650118944936805;0,28685549581678;0,028297951710438602;
2500;0,28189545824115725;0,6382506962537415;0,2785473091546598;0,027687905515063584;
3000;0,26691032887702176;0,5656734717760139;0,2705913524215625;0,026939615404201166;
3500;0,20558281045946206;0,33877892073103066;0,2388914044950263;0,026410964385464673;
4000;0,14708926635555253;0,24456305198409975;0,20020222994266762;0,0007353072209513891;
4500;0,11536307229251565;0,23955085089519557;0,1930595881720185;0,0007001101732250712;
5000;0,10781037516332038;0,23955085089519557;0,1885310880814486;0,0006327528812568949;
6000;0,09216922628014323;0,23670838762894533;0,1885022091941561;0,0004675359172712292;
7000;0,08974959818866021;0,22982038562365054;0,1299444570048343;0,00043774138860417137;
8000;0,08927954436641038;0,22956237834033727;0,12980855864186233;0,00037879836649189734;
9000;0,06873889469996879;0,2295605695093267;0,10364913794717438;0,00035538637790200544;
10000;0,05762129281395987;0,22954677226851736;0,07799713066239099;0,000302852421839037;
12000;0,04564610592926255;0,22913826349381655;0,07798193924433744;0,00023323948212610303;
14000;0,04474308737649933;0,22913425675974167;0,07795960596170441;0,00018000073269913112;
16000;0,012266461664442325;0,20356266263145598;0,052236282250179164;0,00014946996627608855;
18000;0,004303271109329084;0,2034475557059764;0,052231876398583545;0,00010822567185572211;
20000;0,004258667347704433;0,20337733507902375;0,05185156229229436;0,00010072185069956732;
25000;0,003228011413018892;0,17789794684930696;0,05099705517521269;9,647897447944251E-05;
30000;0,0025748911556885386;0,1525217345750316;0,05098577531331323;7,54269320243008E-05;
35000;0,0018709431590318711;0,10164341231933588;0,05091286535998359;7,281310171368513E-05;
40000;0,0018647058469821844;0,10162348646182276;0,025538950564181276;4,71662465269729E-05;
45000;0,0012615365781156228;0,07623970032496011;8,014843689317079E-05;4,543463302175537E-05;
50000;0,0012338471446331789;0,05084330522491852;1,8058701753290744E-05;4,109652480510261E-05;
55000;0,0010500282581705459;0,050827277488773116;1,6604230122526753E-05;3,75418563718684E-05;
60000;0,0010370283579130932;0,05082493641847686;1,6181495577100552E-05;3,652338848969722E-05;
65000;0,0009873577437032321;0,05082393641889941;1,537172833425346E-05;3,403454815114416E-05;
70000;0,0009864367421260891;0,050800231240053485;1,4957085157471077E-05;3,142007562364036E-05;
75000;0,0007511346084953107;0,025411209171535956;1,3005047659737661E-05;2,398698959664663E-05;
80000;0,0007489843926705354;0,02541108113906671;1,0492587662675E-05;2,0962032804384823E-05;
85000;0,0007485954675358214;3,949931406435746E-05;8,495695828569057E-06;1,940591678588065E-05;
90000;0,0007485954675358214;1,2688597007619516E-05;8,13556743762067E-06;1,9020580249003543E-05;
95000;0,0007484612637705224;8,983000581231908E-06;8,10147618965025E-06;1,8313497250674697E-05;
100000;0,0007177230392181644;8,57673878861431E-06;8,10147618965025E-06;1,807692320173045E-05;



Execution Time: 347904 ms
