




============================================================================
O que irá executar a seguir: executar_algoritmos
============================================================================













============================================================================
Função: griewangk
============================================================================
parameter;GEOreal1_M;GEOreal1_P;GEOreal1_A;GEOreal2_M_VO;GEOreal2_P_VO;GEOreal2_A_VO;GEOreal2_M_DS;GEOreal2_P_DS;GEOreal2_A_DS;
meanNFE;100000;100000;100000;100011;100011;100011;100011;100091;100091;
meanFX;0;0,14285952486890963;0,0870959438431894;0;0,002114740371013284;0,002350818053498327;0;0,033349990116537984;0,03290731179937374;
melhorFX;0;0,07439194927759851;0,029338863789515335;0;1,9599351301358148E-05;8,17189923307815E-06;0;0;0;
piorFX;0;0,196329982843802;0,13730703103820185;0;0,011888629121669658;0,014830564113890277;0;0,10575276532633804;0,10816751092157117;
medianFX;0;0,14990908681002946;0,08307123786325621;0;0,00021663153834994286;9,472270238986003E-05;0;0,03442068795285047;0,029481123964806843;
sdFX;0;0,028258844918828678;0,02470339315367443;0;0,0035601696457227845;0,0044101428617409994;0;0,023498169954201877;0,024654009499774806;
==========================================================
===> f(x) médio para cada NFE:
NFE;GEOreal1_M;GEOreal1_P;GEOreal1_A;GEOreal2_M_VO;GEOreal2_P_VO;GEOreal2_A_VO;GEOreal2_M_DS;GEOreal2_P_DS;GEOreal2_A_DS;
5;277,8525250711966;308,0396003021326;309,20544233560537;292,7513255462885;309,0714927442328;309,2669121616028;288,3670510613615;309,12912727755247;308,484191048774;
50;162,41199831487813;301,7783757442465;307,1251877587176;239,78325995061192;305,4276388287195;306,707598701723;236,53586050697248;306,6563068024363;307,26495022305596;
100;85,6844290356336;294,93833534877547;304,4774219950725;112,74382323100065;301,22804276850627;301,2436425948074;87,45739886748171;305,4309054367711;307,26495022305596;
500;1,1889026476846414;235,44718796349483;290,6011934345306;0,9521744812675728;253,51190387475938;255,15469154251014;0,8144851863001966;278,8931466973902;288,9627511833984;
1000;0,11394154275156543;170,08207967841406;275,14683711772165;0,20518314511968583;197,32985434665636;202,68450951288034;0,08069091538560647;248,43004503792258;257,63701982575867;
1500;0,04499542817748359;112,0652532695633;260,38073294955024;0,08662684398459314;153,24249137265411;160,8783076371463;0,028688041387618102;217,88490783558223;233,950138663925;
2000;0,005453704539860438;69,16392308952149;243,09186288084075;0,027075441635725395;110,22264271573877;119,42505026003843;0,011082921664354872;190,3957973566031;211,1639632931007;
2500;5,451590290306285E-10;35,945687298241694;227,05613827016182;0,011384703100403903;72,4504767712655;88,63232831128813;3,954719163257181E-09;160,29339701282146;189,47119236118328;
3000;5,440092820663267E-15;14,685271674609124;212,1589823661737;1,5682933840466262E-09;50,24951982869195;66,45837348683659;1,1102230246251565E-16;142,11730993689395;168,29117790401537;
3500;0;3,746715793706487;200,17889986769745;2,7755575615628914E-16;30,72276802702205;47,547713878398525;0;120,01406756044685;145,00499584680847;
4000;0;0,8704939771905229;186,42628720802128;0;16,88171052064294;31,94134510502775;0;102,26253631597376;125,54302850023389;
4500;0;0,6374917937864044;174,36803850118864;0;9,254630866639621;18,844510360783985;0;85,70954263227426;110,80054230439258;
5000;0;0,4610684050075195;159,84126284796656;0;4,331265155601534;13,206316866013616;0;71,01745044835309;96,46398981631945;
6000;0;0,3494235911758016;136,36854780688572;0;1,1360064935864649;4,907233890792845;0;47,947739351172984;73,5445256002548;
7000;0;0,3223913611219115;115,15382880709367;0;0,3730033591528798;1,2637042673792853;0;29,725587748355515;52,87017093834545;
8000;0;0,27956344775724207;95,2081911787896;0;0,1340124734760203;0,6524057984903224;0;19,113758230494824;37,150457564293085;
9000;0;0,2658230256565684;76,51712923543649;0;0,05714105416340215;0,11866902583339545;0;10,265041598479705;24,965051946626588;
10000;0;0,24356975200198122;62,17871644770901;0;0,04612762302312745;0,07591024109919497;0;5,767637105174471;16,63829165190844;
12000;0;0,20877212093690894;37,00314508303123;0;0,025903763870848362;0,04586981828420611;0;1,6631865587138923;5,033405501573437;
14000;0;0,2031911817476018;20,38209318907223;0;0,016679489383112034;0,034801666167526835;0;0,5762535131807904;2,301382656751053;
16000;0;0,19991247005015328;9,90739720098075;0;0,015384139577311329;0,029308792270857753;0;0,15010021499833875;1,027774227255989;
18000;0;0,19573670767195545;4,876436362126212;0;0,013935111462533734;0,02745435855402034;0;0,08974372101434908;0,6176261269855645;
20000;0;0,18597160331965723;2,762822814562603;0;0,013491334174653535;0,025797610504647794;0;0,0590663781900842;0,25559675537703713;
25000;0;0,18038834308386126;0,6574050228049888;0;0,011593556361212787;0,018522588308929888;0;0,041762811527443156;0,07424367665421056;
30000;0;0,17672709327393804;0,2803320508680488;0;0,010081431869619684;0,012359053205452109;0;0,037237022641901374;0,043052266215985235;
35000;0;0,1732383762185037;0,18618966504237533;0;0,007476194072100206;0,007831804414617005;0;0,03688076453736655;0,03567957205001321;
40000;0;0,1721746143520984;0,16346858975858647;0;0,007433094258533335;0,0074750712548660725;0;0,03688076453736655;0,030723964606699294;
45000;0;0,16491046246613422;0,1387563961555277;0;0,0012152181781403537;0,00620998601801781;0;0,03688076453736655;0,02948112396480712;
50000;0;0,16396278731919905;0,12425156456164;0;0,0012152181781403537;0,00620998601801781;0;0,03686236797746889;0,028271296963970516;
55000;0;0,16227005900952218;0,12312630511776984;0;0,0005558417426514417;0,0012037430367868862;0;0,03563908809521488;0,028271296963970516;
60000;0;0,16027649000465644;0,11295103210805557;0;0,0005232537086593547;0,0010808053752364155;0;0,03563908809521488;0,028271296963970516;
65000;0;0,1592268773110228;0,10960447888757457;0;0,00026279327233103;0,0009929744657455886;0;0,03563908809521488;0,028271296963970516;
70000;0;0,15261405041816017;0,10497872996867763;0;0,00024767993288266066;0,0008833537823992321;0;0,03563908809521488;0,028271296963970516;
75000;0;0,15261405041816017;0,09829026059775514;0;0,00023862947882441476;0,0008833537823992321;0;0,03563908809521488;0,028271296963970405;
80000;0;0,1516408759450511;0,09518033170811557;0;0,00022335765218017833;0,00026370179886947565;0;0,03563908809521488;0,028271296963970405;
85000;0;0,1516408759450511;0,09359479537135346;0;0,00021183193397961153;0,00017776692943793915;0;0,03563908809521488;0,028271296963970405;
90000;0;0,1516408759450511;0,0837417215397101;0;0,00021183193397961153;0,00017776692943793915;0;0,031965578226768876;0,028271296963970405;
95000;0;0,1503882059448059;0,08240525983840219;0;0,00021183193397961153;0,00017776692943793915;0;0,031965578226768876;0,028271296963970405;
100000;0;0,14939502780346742;0,08240525983840219;0;0,00021183193397961153;9,269438144993147E-05;0;0,031965578226768876;0,028271296963970405;

==========================================================
===> Melhores f(x) para cada execução:
execucao;GEOreal1_M;GEOreal1_P;GEOreal1_A;GEOreal2_M_VO;GEOreal2_P_VO;GEOreal2_A_VO;GEOreal2_M_DS;GEOreal2_P_DS;GEOreal2_A_DS;
1;0;0,16637971407796492;0,08578859688730622;0;0,0075599947389273225;0,00018123874830811015;0;0,007396040334115339;0;
2;0;0,11806696120155535;0,07766969780085842;0;0,0001154601370657593;4,42815205830005E-05;0;0,022126733432877743;0,05162744179030543;
3;0;0,1337052831786203;0,029338863789515335;0;0,0002471751916384157;2,162448052989152E-05;0;0,012316072519261811;0,07131498491765409;
4;0;0,10082038523321446;0,06910806021350302;0;2,067403011929425E-05;2,1588573853148496E-05;0;0,019697356010341505;0,06888066639996293;
5;0;0,15846319241611628;0,07981612867997856;0;4,8199072096966056E-05;0,00014964937951500445;0;0,019689998004848608;0,03938245756335512;
6;0;0,15086732507958234;0,1043050378072864;0;0,009959268532592436;6,849560585897585E-05;0;0,03442068795285047;0,058991580009234545;
7;0;0,16280276490723788;0,09846263592826454;0;5,821787615045704E-05;0,010715835333163448;0;0,04921270757647678;0,029481123964807066;
8;0;0,16092710713237646;0,08307123786325621;0;6,972409758743137E-05;6,447724036939828E-05;0;0,036867247717358276;0,03935306837554975;
9;0;0,15783950535212465;0,07685745009194367;0;0,007491250983346243;0,007934294310742107;0;0,0737859881296784;0,08604566093746924;
10;0;0,14379450016048567;0,11472541276011616;0;4,583665096280498E-05;4,427870972401049E-05;0;0,017236111917661945;0,05900869940887121;
11;0;0,11298501754900903;0,1016065662050103;0;9,445123970697189E-05;2,0104210641247455E-05;0;0,051620093889647056;1,9984014443252818E-15;
12;0;0,09591211296571855;0,07506917440038363;0;8,206793114928779E-05;6,300514007628877E-05;0;0,03931868686184303;0,019689998004848275;
13;0;0,1342240779527939;0,08039299087561602;0;0,0034937141988889975;4,498801179231293E-05;0;0,02949824170136406;0,009857284607820871;
14;0;0,1781599523796682;0,08763288844282802;0;0,0005926757697324314;0,0012475786760400842;0;9,992007221626409E-16;2,220446049250313E-16;
15;0;0,15162917875968573;0,12334178072475654;0;7,306648700067253E-05;0,007432692628721704;0;0,01477240772282351;0,024573294086363884;
16;0;0,1736414007738203;0,1264289266087265;0;0,0001426572348829369;0,012701367941241104;0;0,041762811523888166;0,04675146405641861;
17;0;0,1278024301911257;0,1114477454624686;0;2,1120964447840507E-05;0,0008902035201842073;0;0,05902826412615303;0,01232098887510702;
18;0;0,14459893934238144;0,08173928181354817;0;0,00012283394810841397;0,010354510139050643;0;0,012320988875106909;0,019689998004848275;
19;0;0,10696998288773352;0,05726357570900997;0;0,0005431802837821964;4,58101450683257E-05;0;0,036913844293555376;0;
20;0;0,15229261149929174;0,084412205216164;0;0,001036330403191621;1,0739539441750878E-05;0;0,04917847466734282;0,06637770218114203;
21;0;0,12660508499562062;0,058909258131218944;0;0,007483018181252854;5,0472590719441435E-05;0;0,04672941033149369;0,024590437451775915;
22;0;0,196329982843802;0,0658322404319196;0;1,9599351301358148E-05;0,00027955721754424623;0;0,009857284607820871;0;
23;0;0,08329740685558495;0,06604041489867629;0;0,0006962337471977387;0,012076978746758504;0;0,05651564821935651;0,0762448039117245;
24;0;0,1420486542754239;0,12209532500752662;0;6,049672823493779E-05;0,013368440359091127;0;0,0123160725192617;0,10816751092157117;
25;0;0,17862437332831405;0,07816660877407611;0;0,00021663153834994286;9,472270238986003E-05;0;0,009857284607821093;0,0172410209152829;
26;0;0,12931100274229423;0,07375081042316478;0;0,0002300837660104138;4,2451703713419775E-05;0;0,07124878536194579;0,04179719382857183;
27;0;0,13304855644155422;0,09531026557690514;0;0,00014457222607511255;2,672694647731788E-05;0;0,044278015748552946;0,03931868686184292;
28;0;0,09808364993331153;0,095050397839326;0;0,0002070323296092802;0,00020474315523733022;0;0,05409845970454652;0,017236111917661612;
29;0;0,10893586052273141;0,12884282403845393;0;8,737441094586185E-05;1,3652913727568716E-05;0;0,10575276532633804;0,022141438644517564;
30;0;0,15467045229445808;0,06358676893990722;0;0,000805111973084971;1,0908342899518253E-05;0;0,02951046850068728;0,022126733432877743;
31;0;0,1617180181781851;0,10810239445250991;0;0,011106748015304535;0,0011599073975336882;0;0,03685748823757928;0,01477977675482589;
32;0;0,1644206778134636;0,11756801195208877;0;0,010203595206646932;0,00019414195879485785;0;0,03689428135737438;0,049193091764902386;
33;0;0,17004183094983494;0,03570658647455216;0;2,676193504302926E-05;9,066606051000292E-05;0;0,014779776754825669;0,034491896382667586;
34;0;0,1459695356387084;0,05623618905030359;0;0,001663623923250257;8,27089870196751E-05;0;0,06888066639996293;0,01477977675482578;
35;0;0,15357552770590388;0,09558361222304157;0;0,0002774018705351544;0,00031440273142935293;0;0,014772407722823289;0,046736757912496985;
36;0;0,17357471780967004;0,07098886470347698;0;5,6301256452284676E-05;4,126054371023091E-05;0;0,012320988875106798;0,03196680285383424;
37;0;0,14990908681002946;0,08808773827238947;0;4,7349839842558694E-05;4,5743779975349064E-05;0;0,022126733462127346;0,024590437451775915;
38;0;0,10880594114926156;0,08040632703109674;0;4,7313766540213464E-05;8,17189923307815E-06;0;0,0123160725192617;0,01231607251926159;
39;0;0,1958004877602697;0,12394271491158126;0;0,0005225605232549446;2,4460438012741115E-05;0;1,1102230246251565E-16;0,022151242014809225;
40;0;0,13283419755827308;0,07281734261422346;0;0,007457944644329695;2,1101027715908494E-05;0;0,02459043745177647;0,027061469963133966;
41;0;0,1587254878551978;0,13730703103820185;0;0,002702944286274822;0,0009842455785520343;0;0,06396063694124043;0,029481123964806843;
42;0;0,1181767573713619;0,10657755667299929;0;5,176333949008516E-05;0,014830564113890277;0;0,027017420107750545;0,04916865530791703;
43;0;0,1617099663622965;0,13035609080788946;0;0,0074693699629475585;0,00010943085028680688;0;0,039367729556011866;0,07130519466190288;
44;0;0,1571488737433644;0,09979602623041095;0;0,0018774382228026187;0,010457667558153472;0;0,06882913976802851;0,029481123964806955;
45;0;0,13605893971095617;0,10057333073981656;0;0,00028883233784449125;0,0013579995742994955;0;1,1102230246251565E-16;0,007396040334115006;
46;0;0,07439194927759851;0,07404341632201539;0;0,008158742465807278;0,00017429511056776814;0;0,03936772955601153;0,022141438644517675;
47;0;0,14888096879690538;0,07275216980919297;0;3,8759134216137525E-05;0,008078934258283321;0;0,0639484276701483;0,03693101741188032;
48;0;0,1884374762258174;0,05920589711166224;0;4,4018425514047443E-05;8,562944041168308E-06;0;0,04674657692773443;0,012316072519261811;
49;0;0,15165257313041647;0,05423252291800662;0;0,011888629121669658;0,0013050638445438745;0;0;0,036867247717358276;
50;0;0,10830576232436662;0,07445019748229431;0;3,886624945692585E-05;2,615548490014774E-05;0;0,007396040334115117;1,1102230246251565E-16;











============================================================================
Função: rastringin
============================================================================
parameter;GEOreal1_M;GEOreal1_P;GEOreal1_A;GEOreal2_M_VO;GEOreal2_P_VO;GEOreal2_A_VO;GEOreal2_M_DS;GEOreal2_P_DS;GEOreal2_A_DS;
meanNFE;100000;100000;100000;100091;100098;100098;100091;100098;100098;
meanFX;0;0,09143070208565945;0,1626927881506157;0;2,842170943040401E-16;1,4210854715202004E-16;0;1,8474111129762605E-15;1,2789769243681803E-15;
melhorFX;0;0,04351740667250681;0,10132345062411474;0;0;0;0;0;0;
piorFX;0;0,14517471012707972;0,2400453132241296;0;7,105427357601002E-15;7,105427357601002E-15;0;7,105427357601002E-15;7,105427357601002E-15;
medianFX;0;0,08943983354322427;0,16952418326525276;0;0;0;0;0;0;
sdFX;0;0,020644107243885414;0,0304086563184479;0;1,4065098506119784E-15;1,004859173557615E-15;0;3,1483260279220255E-15;2,7575306268915058E-15;
==========================================================
===> f(x) médio para cada NFE:
NFE;GEOreal1_M;GEOreal1_P;GEOreal1_A;GEOreal2_M_VO;GEOreal2_P_VO;GEOreal2_A_VO;GEOreal2_M_DS;GEOreal2_P_DS;GEOreal2_A_DS;
5;216,20819333351892;218,80057210161857;219,49885968720213;216,32361544977027;220,42570939669736;221,46546085182086;217,0298991213459;219,31804665500493;221,51311744863497;
50;191,59259813166466;207,85428169244165;206,5699520744942;203,20704674097544;216,0769361190716;220,2921280978568;208,74956539861282;216,07103951025422;216,9593503457319;
100;168,07319051194645;195,51125171698482;194,9565990592454;200,45678442062183;215,1025724631457;217,21514943492483;205,2124377631623;213,57430538059813;216,8177023312553;
500;63,09135228396991;140,13597686930456;124,52314755839038;16,978251871132365;140,9461168563679;167,26381584827152;18,893340249650393;139,6307614566586;169,9071131239346;
1000;19,583695918165798;114,10928242419904;78,17814136965902;4,655405790585167;102,38844039558815;140,8477424559905;5,329076059628399;100,52862665715398;144,8758077926364;
1500;6,798779868576837;93,64134530052434;52,23723717633723;1,1950280665647917;63,36027371125934;122,51374340183968;1,9817377813444352;65,01880056513693;127,37137216718916;
2000;2,3771141006394387;77,86606305867008;32,293074215132954;0,02305429375089929;47,79382857885271;111,00493071989716;0,08498966343542591;44,003501183678054;111,82191946206534;
2500;1,002972954336098;65,73053881904642;22,598107634549596;6,323105861127942E-06;31,351543042103188;94,76100128853594;4,0074494414454875E-05;28,70030932545346;93,4085607170676;
3000;0,01551452556085664;54,74594332476052;14,785505139713518;8,564811082578672E-10;22,656296218571796;85,71052677874314;2,2874324656640965E-09;21,71535813546004;84,47582797397794;
3500;0,00029527539474116793;47,936620634282036;9,043468021145266;2,0605739337042905E-13;15,09862680442945;73,84659064700469;4,440892098500626E-13;15,889369317415227;73,46876843170624;
4000;1,517898314773447E-05;39,82563510818572;6,3471157586264155;0;11,890392778549401;64,50775154453461;0;11,949455870674509;67,02511988251177;
4500;5,924364074871846E-07;35,36332855300101;4,755393440358677;0;8,537656385647331;55,14661782566539;0;8,751562191188931;57,54484436868952;
5000;5,981868511639732E-08;32,697802000107416;3,4042131879627213;0;7,295174066017761;49,87566780363292;0;6,529640528092084;49,32477942555826;
6000;2,5144686333078425E-10;25,953107746772453;2,291172451609718;0;4,004283836716677;39,5298998991214;0;4,804170637046827;41,75740198245306;
7000;1,5205614545266144E-12;21,24929253080097;1,3843862752075644;0;2,494421016592227;31,891798913874315;0;2,9674404666644776;34,63880247117115;
8000;1,4210854715202004E-14;16,384841414245987;0,6487002414707739;0;1,967047281191995;27,477345364967704;0;1,9915032001097437;25,22473030848304;
9000;0;14,066932228925161;0,4087773985876417;0;0,996894092400094;21,626649194272424;0;1,133921139969594;20,641490039911478;
10000;0;12,072104829790696;0,3443099447536646;0;0,9833897452865017;18,43522346314817;0;0,9834136372136122;17,472532913236748;
12000;0;9,083207728893466;0,3247508197516922;0;0,010636481403629716;11,9380494392022;0;0,6347297782645356;11,115362059034876;
14000;0;6,245419628566978;0,28101766821532337;0;1,3835960256614044E-05;7,866935686471102;0;2,4463786914452612E-05;6,980296966818642;
16000;0;4,914850439440542;0,26653932814319603;0;6,960995690974414E-08;4,980782680385232;0;2,0248805299161177E-08;4,922171446269907;
18000;0;3,7787328682704597;0,26211897645618265;0;1,3153069744475943E-09;2,9684149163641713;0;1,4175327578413999E-12;3,93475568092801;
20000;0;3,1184873277726304;0,2509843497959814;0;1,4246381851990009E-12;2,02454212826132;0;3,197442310920451E-14;2,098813566852531;
25000;0;1,1947570216359935;0,21953257627004774;0;7,105427357601002E-15;0,983379290625674;0;1,4210854715202004E-14;0,9833787030380137;
30000;0;1,1263083151110571;0,21247800888324875;0;7,105427357601002E-15;0,0132853728330673;0;7,105427357601002E-15;5,451475360018776E-07;
35000;0;0,1984259303354179;0,1949926209815871;0;7,105427357601002E-15;2,319922032256727E-12;0;7,105427357601002E-15;4,618527782440651E-14;
40000;0;0,15406400894107364;0,18573081683723913;0;0;1,4210854715202004E-14;0;7,105427357601002E-15;1,0658141036401503E-14;
45000;0;0,13745821115113444;0,18134071698681353;0;0;7,105427357601002E-15;0;7,105427357601002E-15;7,105427357601002E-15;
50000;0;0,13144714481073194;0,18082067555348402;0;0;0;0;7,105427357601002E-15;7,105427357601002E-15;
55000;0;0,1227361188741547;0,1797542058978081;0;0;0;0;7,105427357601002E-15;7,105427357601002E-15;
60000;0;0,11323876220990314;0,1775329113140458;0;0;0;0;7,105427357601002E-15;7,105427357601002E-15;
65000;0;0,10698493837330503;0,17661536916696363;0;0;0;0;0;0;
70000;0;0,10640347024120089;0,17661536916696363;0;0;0;0;0;0;
75000;0;0,10640347024120089;0,17372668111431722;0;0;0;0;0;0;
80000;0;0,10159571569106163;0,17314577479695714;0;0;0;0;0;0;
85000;0;0,09667887232973627;0,17091129760277823;0;0;0;0;0;0;
90000;0;0,08915012907945652;0,17091129760277823;0;0;0;0;0;0;
95000;0;0,08905424334955114;0,17014720002820027;0;0;0;0;0;0;
100000;0;0,08905424334955114;0,16929304206460571;0;0;0;0;0;0;

==========================================================
===> Melhores f(x) para cada execução:
execucao;GEOreal1_M;GEOreal1_P;GEOreal1_A;GEOreal2_M_VO;GEOreal2_P_VO;GEOreal2_A_VO;GEOreal2_M_DS;GEOreal2_P_DS;GEOreal2_A_DS;
1;0;0,09243818021231931;0,16952418326525276;0;0;0;0;0;0;
2;0;0,07710194973758178;0,1709808327946689;0;0;0;0;7,105427357601002E-15;0;
3;0;0,08242834847132485;0,16906190086395867;0;0;0;0;7,105427357601002E-15;0;
4;0;0,10341107016070339;0,10132345062411474;0;0;0;0;0;0;
5;0;0,10111647904353305;0,13122809106784672;0;0;0;0;0;0;
6;0;0,08943983354322427;0,13087617610555924;0;0;0;0;0;0;
7;0;0,11928967991639183;0,14698397898676774;0;0;0;0;0;0;
8;0;0,08866865315587802;0,17294285770051943;0;0;7,105427357601002E-15;0;0;7,105427357601002E-15;
9;0;0,08097372407267045;0,12820349917264906;0;0;0;0;7,105427357601002E-15;0;
10;0;0,09613746834452996;0,10716206350586788;0;0;0;0;0;0;
11;0;0,0721961719640376;0,11158590845874272;0;0;0;0;0;0;
12;0;0,06754042363819224;0,18938641491497776;0;0;0;0;0;0;
13;0;0,10672509038364097;0,16083973974263444;0;0;0;0;0;0;
14;0;0,060668983147273536;0,18363023075563234;0;0;0;0;0;0;
15;0;0,0833628897870895;0,2171944870521969;0;0;0;0;0;0;
16;0;0,05126726015775773;0,14579103398421012;0;0;0;0;0;0;
17;0;0,04351740667250681;0,16544613595426227;0;0;0;0;0;0;
18;0;0,14517471012707972;0,16302487210469963;0;0;0;0;0;0;
19;0;0,12450693258845291;0,17058016835762402;0;0;0;0;7,105427357601002E-15;7,105427357601002E-15;
20;0;0,0776630878744129;0,13043456486779093;0;0;0;0;0;0;
21;0;0,07953874034998165;0,23677780998735187;0;0;0;0;0;0;
22;0;0,11129064375483466;0,16991870537588483;0;0;0;0;0;7,105427357601002E-15;
23;0;0,07618920049868194;0,17410467033523958;0;0;0;0;7,105427357601002E-15;7,105427357601002E-15;
24;0;0,11039078562933469;0,11092160876663115;0;0;0;0;7,105427357601002E-15;0;
25;0;0,11021590303693074;0,11581664015116644;0;0;0;0;0;0;
26;0;0,09722027631494257;0,19387179479797112;0;0;0;0;0;0;
27;0;0,0632710244001018;0,1926679193465617;0;0;0;0;0;0;
28;0;0,07464929890457483;0,17084176241088755;0;0;0;0;7,105427357601002E-15;0;
29;0;0,08963160500303502;0,15903531346472022;0;7,105427357601002E-15;0;0;0;0;
30;0;0,12325643762276428;0,1521888873376014;0;0;0;0;0;0;
31;0;0,06915918329365667;0,16573273901969543;0;0;0;0;0;0;
32;0;0,10868550334334515;0,1829314846957928;0;0;0;0;0;0;
33;0;0,10207495233859021;0,16449907521668194;0;0;0;0;7,105427357601002E-15;0;
34;0;0,07737743147703924;0,16998704627490469;0;0;0;0;0;7,105427357601002E-15;
35;0;0,0983444979519632;0,2400453132241296;0;0;0;0;7,105427357601002E-15;0;
36;0;0,08051859880497858;0,1751854598832665;0;0;0;0;0;7,105427357601002E-15;
37;0;0,08462547397312647;0,12222086449791902;0;0;0;0;0;0;
38;0;0,12740034930247646;0,134451643977485;0;0;0;0;0;0;
39;0;0,09381638229772449;0,19457390488823023;0;0;0;0;7,105427357601002E-15;0;
40;0;0,07637303328097289;0,17229706266846279;0;0;0;0;7,105427357601002E-15;7,105427357601002E-15;
41;0;0,09784047044569633;0,18057122860915342;0;7,105427357601002E-15;0;0;0;0;
42;0;0,07211609686931553;0,17598890225000474;0;0;0;0;7,105427357601002E-15;0;
43;0;0,10660505932754916;0,16831506414568054;0;0;0;0;0;0;
44;0;0,11159322076798617;0,1591676746473425;0;0;0;0;0;0;
45;0;0,1200535417522488;0,18783140291884592;0;0;0;0;7,105427357601002E-15;0;
46;0;0,11398197764496132;0,11383333920660732;0;0;0;0;0;0;
47;0;0,08566255490688945;0,17030735378149586;0;0;0;0;0;7,105427357601002E-15;
48;0;0,07750663054756046;0,17219618959499883;0;0;0;0;0;0;
49;0;0,08155819821478616;0,17334869189339486;0;0;0;0;0;7,105427357601002E-15;
50;0;0,08695968922832265;0,16880926388270012;0;0;0;0;0;0;











============================================================================
Função: rosenbrock
============================================================================
parameter;GEOreal1_M;GEOreal1_P;GEOreal1_A;GEOreal2_M_VO;GEOreal2_P_VO;GEOreal2_A_VO;GEOreal2_M_DS;GEOreal2_P_DS;GEOreal2_A_DS;
meanNFE;100000;100000;100000;100001;100001;100001;100002;100001;100002;
meanFX;0,005603917570647907;1,0580032450824333E-06;8,152739755605835E-05;3,960839940171205E-05;3,69569569332256E-07;1,3322692417646635E-05;0,00014058543479001634;2,2200257422700927E-07;5,4458972932360016E-05;
melhorFX;0,00022998746102820174;3,469391126233156E-08;2,748253234340215E-06;3,172493290796407E-07;2,3685723372116088E-11;1,6990433766585197E-08;1,2552997340828895E-08;2,3579028412032065E-11;1,2247489740384396E-09;
piorFX;0,026119073500897726;5,831797274416607E-06;0,0006112087831589261;0,0003130394506206783;1,2852580618964202E-05;0,00018312900292849013;0,0036852110544610267;7,425689632965032E-06;0,0009322912768991204;
medianFX;0,003555015485053013;7,907678439635158E-07;4,720471751983023E-05;1,3722759034918311E-05;3,501419395622809E-09;1,898885643680763E-06;1,0993894864009043E-06;3,32153389155452E-09;7,649250074553661E-08;
sdFX;0,005943528631609578;1,1667693590565781E-06;0,00010242282674280994;6,549074253935833E-05;1,8852440860703145E-06;3,3570988242620114E-05;0,0005531160174679648;1,1298561753568668E-06;0,00019244992546243892;
==========================================================
===> f(x) médio para cada NFE:
NFE;GEOreal1_M;GEOreal1_P;GEOreal1_A;GEOreal2_M_VO;GEOreal2_P_VO;GEOreal2_A_VO;GEOreal2_M_DS;GEOreal2_P_DS;GEOreal2_A_DS;
5;38,82349065143839;238,88311472835488;146,30723618088285;103,14324043220958;245,40961165374924;159,44553416183237;100,90447655381628;245,82223581653318;141,26196959044483;
50;1,4780749991262336;148,75104823281282;1,0990414828377968;1,0360937461572284;237,88920954757452;2,1712616672552536;1,2331644477067227;241,77367751866282;16,139445809072125;
100;0,6755521774746507;88,7675817954313;0,47252843239108344;0,4672720150069533;230,3144241540465;0,6434613945333705;0,5027582846660719;236,52024649252633;2,3433154446217808;
500;0,34516795663267485;0,3744767192701648;0,02300745026913366;0,29429469303431366;157,07090754296303;0,3294899360828438;0,3246147734509305;192,25335355231323;0,42217560807799065;
1000;0,16282715746914478;0,1387709326856328;0,007699869832127604;0,20187790471166528;94,7305071787853;0,25160230342615575;0,21367633386905127;122,87651569800627;0,295602006241506;
1500;0,13670087812305587;0,060269175006606196;0,004458175496872305;0,16761266040557588;23,48769190922605;0,1423169770519413;0,16088544425491516;77,41756924912006;0,2448040812952475;
2000;0,1152751330508788;0,019197108484099272;0,0030439073152122367;0,10378536211009748;4,449934544909054;0,1317433399702074;0,16071013735284384;29,208836103339035;0,214199162409737;
2500;0,09546559699886602;0,00907565139833995;0,002869242017690534;0,06940255835435197;3,334864718285165;0,10127340854426131;0,16071013735284384;7,344202626814607;0,18168566812525394;
3000;0,09546559699886602;0,0030258805856947487;0,002869242017690534;0,06330621641085898;1,7528118939278436;0,10127340854426131;0,14552001670993114;3,4674170709176817;0,16441401734593752;
3500;0,08198921824512975;0,00045546964518542176;0,002685016895180084;0,05919666984320145;1,3788657214115545;0,08422853866099701;0,1308057734461784;2,5946088974802435;0,15033683209356896;
4000;0,06582860844988928;0,00012893241740392008;0,002578359118964189;0,03966480616720607;0,6596608926931572;0,07228048559037989;0,12009319801563981;1,6727893507949814;0,1346096410382309;
4500;0,06582860844988928;8,200526543635329E-05;0,0020799260917161158;0,03966480616720607;0,4453853433249536;0,06599529060857849;0,10411270614682067;1,369553510889697;0,12202338280656827;
5000;0,06582860844988928;6,907851300098141E-05;0,0019786747948509955;0,03253789421343041;0,31952410248471774;0,06413600494162387;0,0929089627150641;1,1586212187427547;0,10971851203501418;
6000;0,06178569941793456;3,659558362931356E-05;0,00141243785601162;0,022768446608104287;0,1871358304597312;0,0354858204485676;0,0796670838862828;0,5011556807153421;0,09399441029859777;
7000;0,055713769115476756;2,5010734654243966E-05;0,0009605863420199468;0,00976027053229512;0,12599379542543943;0,01323575290726478;0,06565800015495941;0,2855258349931157;0,07892287974292803;
8000;0,04845368592389261;1,2641980913235362E-05;0,0008520113845460965;0,005009990176875737;0,09333790318509662;0,012473106923049867;0,053825535548904;0,18684018705217134;0,0677351366845899;
9000;0,04118905943490836;9,86263394949049E-06;0,000784629259952896;0,004402015481182076;0,07064626009285414;0,009900290146963005;0,04382574278951206;0,13313544837698998;0,05833072225755717;
10000;0,032481000575481034;6,451074609581257E-06;0,000744577599587707;0,004402015481182076;0,05546778792901728;0,009900290146963005;0,03714657665790072;0,09627133907007715;0,050704031311420275;
12000;0,030075375745747812;5,0982999412283E-06;0,0006171164177874669;0,0013608211898186889;0,03331099217991726;0,003626510071204814;0,027169475394773254;0,05566172551177496;0,03786970859216978;
14000;0,026771928007752382;4,913535940373505E-06;0,0005337593798819227;0,0012294428170299674;0,022289216584229492;0,0017301313549152523;0,020691833087871498;0,034576789211366685;0,02939703096017153;
16000;0,01810555915188094;4,569521948930449E-06;0,0005337593798819227;0,0007794773969717488;0,016799441703914276;0,0014320848343907047;0,014038438208506965;0,022496218826505734;0,024002310941260728;
18000;0,01810555915188094;4,569521948930449E-06;0,0005294539400268812;0,0005656172214950878;0,012610774140362862;0,0014320848343907047;0,010227168444394355;0,015624011345075826;0,01937438486099922;
20000;0,01741346124909565;4,437289929187553E-06;0,0003812296640792796;0,0004932968489510996;0,008808483511207096;0,00034109534422265074;0,0083995300006051;0,010237418741229947;0,015057228772579699;
25000;0,015183296202486148;2,968641039274556E-06;0,00025540288373730366;0,00021159175265446538;0,004262653935827928;7,317020698691547E-05;0,004718998639093559;0,0040056422358654975;0,008877127849712198;
30000;0,014279688415004148;2,6579225482975432E-06;0,00021944783998151742;0,00021074249257452867;0,0020958678583021277;2,6079699127993296E-05;0,0021243792499841844;0,001758928382269469;0,005068569356285132;
35000;0,013617513271632024;2,597626931083354E-06;0,0001516538048377615;7,38832158404658E-05;0,0009729725963415112;1,3206605595593643E-05;0,0010931704693730828;0,0007943001373092191;0,0031345747361004647;
40000;0,011927448717193352;2,034032157091356E-06;0,0001369970346575747;5,587444222620777E-05;0,00045739871829025174;6,8434882729659416E-06;0,00018077761309748708;0,00035076489776076486;0,0019862939787185447;
45000;0,009807631120647246;1,6697801019473414E-06;0,0001264646445282854;4,7120560165767385E-05;0,00023548718980049064;6,436080478868672E-06;1,6078437254311274E-05;0,00011059295946956322;0,0010889639311936435;
50000;0,008871970975975592;1,420299418300437E-06;0,00012253907529906105;4,7120560165767385E-05;0,00012004296912109178;6,436080478868672E-06;5,565329598764219E-06;4,215185863363833E-05;0,0008772015151072574;
55000;0,008229565377893697;1,3203265450007178E-06;0,00011208627902713249;3,7108429660656586E-05;4,563189192346545E-05;5,709307389857544E-06;4,140780590543062E-06;1,7436895312335734E-05;0,0005055079344442612;
60000;0,007033850184521411;1,3203265450007178E-06;9,400791955218666E-05;3,22043418716054E-05;1,4525193662957514E-05;5,187273423920881E-06;3,6936087153912717E-06;8,507641571290287E-06;0,00025027735915709114;
65000;0,00661188428618943;1,027630831578151E-06;9,371021600269932E-05;2,9941982278578718E-05;8,248978540921699E-07;5,187273423920881E-06;2,904880310782462E-06;3,031226914018078E-07;0,0001286372039881215;
70000;0,006266389549976159;9,742672351786807E-07;9,038223235586804E-05;2,9599289540465713E-05;7,718906902336354E-08;3,2251457641265173E-06;2,5946865184226757E-06;1,8911480073654958E-08;5,875583380867892E-05;
75000;0,005572726167256958;9,365291737906431E-07;8,350789064056434E-05;2,8063535092436928E-05;1,2608273305845023E-08;3,2251457641265173E-06;2,21104998962561E-06;1,2193290509305623E-08;1,2509915017525748E-05;
80000;0,004290580119311379;8,586786186585256E-07;7,335023883261188E-05;2,4956841203499805E-05;6,26121121058217E-09;2,8749620994943617E-06;1,692386801302461E-06;5,1942556013035825E-09;4,651844687547499E-07;
85000;0,0038568828588842995;8,586786186585256E-07;6,588134858693831E-05;2,4956841203499805E-05;5,190546385888642E-09;2,3421633184630334E-06;1,435107438683549E-06;4,126361514118466E-09;2,2889045764250509E-07;
90000;0,0038568828588842995;8,031610407465455E-07;5,321846538834832E-05;1,7834435421165207E-05;4,690978098717839E-09;2,3421633184630334E-06;1,1971728566078604E-06;4,011465052762488E-09;1,8077774345244344E-07;
95000;0,0037052978847607228;7,841175491887564E-07;4,304822744781454E-05;1,4907435176940254E-05;4,401257484745749E-09;1,901347804398793E-06;1,1971728566078604E-06;3,972400628138954E-09;1,0072802914512274E-07;
100000;0,003418056355867961;7,841175491887564E-07;4,304822744781454E-05;1,2604371419074785E-05;3,4528812387076675E-09;1,8182625703180736E-06;1,0658131341143234E-06;3,215193940259541E-09;7,450894479363278E-08;

==========================================================
===> Melhores f(x) para cada execução:
execucao;GEOreal1_M;GEOreal1_P;GEOreal1_A;GEOreal2_M_VO;GEOreal2_P_VO;GEOreal2_A_VO;GEOreal2_M_DS;GEOreal2_P_DS;GEOreal2_A_DS;
1;0,0037290859470235074;2,3231438289182424E-07;1,1262057451425953E-05;8,086533662117719E-05;5,061380494551498E-09;8,235633025551038E-07;0,0004298186128920364;1,2805497406294846E-09;1,9313164792771006E-08;
2;0,003064993564211318;3,469391126233156E-08;0,00013038765742728715;9,020932595575268E-06;1,3079944695477578E-08;5,715356752441708E-06;7,088680739116094E-07;1,01023325105987E-08;4,272275283713518E-08;
3;0,007346194587396805;1,943796294810428E-06;1,7713763733747978E-05;9,13865902691751E-06;4,59158346821683E-10;2,1988837854499964E-07;0,00012214171294223084;8,122423485203427E-09;9,547774429908657E-09;
4;0,026119073500897726;3,9217894376309964E-08;2,6306622163296687E-05;2,68646000505538E-06;1,5179113788663264E-08;5,507829023745003E-06;8,095821991849922E-07;9,248041636745336E-10;5,179034592986198E-08;
5;0,012689525268268482;4,962198729794489E-08;0,00010027010479048429;2,2253934334361465E-05;1,075377017156771E-08;3,0037505493360427E-08;1,8584345032565912E-06;2,0731233026376955E-09;1,6493511354085505E-08;
6;0,012485058149180743;2,241045502717485E-07;0,00010656279168701308;1,6626842169857048E-05;6,272692620115025E-09;8,745964178532293E-07;8,311093016739268E-07;1,3037752141762527E-08;4,803587749782223E-08;
7;0,004055268708315831;9,018029997874761E-07;0,00011576214715620505;6,114791707525106E-06;6,112924824773553E-11;8,389781231908347E-07;3,6119789228983524E-06;1,5038941182782809E-09;8,171245131389423E-08;
8;0,0036815098224979386;3,216954837390189E-06;2,410855072386235E-05;3,757578629644575E-05;1,4590643569753079E-08;1,3535298267049985E-06;9,425321804618096E-07;1,5839911437475889E-09;5,132139623360848E-07;
9;0,0007820016673075472;7,101459980570654E-07;2,748253234340215E-06;1,1984864122665385E-06;8,891271437145304E-09;1,0290437445530923E-06;1,0518252006552074E-05;3,7228823404103303E-09;1,5622550099520765E-06;
10;0,0007745906331695469;9,605598007209163E-07;0,00017661548261014952;5,233934868157705E-06;2,791891180948692E-09;2,7632902525305903E-07;1,7803957790371724E-06;7,425689632965032E-06;1,317950171677918E-07;
11;0,002415266804647409;1,3997485218324715E-06;6,421466869267577E-05;1,406065955071064E-05;7,439992306192993E-08;5,149119249116905E-06;1,5752586505522813E-06;1,1774217963829564E-08;2,185214261713369E-08;
12;0,0027179270552703445;1,440850314768403E-06;1,4877345790228436E-05;5,9476368829104674E-06;2,968913842520566E-09;9,052242531106235E-05;1,4351324708411899E-05;8,633853234051013E-09;8,568198098564481E-07;
13;0,003281097226682909;1,6939349862341246E-06;0,0006112087831589261;1,0982207591723032E-06;4,588515786472739E-09;6,480460804097346E-06;3,436006504724254E-06;1,113411205552672E-08;1,1941771121563368E-07;
14;0,002472981120883654;1,1168662733934741E-06;3,58696746026672E-05;0,00015331823677979388;8,015668816202409E-11;2,022843937311505E-08;8,663037715885995E-07;5,3194885821254605E-09;2,3071346673809237E-07;
15;0,0054882590003495655;1,0780801603470016E-06;2,8628314787043204E-05;9,004357963989295E-05;3,920021325401802E-10;7,86397690434323E-07;1,9998857790880905E-05;1,885554867697598E-09;7,74014866441767E-08;
16;0,0016542345576670214;4,1243294057365594E-07;2,7334116651260526E-05;1,655244759303533E-05;3,501419395622809E-09;2,912402221387662E-07;8,573363460425924E-08;1,7742506829889735E-08;9,390627782084882E-08;
17;0,001122790485232407;2,0953727980230364E-06;0,00010313500058047322;7,467479495568876E-07;2,2043394327279904E-09;0,00010578120680157316;9,578409617451954E-07;3,638556307563348E-09;6,376135862984393E-08;
18;0,0039846797707450915;1,2409045681689643E-06;0,00023074400207433572;3,172493290796407E-07;8,980497315118978E-10;4,133213869239285E-05;0,001083792894713931;3,9666709551681966E-09;0,00015829284904378388;
19;0,0009792298457154795;2,0251410348320704E-06;1,3553793085858436E-05;5,879063991973024E-06;1,9831266594821535E-09;0,00018312900292849013;2,451807249874935E-07;3,5038582144592996E-07;4,722197462812838E-08;
20;0,010180772737706194;3,1013929246337183E-07;1,424054583274343E-05;1,002171160161786E-05;2,3685723372116088E-11;3,386964305428201E-07;1,2395719776912228E-07;1,5949708895414187E-10;3,7802338694022594E-07;
21;0,004237789373155945;1,3170124415257042E-06;3,889173737579885E-05;1,0300351772890866E-05;3,0970239323200117E-09;1,7685297662101753E-07;1,3129998348545055E-05;3,4581792067301664E-09;4,3257203151851054E-08;
22;0,00307891410278109;3,685843072816635E-07;0,00019636294855993926;8,486538400251126E-07;2,528503052688476E-08;1,529961451382428E-06;1,0993894864009043E-06;2,008045331742018E-08;1,0754978046939666E-07;
23;0,0035935363077839264;1,5223542860919202E-06;5,848914383274156E-06;0,00016326000736374495;8,606508764480932E-08;6,503721839317545E-06;2,684914303076328E-08;3,978130301109712E-09;3,4337616044911854E-08;
24;0,008149976602835389;3,9252001347763E-07;0,00010118015604761182;7,875981503206712E-06;1,9829905536834718E-08;4,01526316406405E-06;6,433474556608447E-07;3,32153389155452E-09;0,0007642590419193068;
25;0,010335731546024641;1,6999156080925215E-06;2,8265451488326493E-05;1,9042028672473363E-05;4,128493999668405E-10;8,622430904865389E-05;1,964010613666139E-07;5,256415375900134E-09;1,2247489740384396E-09;
26;0,0008927670050099091;2,604791655018321E-07;1,0159473633871449E-05;9,222614266306871E-06;7,824716408925876E-09;3,5162735913334004E-06;5,823012947512361E-07;3,8407443288256146E-10;1,7604730482599403E-07;
27;0,0011667800049753006;7,77467254413997E-07;5,315637967869394E-06;6,589223521340215E-05;2,7544759624829567E-09;1,233643339323612E-07;4,945623365054034E-06;3,122646781875238E-06;5,372275510129619E-08;
28;0,013857177153035687;1,5413070282714752E-07;0,0001825463704823976;3,619476599364453E-05;3,8072529466749804E-07;1,898885643680763E-06;5,079758609718072E-07;4,044799804415263E-09;1,057822133786483E-08;
29;0,0003854324569655996;9,1249854686037E-07;3,4476430247061055E-05;4,70052642153892E-06;1,99278077860599E-09;9,998610771480778E-07;0,0008902194660131617;4,4873442188453447E-10;6,002887974049161E-08;
30;0,006030516309219474;4,081969353599059E-07;6,365516725643838E-06;2,5902345492361465E-06;3,831695274591444E-06;1,6990433766585197E-08;5,447668071290379E-07;1,1348828876848718E-08;1,8979160979325192E-06;
31;0,0010395293038529734;1,2699560650586434E-07;5,358752319338676E-05;3,3474130480947316E-06;5,908293577634569E-08;2,1766844545497902E-07;7,460117497663274E-08;1,1984300816561645E-10;1,4040464873671624E-07;
32;0,00022998746102820174;2,7046088090328215E-07;3,086695564383886E-05;1,863176192676248E-06;4,248444955245491E-10;9,135021187841674E-08;0,0036852110544610267;2,748935031098063E-09;2,8880834224820797E-08;
33;0,009351628952192626;2,5941508757639745E-07;3,361814333727695E-05;1,5522167066495442E-05;4,536921889254419E-09;1,9038099651168231E-06;7,175320538650627E-07;4,180374125595658E-09;7,252538884172895E-08;
34;0,022728758058614754;6,594372845786422E-07;8,786333209710578E-05;8,565822866643653E-06;2,604966746812861E-10;1,0323722325156037E-07;0,00032359858625911626;4,825297912550761E-10;2,183241721034129E-07;
35;0,003555015485053013;8,155542375295751E-07;0,00015241653550498985;5,273956959795119E-05;1,6079323053817696E-09;3,3898678027405154E-06;2,17737520028372E-07;2,1957690639866926E-09;5,0573150478716764E-08;
36;0,005657193334164352;5,78220211511351E-07;7,91524491840229E-05;4,05515883448546E-05;3,4043430817925255E-09;1,2162130261861449E-05;4,9566110093133096E-08;6,108239595213983E-10;4,77496571934806E-08;
37;0,003121696224014478;5,3776756136671525E-06;5,923221325686641E-05;0,00015156501267808603;2,286540128478858E-09;5,2254275987248556E-06;3,781563789113846E-07;6,105977602077493E-10;0,0006853659635105067;
38;0,0009517002765176146;4,848586129966775E-07;2,918980792585448E-05;3,4234997468564856E-05;1,783267346335073E-08;1,3663039430400553E-06;1,0322367818277426E-06;3,1088539889645616E-09;6,469666684398492E-08;
39;0,0006844729903026277;1,687579724257204E-06;0,00014389698071249837;3,0173686274645944E-05;1,2852580618964202E-05;3,141160319783361E-06;1,6043778235677496E-06;4,072348902641274E-09;7,649250074553661E-08;
40;0,0004860220780745761;9,771815028093008E-07;4,856295575845732E-05;2,9488300798419928E-05;5,319712277225786E-09;1,7376394969553841E-06;5,312498755661807E-07;2,4008531513964325E-09;8,388821977214618E-05;
41;0,0029684064016620992;3,660270632184788E-08;6,754802848120086E-05;6,103650668988575E-06;5,058207780110258E-09;4,6857594711768E-06;1,9563372742707224E-07;7,547217002595111E-10;1,9629223403797513E-09;
42;0,006502262790732844;1,6261800472380763E-06;0,00014289420429027357;2,2633528391339065E-06;7,79754283225967E-10;1,5632178222149277E-05;2,64461787546918E-06;7,879485157555516E-09;2,1014145407114076E-08;
43;0,0006611208122200882;1,8172059178027625E-06;0,000323726651009007;0,00025806188453234496;4,242500148959409E-10;6,925635749997552E-07;1,2949562268148164E-06;2,2413881965455638E-10;4,143523752973908E-08;
44;0,022807233610736662;1,7314729998486922E-07;3,758790152064516E-05;1,550476585804152E-06;6,212903321257685E-09;2,780516671809244E-06;4,771123101253833E-06;1,1827480466686346E-09;1,1785002511472647E-06;
45;0,002566769587887196;3,686401313559609E-07;4,720471751983023E-05;0,0003130394506206783;2,3743123275034106E-09;3,390252081046214E-05;0,0003529875811252847;2,2017816784675526E-09;4,4672694992741873E-07;
46;0,003125521860720633;6,210533974068076E-07;9,290113261463029E-05;0,0001275436871066993;2,8749486295914834E-09;9,905134126737304E-06;1,2552997340828895E-08;2,3579028412032065E-11;0,0009322912768991204;
47;0,008392312999758556;7,907678439635158E-07;2,7460958812729955E-05;4,150155073358358E-05;3,9276198436993823E-10;2,2613068731766698E-07;2,7699633481226108E-06;6,670814043922833E-09;1,1541702860406915E-07;
48;0,010719518669484854;5,2989138503212497E-08;0,0001348710431206777;1,3722759034918311E-05;3,643913237347973E-10;2,9694075271794797E-06;4,370410237715111E-06;1,5489830504892723E-09;8,951189644371161E-05;
49;0,002855925568749539;5,831797274416607E-06;7,706282950251283E-06;2,8467322112235712E-05;9,733723236375303E-07;9,03414960035518E-06;8,61986254642716E-07;4,4778373659118357E-10;5,565435555275213E-08;
50;0,011037640751671159;1,4045569258570548E-06;1,1125747723555585E-05;1,1485983803231259E-05;1,1424026796936842E-08;1,4621126918801112E-06;3,559685987125763E-05;1,0141505589158608E-09;2,8381029467430245E-08;











============================================================================
Função: schwefel
============================================================================
parameter;GEOreal1_M;GEOreal1_P;GEOreal1_A;GEOreal2_M_VO;GEOreal2_P_VO;GEOreal2_A_VO;GEOreal2_M_DS;GEOreal2_P_DS;GEOreal2_A_DS;
meanNFE;100000;100000;100000;100091;100091;100091;100091;100091;100091;
meanFX;109,688779965783;83,03627851566027;2010,53833278874;0,00012727566241665044;0,00012727566243484034;2010,5300874562242;0,00012727566305329675;0,00012727566263492918;2010,5300874562242;
melhorFX;14,298034421081866;8,360775603170623;1302,8521022653354;0,00012727566172543447;0,00012727566172543447;1296,9803629377009;0,00012727566263492918;0,00012727566263492918;1296,9803629377002;
piorFX;197,07156816040924;271,89502120582256;3059,9754082648406;0,00012727566263492918;0,00012727566263492918;3059,970869237697;0,00012727566354442388;0,00012727566263492918;3059,970869237697;
medianFX;104,62400529346769;31,75407573303164;2020,9684228972299;0,00012727566263492918;0,00012727566263492918;2000,7023078083857;0,00012727566263492918;0,00012727566263492918;2000,7023078083853;
sdFX;45,71245853882499;84,46467365376544;449,84207121953045;3,9237339532237463E-13;3,8057983838050886E-13;451,0902581984717;4,578918687055996E-13;0;451,0902581984717;
==========================================================
===> f(x) médio para cada NFE:
NFE;GEOreal1_M;GEOreal1_P;GEOreal1_A;GEOreal2_M_VO;GEOreal2_P_VO;GEOreal2_A_VO;GEOreal2_M_DS;GEOreal2_P_DS;GEOreal2_A_DS;
5;3906,772293566184;3837,2657505167;4092,488948573395;3905,810668483084;3887,1465275278024;4110,241055299718;3938,7240176637115;3961,502021403491;4109,688478232059;
50;2938,6619539298363;2694,986513187395;4065,9778336180534;3685,253168994143;3683,6557549504587;4101,439866164141;3742,731274098271;3764,6181310145766;4104,570686849511;
100;2352,8994104956587;2190,5064234505385;4033,4213326652443;3625,9481905252715;3580,075880006925;4098,020913662035;3704,1637113593506;3675,30954825943;4095,6869802657357;
500;912,342907489447;1039,1483209944904;3775,8344541805936;1809,629722148507;1344,7095965539984;3975,271066998608;1895,632417506152;1657,2036767921936;4010,7889622142447;
1000;654,9384641529953;807,240857155266;3491,11815579948;1208,0952296104674;779,7999689311393;3821,819768959411;1310,038059564375;1057,7162361078335;3925,7208374591637;
1500;573,595617718632;624,3535550821018;3205,7255793797412;876,3111301864367;546,9623126043589;3689,425427418929;976,2938898225511;732,1323080934349;3817,2523392122725;
2000;492,6971721081991;621,1933665218621;2953,3320493184274;733,8679199061339;474,1818361281437;3586,035420219865;796,5782503553864;602,9806688917015;3685,9334488355385;
2500;451,6158004802728;619,8677150771007;2786,924124089879;579,802968051572;473,75447759722033;3472,1237376028757;693,7886909745982;474,077690098645;3598,4751654529746;
3000;423,0042721406205;573,3121216707136;2657,1710827636834;438,3740664062884;355,34654491915285;3357,9908000837513;542,4376777390021;467,3797496711614;3480,305364202614;
3500;372,74665982635406;569,2229036355191;2487,621568185596;359,2681073906076;355,3151969082012;3289,507890779579;476,24900681633994;399,86654482032145;3392,7184452987594;
4000;355,56583791990874;557,9702504383536;2384,6439643306367;355,3151500522931;343,35776420740285;3198,4126482742286;467,21044189240365;355,5570986665282;3303,614773852361;
4500;346,9880180019186;550,5286765892795;2222,5553215645377;254,4645702012042;238,81931104308433;3081,432294855362;360,3307579221769;256,1003877157882;3238,9949356373345;
5000;343,5683626870848;525,2841755585505;2166,15145097574;237,09480525992194;236,9043907697851;2965,465444728079;355,3200732540454;239,33068494364102;3151,446080105958;
6000;332,3817826702066;512,9880992464969;2038,1942571278757;236,87679650470864;236,87679651314352;2817,8693270872855;238,6157367596677;236,8767987647659;2964,696820746151;
7000;307,8066033056475;502,8224938747387;2010,9262371091936;150,0503874350593;129,35792690932158;2690,44309711251;236,87680169199712;236,87679650454106;2826,706522212685;
8000;295,9519249797347;494,2604060983317;2010,8668099593224;118,45330386172714;118,43849628989119;2541,589236280024;236,8767965045447;118,5357418964536;2685,736263170494;
9000;271,83984993368836;494,2604060983317;2010,8540805749503;118,43846596321396;118,43846195041078;2424,8729994479486;118,44157633546092;118,43846189242095;2558,238114549161;
10000;271,83984993368836;487,6821522722014;2010,8540805749503;118,43846189204305;118,43846189013811;2367,4883323381564;118,43846189454348;118,43846189010128;2454,9451354307334;
12000;247,54001213357287;443,50403681365356;2010,8540805749503;0,0022155322058097227;81,21904359686778;2239,985881429169;118,43846189010173;0,0012567582907649921;2318,333676638833;
14000;242,46337772533707;394,8497000198979;2010,848673753765;0,0001272759031962778;0,006349416126795404;2134,0565603931273;0,0017298814473178936;0,0001272769263778173;2193,4706625307763;
16000;234,0862195038062;384,5950216598251;2010,845453712528;0,00012727566354442388;0,000127277782667079;2023,0951383084275;0,00012727937564704916;0,00012727566445391858;2177,6664620475103;
18000;225,95775933209165;378,03802527891276;2010,845453712528;0,00012727566308967653;0,00012727566354442388;1979,9243655109453;0,0001272756680918974;0,00012727566445391858;2071,873528501619;
20000;214,4114664714407;371,55507515703925;2010,845453712528;0,00012727566263492918;0,00012727566263492918;1971,6438122622544;0,00012727566536341328;0,00012727566354442388;2031,9640405631321;
25000;188,20357569480643;269,0383098078664;2010,845453712528;0,00012727566263492918;0,00012727566263492918;1971,5934094702948;0,00012727566445391858;0,00012727566263492918;1976,380229286524;
30000;165,13213546005363;262,41083671086903;2010,845453712528;0,00012727566263492918;0,00012727566263492918;1971,5934094702948;0,00012727566354442388;0,00012727566263492918;1971,5934094702943;
35000;157,07713250456186;258,89648598739814;2010,845453712528;0,00012727566263492918;0,00012727566263492918;1971,5934094702948;0,00012727566354442388;0,00012727566263492918;1971,5934094702939;
40000;153,1949877193358;255,54028339382648;2010,843409699846;0,00012727566263492918;0,00012727566263492918;1971,5934094702948;0,00012727566354442388;0,00012727566263492918;1971,5934094702939;
45000;143,8874126484386;162,90330571528398;2010,842165959668;0,00012727566263492918;0,00012727566263492918;1971,5934094702948;0,00012727566354442388;0,00012727566263492918;1971,5934094702939;
50000;139,1710712743352;142,8054618084052;2010,841446862346;0,00012727566263492918;0,00012727566263492918;1971,5934094702948;0,00012727566354442388;0,00012727566263492918;1971,5934094702939;
55000;139,1710712743352;140,68319965379123;2010,841446862346;0,00012727566263492918;0,00012727566263492918;1971,5934094702943;0,00012727566354442388;0,00012727566263492918;1971,5934094702939;
60000;139,1710712743352;138,91280393156308;2010,841446862346;0,00012727566263492918;0,00012727566263492918;1971,5934094702943;0,00012727566354442388;0,00012727566263492918;1971,5934094702939;
65000;139,1710712743352;135,46764960347332;2010,841446862346;0,00012727566263492918;0,00012727566263492918;1971,5934094702943;0,00012727566354442388;0,00012727566263492918;1971,5934094702939;
70000;129,78569649655674;134,43478838251826;2010,841446862346;0,00012727566263492918;0,00012727566263492918;1971,5934094702943;0,00012727566354442388;0,00012727566263492918;1971,5934094702939;
75000;129,78569649655674;119,9823195316867;2010,8412182960028;0,00012727566263492918;0,00012727566263492918;1971,5934094702943;0,00012727566354442388;0,00012727566263492918;1971,5934094702936;
80000;126,23542836206116;45,66892743808921;2010,8412182960028;0,00012727566263492918;0,00012727566263492918;1971,5934094702943;0,00012727566354442388;0,00012727566263492918;1971,5934094702936;
85000;110,75022775248067;33,98459949760081;2010,8412182960028;0,00012727566263492918;0,00012727566263492918;1971,5934094702943;0,00012727566354442388;0,00012727566263492918;1971,5934094702936;
90000;107,50894107238582;31,841089764330263;2010,8412182960028;0,00012727566263492918;0,00012727566263492918;1971,5934094702943;0,00012727566354442388;0,00012727566263492918;1971,5934094702936;
95000;104,60569574905776;31,555062256089514;2010,8412182960028;0,00012727566263492918;0,00012727566263492918;1971,5934094702943;0,00012727566308967653;0,00012727566263492918;1971,5934094702936;
100000;104,60569574905776;31,555062256089514;2010,8412182960028;0,00012727566263492918;0,00012727566263492918;1971,5934094702943;0,00012727566263492918;0,00012727566263492918;1971,5934094702936;

==========================================================
===> Melhores f(x) para cada execução:
execucao;GEOreal1_M;GEOreal1_P;GEOreal1_A;GEOreal2_M_VO;GEOreal2_P_VO;GEOreal2_A_VO;GEOreal2_M_DS;GEOreal2_P_DS;GEOreal2_A_DS;
1;164,1581034169103;13,923548015045526;2172,1070333307607;0,00012727566263492918;0,00012727566172543447;2172,1002887900822;0,00012727566354442388;0,00012727566263492918;2172,1002887900822;
2;70,57155835706999;15,586973119351569;1803,4341741484384;0,00012727566263492918;0,00012727566263492918;1803,4271276785062;0,00012727566263492918;0,00012727566263492918;1803,427127678506;
3;168,51482959985515;32,486241572756626;1606,3881795562856;0,00012727566172543447;0,00012727566172543447;1606,3783589453196;0,00012727566354442388;0,00012727566263492918;1606,3783589453194;
4;91,03582353411821;31,142974253240936;1507,223614373872;0,00012727566263492918;0,00012727566172543447;1507,2173883725563;0,00012727566263492918;0,00012727566263492918;1507,2173883725563;
5;71,03826363338067;20,89497738566115;1500,2970010712465;0,00012727566172543447;0,00012727566263492918;1500,2902805418807;0,00012727566263492918;0,00012727566263492918;1500,2902805418807;
6;89,75246184340449;18,554200998929446;2428,202363090481;0,00012727566263492918;0,00012727566263492918;2428,195345023486;0,00012727566354442388;0,00012727566263492918;2428,195345023486;
7;126,7467297911262;259,49547554455967;2369,063634542471;0,00012727566172543447;0,00012727566263492918;2369,057179008556;0,00012727566263492918;0,00012727566263492918;2369,057179008556;
8;48,947954892026246;116,5375818158318;2020,9684228972299;0,00012727566263492918;0,00012727566263492918;2020,9563087958406;0,00012727566263492918;0,00012727566263492918;2020,9563087958404;
9;61,807367437858375;15,00223897215983;1678,9955934373074;0,00012727566172543447;0,00012727566263492918;1678,991564238776;0,00012727566354442388;0,00012727566263492918;1678,9915642387755;
10;171,20902793188816;271,89502120582256;1566,4218580569675;0,00012727566172543447;0,00012727566172543447;1566,414531424633;0,00012727566354442388;0,00012727566263492918;1566,4145314246323;
11;51,04374501476286;135,50034160614587;1757,0653443497358;0,00012727566172543447;0,00012727566263492918;1855,8559164337803;0,00012727566263492918;0,00012727566263492918;1855,8559164337803;
12;158,96428593360042;25,312598049044936;3059,9754082648406;0,00012727566172543447;0,00012727566172543447;3059,970869237697;0,00012727566354442388;0,00012727566263492918;3059,970869237697;
13;110,39387685130396;24,144617100723735;1587,1438951184407;0,00012727566263492918;0,00012727566172543447;1587,136605811323;0,00012727566354442388;0,00012727566263492918;1587,1366058113229;
14;114,34291174451118;18,506169448944092;1756,8641547169323;0,00012727566263492918;0,00012727566263492918;1756,8571916686615;0,00012727566263492918;0,00012727566263492918;1756,8571916686615;
15;140,93645067883017;24,02462902391744;2566,7773963809004;0,00012727566263492918;0,00012727566263492918;2566,7713382357083;0,00012727566354442388;0,00012727566263492918;2566,771338235708;
16;197,07156816040924;169,73777237799231;2171,616230618226;0,00012727566263492918;0,00012727566263492918;2171,6077515158886;0,00012727566354442388;0,00012727566263492918;2171,6077515158886;
17;151,85960059460012;163,34565235854643;1704,592573237116;0,00012727566263492918;0,00012727566263492918;1704,587156447261;0,00012727566354442388;0,00012727566263492918;1704,587156447261;
18;131,58953305869636;34,71034591438183;1500,2514094270646;0,00012727566263492918;0,00012727566263492918;1500,2462320315954;0,00012727566263492918;0,00012727566263492918;1500,2462320315954;
19;14,298034421081866;160,3188112602893;1302,8521022653354;0,00012727566263492918;0,00012727566263492918;1302,8408530492125;0,00012727566263492918;0,00012727566263492918;1302,8408530492125;
20;39,13418519154948;26,14231523718354;2546,687428841862;0,00012727566263492918;0,00012727566263492918;2546,677728148209;0,00012727566354442388;0,00012727566263492918;2546,677728148209;
21;26,617101176884717;19,415821933712323;2962,907474072171;0,00012727566263492918;0,00012727566263492918;2962,897176158703;0,00012727566354442388;0,00012727566263492918;2962,8971761587027;
22;59,5649427866083;14,868475965819925;1922,3583696950247;0,00012727566263492918;0,00012727566172543447;1942,4845111322027;0,00012727566354442388;0,00012727566263492918;1942,484511132202;
23;121,92329234205954;31,02069355034382;1480,6076774526755;0,00012727566172543447;0,00012727566263492918;1480,6011107080053;0,00012727566263492918;0,00012727566263492918;1480,6011107080053;
24;61,87735438096297;129,08292519978977;2296,854959756161;0,00012727566172543447;0,00012727566263492918;2296,844632474582;0,00012727566354442388;0,00012727566263492918;2296,8446324745814;
25;111,32575977131773;252,40864907404102;2217,9793180680763;0,00012727566263492918;0,00012727566263492918;2119,1762533305014;0,00012727566263492918;0,00012727566263492918;2119,1762533305014;
26;132,3039967892064;142,00811623046638;2053,498344703213;0,00012727566263492918;0,00012727566263492918;2053,4920536090513;0,00012727566354442388;0,00012727566263492918;2053,4920536090513;
27;155,6219869600045;24,479131966177192;1395,7863757693146;0,00012727566172543447;0,00012727566263492918;1395,7735762285483;0,00012727566263492918;0,00012727566263492918;1395,7735762285474;
28;177,72692556465245;137,25078725831008;2442,138504682135;0,00012727566263492918;0,00012727566263492918;2442,1281223573105;0,00012727566263492918;0,00012727566263492918;2442,1281223573105;
29;150,3720562522085;34,49414992721631;2054,5454772730473;0,00012727566172543447;0,00012727566263492918;1876,8658283091765;0,00012727566263492918;0,00012727566263492918;1876,8658283091759;
30;74,69094296824551;128,07343426816624;1566,4305094583347;0,00012727566263492918;0,00012727566263492918;1744,0913481713196;0,00012727566354442388;0,00012727566263492918;1744,0913481713192;
31;183,03951281892842;133,98262465390417;2415,464407380648;0,00012727566263492918;0,00012727566172543447;2415,455577085725;0,00012727566263492918;0,00012727566263492918;2415,455577085725;
32;181,800899641466;18,551296866051416;2185,4431791240227;0,00012727566263492918;0,00012727566263492918;2185,4364312382518;0,00012727566354442388;0,00012727566263492918;2185,4364312382513;
33;125,72412693299611;138,20118792866788;2388,7419885269237;0,00012727566263492918;0,00012727566263492918;2388,735201809712;0,00012727566263492918;0,00012727566263492918;2388,735201809712;
34;101,25846391169216;31,75407573303164;1435,198529430879;0,00012727566263492918;0,00012727566263492918;1296,9803629377009;0,00012727566354442388;0,00012727566263492918;1296,9803629377002;
35;178,20763850455614;8,360775603170623;1500,293662178066;0,00012727566263492918;0,00012727566263492918;1500,2902805418807;0,00012727566263492918;0,00012727566263492918;1500,2902805418803;
36;78,02341620372772;263,40998217239985;2798,3827704845676;0,00012727566263492918;0,00012727566263492918;2798,3719331419775;0,00012727566354442388;0,00012727566263492918;2798,371933141977;
37;167,56009801722666;258,6488762883405;2000,7140136947755;0,00012727566263492918;0,00012727566263492918;2000,7023078083857;0,00012727566354442388;0,00012727566263492918;2000,7023078083853;
38;104,58738620464783;138,57655846764874;2244,56510533637;0,00012727566263492918;0,00012727566172543447;2382,758369308529;0,00012727566263492918;0,00012727566263492918;2382,7583693085285;
39;104,62400529346769;10,14633068029525;2151,7040220398344;0,00012727566263492918;0,00012727566263492918;2151,6981416808803;0,00012727566263492918;0,00012727566263492918;2151,6981416808803;
40;67,72876041114614;43,74749151612377;2561,8765218213043;0,00012727566263492918;0,00012727566263492918;2541,7253625972335;0,00012727566263492918;0,00012727566263492918;2541,7253625972326;
41;133,84726606011736;21,804617562860585;1500,8364152662411;0,00012727566263492918;0,00012727566263492918;1500,8306478205018;0,00012727566263492918;0,00012727566263492918;1500,8306478205013;
42;47,7155749960275;157,93736534949767;1842,897911376679;0,00012727566263492918;0,00012727566263492918;1842,88727089228;0,00012727566354442388;0,00012727566263492918;1842,8872708922795;
43;111,10657865365738;13,327340233549876;1855,724536405498;0,00012727566263492918;0,00012727566263492918;1855,7189173447532;0,00012727566263492918;0,00012727566263492918;1855,7189173447532;
44;100,94929077227198;16,46112899556283;2395,645399478218;0,00012727566263492918;0,00012727566263492918;2395,6378457654296;0,00012727566263492918;0,00012727566263492918;2395,637845765429;
45;102,620608698051;256,7602108273504;2587,087753130372;0,00012727566172543447;0,00012727566263492918;2587,0816068301974;0,00012727566263492918;0,00012727566263492918;2587,0816068301974;
46;98,8687404604434;23,08374752643431;2126,177749252659;0,00012727566263492918;0,00012727566263492918;2126,1623381983245;0,00012727566263492918;0,00012727566263492918;2126,1623381983245;
47;88,79676391958583;16,58071920197017;2586,6039949347437;0,00012727566263492918;0,00012727566172543447;2586,5975071586104;0,00012727566354442388;0,00012727566263492918;2586,5975071586104;
48;96,81653880308431;57,23258347061801;1776,6706598107025;0,00012727566263492918;0,00012727566263492918;1776,6627038922084;0,00012727566263492918;0,00012727566263492918;1776,662703892208;
49;103,34504610461727;21,526293291816728;1356,231878518804;0,00012727566263492918;0,00012727566263492918;1356,2215545000622;0,00012727566354442388;0,00012727566263492918;1356,2215545000613;
50;62,377610802303025;31,356048779147386;1816,6213125900185;0,00012727566263492918;0,00012727566172543447;1816,6153843801758;0,00012727566263492918;0,00012727566263492918;1816,6153843801753;











============================================================================
Função: ackley
============================================================================
parameter;GEOreal1_M;GEOreal1_P;GEOreal1_A;GEOreal2_M_VO;GEOreal2_P_VO;GEOreal2_A_VO;GEOreal2_M_DS;GEOreal2_P_DS;GEOreal2_A_DS;
meanNFE;100020;100020;100020;100113;100233;100233;100113;100233;100233;
meanFX;2,842170943040401E-16;0,06946964959780808;0,24500505718260598;0;1,591406331158396E-09;6,229920046507687E-10;0;5,325797211241934E-08;1,3351067096323276E-08;
melhorFX;0;0,05731228142943934;0,038323492828997274;0;7,02318203593677E-10;2,0794743704755092E-10;0;3,541183701827322E-08;9,31549237748186E-09;
piorFX;3,552713678800501E-15;0,08189305164809468;9,90225481217876;0;4,6436134937266615E-09;2,232379614497404E-09;0;9,873929585069163E-08;1,979480757086094E-08;
medianFX;0;0,06998830179787063;0,04773224320470604;0;1,4337580012124818E-09;4,901608008367475E-10;0;5,000106995112219E-08;1,3361113104792821E-08;
sdFX;9,736123573768995E-16;0,005131509490433433;1,3936262520569693;0;7,374141923696701E-10;4,009376979004303E-10;0;1,2066188270125539E-08;1,8447977381379146E-09;
==========================================================
===> f(x) médio para cada NFE:
NFE;GEOreal1_M;GEOreal1_P;GEOreal1_A;GEOreal2_M_VO;GEOreal2_P_VO;GEOreal2_A_VO;GEOreal2_M_DS;GEOreal2_P_DS;GEOreal2_A_DS;
5;20,982548294787332;21,014399865416962;21,014782450810138;21,003098172901918;21,028564731921918;21,02396656861184;20,995141113906904;21,029955946396463;21,021723658525794;
50;20,860754847762735;20,92578452913959;20,92426154341557;20,938945499263188;20,98108268582735;21,00267384132014;20,930576493504603;21,006893625574655;20,99623273737921;
100;20,792442368200387;20,79667538841143;20,787384475770637;20,92355718974797;20,975455359890272;20,98092529791856;20,926091771273537;20,999423669268573;20,99613337477643;
500;19,959217637702555;19,896905495138242;19,897381391484085;13,784623716813897;19,992563633360653;20,13336122022637;15,50226128875816;20,094401883096687;20,27184377176571;
1000;18,15515529304087;19,501460146403687;19,505430065121246;5,4405440366313815;19,168430895315737;19,51286791213932;8,161084703325859;19,32674935218995;19,610812802710335;
1500;16,092624835143763;19,39238758171917;19,43145018403211;2,173286927444588;18,97830396747334;19,39297733902996;3,699461472452734;19,106938749879284;19,434971469459683;
2000;13,234659806368551;19,3602765825526;19,389123190131095;0,746828094138932;18,503403027874143;19,27760576795625;2,0440477212069723;18,778729725436634;19,31491289586171;
2500;10,773220411156228;19,31979555148655;19,37341027164382;0,07225323538431283;17,893369352403138;19,228682447902422;1,3297408041651622;18,512653652874906;19,250962448708798;
3000;8,290151797807308;19,274949730144083;19,363489504513687;0,003166742972465997;17,419291194008956;19,22231875810751;0,4894602162078421;18,251915982844526;19,235274210184784;
3500;6,405640341605402;19,237135968396835;19,354257413391068;0,00021790277990696438;16,327982463599206;19,189174253622006;0,04350503424784513;17,719989943737353;19,188200519393973;
4000;5,135885294905542;19,203659364003848;19,34770430557685;1,4522924457693875E-05;15,083874883812518;19,15545876797929;0,004424352160668832;16,99661994973141;19,16220893488334;
4500;3,916819561863374;19,149712887633;19,340539415378046;1,5182055559392893E-06;14,130903922911717;19,140630126860785;0,00041361338985268503;16,454413426283402;19,134641884525003;
5000;2,899999992295731;19,12534442096345;19,32852254614788;5,942330894015413E-08;11,839687547616181;19,086283862440496;8,34669058473736E-05;14,87620247327956;19,070139533331115;
6000;1,5565818931417592;19,042806341612916;19,30952821788893;3,511466672989627E-10;7,851617340229098;19,00065334416267;1,2880360458211726E-06;11,998393599866635;19,025393421137355;
7000;0,47611372584966105;18,953336549635655;19,292412800086588;1,5401013797600172E-12;3,6225074431790816;18,89422419266731;2,51614071800077E-08;8,212786614766504;18,943755757023027;
8000;0,12864651684819606;18,82011887486633;19,278188525288023;4,440892098500626E-14;2,5842972313112114;18,78871906311744;3,1907809727727E-10;5,330797733983232;18,88056492620712;
9000;0,041310115169586936;18,654195725636743;19,248501850399308;7,105427357601002E-15;1,9569176554588736;18,650053361570457;9,521272659185342E-12;3,770747449772575;18,763487535683385;
10000;0,01578473553080073;18,50137494432809;19,23026229561401;3,552713678800501E-15;1,366188076370035;18,507126767032;1,545430450278218E-13;2,651032683695009;18,60947849562065;
12000;0,002335155014455026;18,05216882972979;19,187601441848756;0;0,2737309644179451;18,224582261003917;7,105427357601002E-15;1,5149542347006726;18,346680328784355;
14000;0,00037278583706878976;17,451301574233305;19,161789655832848;0;0,02195423464152846;17,833290266260498;3,552713678800501E-15;0,36304015762890174;17,872257662224722;
16000;6,819490674381257E-05;16,576317111751003;19,09434732765618;0;0,0029856647387980217;17,066637903389516;0;0,02084945044789066;17,311731981122964;
18000;9,794833454535024E-06;15,156805319329141;19,04969733857248;0;0,0002871228688157146;15,962889054273916;0;0,0033354792677329215;16,295947521393778;
20000;1,3887454493044515E-06;12,852196925043156;18,985770833780244;0;5,319592094465975E-05;14,138801129361024;0;0,00036709152663050304;14,616347999403828;
25000;1,3560995881789495E-08;1,8620333274063139;18,780754335619392;0;8,789597316649633E-07;4,268528562367139;0;3,068415612261788E-06;8,153731933468928;
30000;1,2647838332213723E-10;0,10282498909244353;18,602985283648557;0;4,8976291466829025E-08;0,06890060331755699;0;2,2010980949005443E-07;1,789593368945754;
35000;1,3997691894473974E-12;0,08711609766988815;18,228575249360468;0;1,4851526231041134E-08;0,0005468592184829646;0;1,0999875499351219E-07;0,19855626320098807;
40000;3,375077994860476E-14;0,08184244736610324;17,74374032412078;0;5,91024473806101E-09;8,40406832303131E-06;0;7,456349848666832E-08;0,00022149802765625282;
45000;1,4210854715202004E-14;0,07903520300186173;17,239286153095023;0;3,323782138409115E-09;3,037380729153938E-07;0;7,229057352731161E-08;1,587022881111011E-06;
50000;7,105427357601002E-15;0,07730331647159261;16,4664263302012;0;2,6545574627334645E-09;2,3081364375343583E-08;0;6,481028691496249E-08;4,590767233025872E-08;
55000;3,552713678800501E-15;0,07591010982431534;15,425465500738227;0;2,170498447640057E-09;3,3565559220960495E-09;0;6,0262026480018E-08;2,0993642380062738E-08;
60000;3,552713678800501E-15;0,07380656675374375;13,446579397745793;0;2,0622330509922904E-09;1,3586554103994786E-09;0;5,962586335783726E-08;1,800920301775477E-08;
65000;3,552713678800501E-15;0,07217173830544787;9,940329905677688;0;1,6684786885434733E-09;1,0027214614183322E-09;0;5,962586335783726E-08;1,4892552968603923E-08;
70000;3,552713678800501E-15;0,0709862673474344;3,6368842517043127;0;1,6080452525102373E-09;9,422276292525567E-10;0;5,430312555176897E-08;1,4555673999439023E-08;
75000;3,552713678800501E-15;0,07085431157127431;0,0679200656006742;0;1,596868415276731E-09;8,531149120472037E-10;0;5,125434299202425E-08;1,4208861642828197E-08;
80000;3,552713678800501E-15;0,07060250004900759;0,055671205306673244;0;1,5715677648131532E-09;6,667253416026142E-10;0;5,085179388686356E-08;1,4120425717578655E-08;
85000;0;0,07060250004900759;0,054861756508499226;0;1,52306256495649E-09;6,250271411545327E-10;0;5,037877137681335E-08;1,3989344793685632E-08;
90000;0;0,07058066580864697;0,050957736145583965;0;1,458444032209627E-09;5,813856063241474E-10;0;5,013530746111883E-08;1,3989344793685632E-08;
95000;0;0,06993832383683696;0,047867525509234454;0;1,433372531778332E-09;5,102585021177219E-10;0;4,999891700663284E-08;1,3595768066920755E-08;
100000;0;0,06984213812253515;0,04764975073553934;0;1,4274057491547865E-09;4,831282041095619E-10;0;4,9975584559547315E-08;1,3302830836892099E-08;

==========================================================
===> Melhores f(x) para cada execução:
execucao;GEOreal1_M;GEOreal1_P;GEOreal1_A;GEOreal2_M_VO;GEOreal2_P_VO;GEOreal2_A_VO;GEOreal2_M_DS;GEOreal2_P_DS;GEOreal2_A_DS;
1;0;0,0715420281489223;0,048667892633680765;0;1,1543583866568952E-09;4,2010128709080163E-10;0;5,2181558629627034E-08;1,4441376094964653E-08;
2;0;0,07453929101465917;0,05498296749662401;0;1,6188081986001635E-09;6,353744197440392E-10;0;5,531155267135546E-08;1,3629119166580494E-08;
3;0;0,06584722630864803;0,05268234654886328;0;1,3182379632326047E-09;5,199822794565989E-10;0;4,217498528191754E-08;1,2906905766385535E-08;
4;3,552713678800501E-15;0,06866147459086491;0,04491506285183178;0;9,030074465954385E-10;7,505356336423574E-10;0;5,135180458637478E-08;1,4856084362691035E-08;
5;0;0,06448069113607957;0,046345142089410984;0;1,6428884919150732E-09;2,1178649944886274E-09;0;4,853262680626358E-08;1,2355798162388965E-08;
6;0;0,06731861267851613;0,038323492828997274;0;1,086263523575326E-09;4,901608008367475E-10;0;6,738558155916508E-08;1,1418229917126155E-08;
7;0;0,07283560399525513;0,03961294665604598;0;1,6148575809893373E-09;4,1823255969575257E-10;0;5,797801705398342E-08;1,6245959244542973E-08;
8;0;0,06833857590578418;0,03904858254771071;0;1,4181438245941536E-09;5,95701266092874E-10;0;6,572825128614568E-08;1,3361113104792821E-08;
9;0;0,0707721253331286;0,040234940601614255;0;8,861604783305665E-10;3,2521185744371905E-10;0;4,4994223458161287E-08;1,2433428508984434E-08;
10;0;0,06914423611709353;0,04112568055179722;0;9,745839690822322E-10;4,126370356516418E-10;0;5,662215230017864E-08;1,4213060950396539E-08;
11;0;0,05731228142943934;0,04052965582170742;0;7,646896449386986E-10;2,0794743704755092E-10;0;5,130839397793352E-08;1,34172744026273E-08;
12;0;0,067514524413955;0,03977993171066885;0;2,528015130565109E-09;6,186624545989616E-10;0;4,7918447876327264E-08;1,4212634624755083E-08;
13;0;0,07169768931977671;0,04469691255012975;0;1,7744099523042678E-09;6,019931220180297E-10;0;9,873929585069163E-08;1,1849291325916056E-08;
14;0;0,07031391296009915;0,053271767093846734;0;1,990684950214927E-09;2,232379614497404E-09;0;5,494868915434381E-08;1,0724772181447406E-08;
15;0;0,07317904545160303;0,06490776070440063;0;3,3972540336435486E-09;4,1724135257936723E-10;0;5,03951937957936E-08;1,979480757086094E-08;
16;0;0,07588532080108124;0,05261720845882678;0;8,767209180859936E-10;3,044142715680209E-10;0;5,000106995112219E-08;1,2913215385879084E-08;
17;0;0,07741735270666084;0,0429691738341198;0;1,6504699829056335E-09;8,277893925878743E-10;0;4,81568811494526E-08;1,4163795469812612E-08;
18;3,552713678800501E-15;0,06852317547163622;0,042807605312983554;0;3,595058473138124E-09;4,4160586298858107E-10;0;4,956257981802992E-08;1,3928303843613321E-08;
19;0;0,07960298200144322;0,052055794160704494;0;2,1347261736082146E-09;3,561666517271078E-10;0;6,055093493273489E-08;1,4525035396673047E-08;
20;0;0,05785894327877017;0,05563890718211795;0;1,7627357351557293E-09;1,0631246993852983E-09;0;4,7409628223249456E-08;1,2495664947209661E-08;
21;0;0,07189072237141403;0,04708392362064373;0;1,6419434700765123E-09;4,0404302126262337E-10;0;8,035751619672737E-08;1,4077055965344698E-08;
22;0;0,07104437022853816;0,052189535135102716;0;8,486544800234697E-10;5,001652425562497E-10;0;4,3421348294714335E-08;1,3491057160308628E-08;
23;0;0,06800115146378616;0,044874544154428264;0;8,851408495047508E-10;4,069455883382034E-10;0;4,461184488491199E-08;1,2956039796563346E-08;
24;0;0,07072845685240736;0,041842354741771004;0;1,0021281582339725E-09;4,760956073823763E-10;0;5,863422103402627E-08;1,4060855590969368E-08;
25;0;0,06923768040354616;0,053848852115180534;0;1,7967813903396745E-09;4,719353796645009E-10;0;4,97836438739796E-08;1,4789463875786169E-08;
26;0;0,06969597444719966;0,05307313549004178;0;1,5749286319532985E-09;2,4088109285003156E-10;0;9,17912359454931E-08;1,1524033283194512E-08;
27;0;0,06687176680238238;0,046144151661795973;0;1,324000464819619E-09;3,6290259686211357E-10;0;3,541183701827322E-08;1,203542865368945E-08;
28;0;0,07241856254668377;0,048732685883106086;0;1,4456915664595726E-09;4,652527252346772E-10;0;4,5697664319277465E-08;9,31549237748186E-09;
29;0;0,07092816446633066;0,04856519863001907;0;1,6409025249686238E-09;1,0346390411086759E-09;0;4,928961772066032E-08;1,4050385743757943E-08;
30;0;0,05998502897794822;0,04533955291286418;0;7,02318203593677E-10;3,8053826756367926E-10;0;4,678390297385704E-08;1,3058574666047207E-08;
31;0;0,05852060877080234;0,04773224320470604;0;1,33338673435901E-09;7,175842142714828E-10;0;5,5538794896392574E-08;1,0865139898896814E-08;
32;0;0,06957310393922711;0,04437704998229819;0;1,4084875488151738E-09;7,249241207318846E-10;0;5,415859405388801E-08;1,4397041780966902E-08;
33;0;0,07662900663230587;0,0430763985642173;0;9,451603943944065E-10;9,622489471894369E-10;0;4,6421924082551413E-08;1,0462443356118456E-08;
34;0;0,0687178559782069;0,05273666801253185;0;1,227071777520905E-09;3,6836667050010874E-10;0;4,179605284093668E-08;1,231884638741576E-08;
35;0;0,06801576354859762;0,04396772808399163;0;4,6436134937266615E-09;4,511093720793724E-10;0;4,976561029934601E-08;1,2846257391174731E-08;
36;0;0,06960412365488367;9,90225481217876;0;1,4711964979596814E-09;3,368256784597179E-10;0;5,0269544971115465E-08;1,5069367975684145E-08;
37;0;0,06481035064905427;0,0398281423137945;0;2,444686231228843E-09;5,00534724778845E-10;0;4,4473157601032653E-08;1,3465932369172151E-08;
38;0;0,06998830179787063;0,04756725826637265;0;1,6078587350421003E-09;4,916884677186317E-10;0;7,222916664773038E-08;1,1696815960249296E-08;
39;0;0,07184787186742625;0,052675734555890585;0;1,686487394181313E-09;8,520792960098333E-10;0;4,4843083912837756E-08;1,3562416967261015E-08;
40;0;0,05944014582843238;0,04816779275209626;0;1,4210534970970912E-09;7,02069513636161E-10;0;4,117984886420345E-08;1,5469932890255222E-08;
41;0;0,07184092685863064;0,05181796509944547;0;1,3723209235649847E-09;8,825793429423356E-10;0;4,818298293685075E-08;1,3186166825107648E-08;
42;3,552713678800501E-15;0,07214538162475037;0,061239933720838025;0;9,271445833292091E-10;8,230784942497849E-10;0;5,742394293406505E-08;1,761338808137225E-08;
43;0;0,06513001110712935;0,046641982109861146;0;2,094278528375071E-09;3,53100659822303E-10;0;3,882979271452314E-08;1,3244548568991377E-08;
44;0;0,08189305164809468;0,05360279140922586;0;1,3768186590823461E-09;5,670699465554208E-10;0;5,99731180273011E-08;1,1184042136846983E-08;
45;0;0,07292472848020637;0,04856970244240344;0;1,898282420143005E-09;4,163354105912731E-10;0;5,036234895783309E-08;1,4771469381003044E-08;
46;0;0,07479702108592434;0,0429200503890641;0;1,2598455612078396E-09;8,824159181131108E-10;0;4,995009916797244E-08;1,2244466773836393E-08;
47;0;0,07043287476488658;0,04869748453092981;0;1,2551524264381442E-09;4,0404657397630217E-10;0;4,1851631493727837E-08;1,1599134097650676E-08;
48;0;0,07236682989419663;0,058350032801694596;0;1,4205454590410227E-09;1,435338958799548E-09;0;6,059847379447092E-08;1,1423054502301966E-08;
49;3,552713678800501E-15;0,06650733770824502;0,04577806794938155;0;1,4337580012124818E-09;4,0945735690911533E-10;0;4,9084370346008654E-08;1,616519895719648E-08;
50;0;0,06471021242787955;0,05334331478175969;0;2,3886030930952984E-09;3,682210092392779E-10;0;5,893136645340746E-08;1,272343297387124E-08;











============================================================================
Função: beale
============================================================================
parameter;GEOreal1_M;GEOreal1_P;GEOreal1_A;GEOreal2_M_VO;GEOreal2_P_VO;GEOreal2_A_VO;GEOreal2_M_DS;GEOreal2_P_DS;GEOreal2_A_DS;
meanNFE;100000;100000;100000;100002;100002;100002;100001;100001;100001;
meanFX;0,0006372778621938907;0,03049991391633238;5,314370712771963E-06;0,7482491955897603;0,07618891712633741;0,015232188239370708;0,18764229428933393;1,0206612492397082E-08;1,6626120668061383E-07;
melhorFX;2,446711601987669E-05;1,4169553304710165E-07;1,0526130002182747E-07;1,7997919600454057E-22;9,380127462915698E-19;1,6383898465485896E-19;1,533491522633707E-11;1,1355509339147368E-10;4,745986667529278E-09;
piorFX;0,002303850923069681;0,7623451766296953;2,056276673340046E-05;9,382114632882939;0,7615832643561335;0,7615832643561337;9,382114633083544;8,036888229270873E-08;1,8349114920564786E-06;
medianFX;0,0005659342881852231;4,306183102507612E-06;3,5836016100073124E-06;8,766381944885043E-19;9,203463900175079E-15;4,809781238106752E-10;4,529439987354696E-10;3,594847615240286E-09;9,328142798447504E-08;
sdFX;0,0005550288829151327;0,15090045542553873;4,999876272715923E-06;2,2342505795264382;0,2307843823963346;0,10770406269781603;1,326831375549698;1,7592489062038936E-08;2,774327704243076E-07;
==========================================================
===> f(x) médio para cada NFE:
NFE;GEOreal1_M;GEOreal1_P;GEOreal1_A;GEOreal2_M_VO;GEOreal2_P_VO;GEOreal2_A_VO;GEOreal2_M_DS;GEOreal2_P_DS;GEOreal2_A_DS;
5;43,1887034863043;236,15349745850068;149,62845672224017;118,82040831704354;156,65494838061167;86,21249905342538;92,86661531484759;232,9366594122538;137,31029059523433;
50;1,1865503313527062;14,610090038193759;4,127764350074067;13,402854418449053;6,0071561011820584;6,88935053960231;6,6748149429712536;1,787872921030306;3,83108610443903;
100;0,4601962349151339;7,422866818334715;1,1578067989195198;5,5142889186661606;1,6062949718259847;1,8976616354312286;1,8599450022506816;0,9606081343289928;1,1976450789261988;
500;0,06790823047881131;0,7687986325120956;0,03589000690715771;0,6495859215527235;0,1004057347353183;0,10372140488145884;0,08380863884045661;0,01952895656850664;0,07029273016688942;
1000;0,04394623794177085;0,006913225463662027;0,0018105166310527544;0,14010814144454692;0,024746263049689927;0,030796176352538573;0,006124692947409545;0,004215672601564193;0,033527029603727866;
1500;0,028127969179402204;0,0007786001182863745;0,0010899634475172132;0,038817063414283544;0,007969398752748807;0,0134835419843728;0,001594427303530135;0,0007480164160698327;0,012156933189099446;
2000;0,019648280665457957;0,0006136275610012811;0,0005625955455468056;0,013669819796165406;0,0026943280625740815;0,005835452721211047;0,0005994271785558578;0,00039153551550517044;0,0027813156728284756;
2500;0,01599886399115532;0,0003375024721315277;0,0004209038106732503;0,005505537723215231;0,0010382657279284237;0,002911526808859685;0,0004753226252384577;0,0001542993072449791;0,0023182797461369095;
3000;0,014342766748181005;0,00032251698586720814;0,00036628028832264177;0,002265120669776174;0,0004648229321523978;0,0014123382733670082;0,0001286928713235377;0,0001067054474844163;0,001323722249406324;
3500;0,01014094532296837;0,0002531499518544667;0,00033123532360856533;0,0005755320781654159;0,00019976535603792963;0,0009939794044221916;4,7353913036232156E-05;3,9955252478008E-05;0,000742014367454072;
4000;0,009083522817971595;0,0002531499518544667;0,0003158142992685575;0,00021538483576033618;9,528383697741022E-05;0,0005155618641979171;2,401542607683284E-05;2,4958542672419328E-05;0,00035555344506763313;
4500;0,008719453849446649;0,00021121563776048234;0,00020109850161750942;0,00011003608223380032;4,651224652742565E-05;0,0002697244050937906;2,059733830561931E-05;1,1512909561185261E-05;0,00021118874085246237;
5000;0,006617128250620559;0,00021121563776048234;0,00018373890881470724;4,5206582124520605E-05;2,3084121148398714E-05;0,0001197688082245117;7,157754606225207E-06;6,580424966610754E-06;0,00018608267673318285;
6000;0,004860852408662805;0,00015972450524441703;0,00015532488705480472;1,0705611246778815E-05;4,455519284818077E-06;4,902652627277143E-05;1,64904430833212E-06;1,834845533996068E-06;0,0001465059772514239;
7000;0,004475231743701996;0,0001282736311502984;0,00011844770536809028;2,304974356336349E-06;1,96400164995077E-06;3,145479723048724E-05;3,3644836978663715E-07;1,0863112973099987E-06;5,8095071639724025E-05;
8000;0,003875295195108128;0,00012232451327132864;0,00011844770536809028;5,138140776024816E-07;6,3360746311431E-07;1,1147014930766566E-05;1,8123417439846565E-07;4,574862167657154E-07;5,0673002199931224E-05;
9000;0,003875295195108128;0,00010144647915276783;0,00010682961394113644;2,147457438472482E-07;2,2543764695012943E-07;4,9502760745579864E-06;7,052929658133617E-08;4,2598246184956964E-07;3,25669428682812E-05;
10000;0,00354920934329913;9,547133439383256E-05;9,686040810188951E-05;1,0167829377993421E-07;1,0481481731305605E-07;4,512059963641405E-06;3,902448540632932E-08;3,406702968223768E-07;1,9098686391413717E-05;
12000;0,00347284819629122;5,178677935132511E-05;6,626499019810906E-05;1,0359767453908866E-08;2,664046338456233E-08;2,5627811149929443E-06;1,4934362007689725E-08;1,3689116629462236E-07;4,985633481123708E-06;
14000;0,0022760364360877444;5,178677935132511E-05;6,626499019810906E-05;6,075370507421248E-10;5,2107760434416274E-09;2,4036402327346914E-06;1,092004139176511E-08;8,207314534827397E-08;3,2003045729880467E-06;
16000;0,0022760364360877444;3,440444648355722E-05;6,372813075479664E-05;1,7991187612954824E-10;7,844933771143935E-10;1,5500070599381373E-06;8,469587262604106E-09;6,549926957795463E-08;2,1279522369551768E-06;
18000;0,00169432191944506;3,063004763627341E-05;5,995193623336759E-05;2,4052367912826938E-11;1,6990676190809304E-10;1,1314498423437658E-06;4,684127208516412E-09;5,7193556253357454E-08;1,7238957916579549E-06;
20000;0,0016793836019185534;2,8173852546566685E-05;5,46798712818443E-05;6,617725914028081E-12;5,851409017441241E-11;4,606962943698663E-07;2,7328139710566934E-09;5,251002179790964E-08;1,435534311324692E-06;
25000;0,001183791863590679;2,4033692235706546E-05;3,227886023665706E-05;6,377594792460815E-14;8,078247753539474E-12;1,7206388940651614E-07;2,0299260035095406E-09;5,251002179790964E-08;7,326105904769255E-07;
30000;0,001183791863590679;2,0589328742142336E-05;2,048039836227311E-05;2,260933969858323E-15;2,9815631737074668E-12;7,083540669073729E-08;1,979735850835103E-09;4,935080254733743E-08;4,835319249117809E-07;
35000;0,0009761829138450965;1,2133511394078923E-05;1,6835455019973903E-05;4,2730371186171966E-16;1,1238351363579796E-12;4,968414413873431E-08;1,7461563449414313E-09;3,725599175072582E-08;3,55283812899907E-07;
40000;0,0009065993662439372;1,0666257293853682E-05;1,2716524709246296E-05;2,752664231836226E-16;8,384041363320465E-13;3,42365562634895E-08;1,5545828587481634E-09;2,3030059900311886E-08;2,4865289799279945E-07;
45000;0,0009065993662439372;1,0121955362344014E-05;1,2321888030723578E-05;1,2134937917902383E-16;2,1915871222541098E-13;8,593554784025016E-09;1,2435451529485403E-09;1,9398951263187147E-08;2,327982459509793E-07;
50000;0,0007073291455659701;1,0121955362344014E-05;1,1568584596233108E-05;9,169069298361733E-17;1,5521806063741354E-13;3,5689945360255606E-09;8,74210902860091E-10;1,5076299110685178E-08;2,2976634493808682E-07;
55000;0,000603333812904387;9,939811740831248E-06;1,1021212914192255E-05;1,5604253772723485E-17;6,033817663984334E-14;3,0046649773597202E-09;8,355542405639427E-10;1,4597932060473273E-08;2,2381042327705991E-07;
60000;0,0005892427452680866;9,375126983681007E-06;9,11065943776793E-06;8,343586416404803E-18;3,175537380583191E-14;2,086842381117644E-09;6,664939688607494E-10;6,997063710291181E-09;2,1655713096808057E-07;
65000;0,0005892427452680866;9,375126983681007E-06;7,4985912530178334E-06;5,272346462397662E-18;2,602717662339595E-14;8,890023870884313E-10;5,744245453373585E-10;6,5239581340583115E-09;1,4593272315935801E-07;
70000;0,0005892427452680866;6,422717674952451E-06;6,562311880941138E-06;4,575219409989312E-18;2,5637061372756462E-14;7,438063126251619E-10;5,288434245478119E-10;6,128378134433057E-09;1,4490719489755465E-07;
75000;0,0005698476446304706;5,824745572071969E-06;5,698601049262093E-06;4,575219409989312E-18;2,2326936677094014E-14;5,693986868465491E-10;4,90517731461341E-10;4,690669226881816E-09;1,1888515160380292E-07;
80000;0,0005694411255168071;5,682574628019441E-06;3,925543015703652E-06;3,3668688512880358E-18;1,5034117933591007E-14;5,21949348521475E-10;4,90517731461341E-10;4,197562339264531E-09;1,1108355088345518E-07;
85000;0,0005676224363645134;5,682574628019441E-06;3,925543015703652E-06;3,191415630552855E-18;1,0857126617854177E-14;5,21949348521475E-10;4,90517731461341E-10;4,020627637896696E-09;1,053214073023344E-07;
90000;0,0005676224363645134;5,044496142593934E-06;3,6972420658655342E-06;1,8695841328148127E-18;7,926504934893694E-15;4,820082474691914E-10;4,677199844384739E-10;3,951083175805225E-09;1,053214073023344E-07;
95000;0,0005521461328713531;4,38649539896968E-06;3,6972420658655342E-06;1,2145017853640915E-18;7,926504934893694E-15;4,820082474691914E-10;3,9250528998874107E-10;3,951083175805225E-09;1,053214073023344E-07;
100000;0,0005521461328713531;4,245422606749288E-06;3,3933213672210767E-06;7,579260587522502E-19;7,926504934893694E-15;4,477258006260429E-10;3,9250528998874107E-10;3,457412787006809E-09;8,817632249986015E-08;

==========================================================
===> Melhores f(x) para cada execução:
execucao;GEOreal1_M;GEOreal1_P;GEOreal1_A;GEOreal2_M_VO;GEOreal2_P_VO;GEOreal2_A_VO;GEOreal2_M_DS;GEOreal2_P_DS;GEOreal2_A_DS;
1;0,000500527040414505;2,742526646331364E-06;8,194470445526434E-07;2,7711069994954313E-21;3,7203894936144196E-16;3,27578310951549E-12;6,014639642545425E-10;2,2355214742302216E-08;1,3072885889085252E-07;
2;3,426877762874185E-05;7,278712614678485E-06;1,2882832869056909E-05;6,274797493861838E-16;1,6466454084718542E-15;6,110910106223466E-10;1,956584136825096E-11;3,7013384257943352E-09;2,3636009801112164E-07;
3;0,000538357977557483;4,4346393383087215E-06;1,2051666558829575E-06;6,290402221068455E-19;5,2257548438454366E-12;8,954670853075489E-11;8,356430763230185E-10;5,1816508449799676E-08;1,8349114920564786E-06;
4;0,0003555157613064104;4,157582124033151E-05;2,4279851794147654E-06;1,253927523084514E-18;5,928440409236148E-16;8,970008954062798E-11;4,699851130644644E-09;3,334947104861498E-10;1,2158327990349398E-07;
5;0,0005693105845438035;3,3375231776054824E-06;3,7050794748322706E-06;1,4539053932097997E-17;1,6342855777941743E-16;3,4228528678855466E-08;8,604937639338338E-10;7,19567254491403E-10;9,933626344782839E-09;
6;0,00017896438365289942;6,194040324415527E-06;2,4181574721563787E-06;8,766381944885043E-19;9,608349493510794E-19;4,871039382238361E-11;6,337004071849707E-10;1,3543227228767225E-09;3,295205428469538E-08;
7;0,000610985874425273;2,870159769849565E-06;1,0082077579730466E-05;1,175076047643669E-18;1,9937002865839136E-15;3,2869323498238E-11;4,7767992082737323E-11;9,871857275793399E-10;1,0466273614187033E-07;
8;0,00016468505712412626;1,292170503245146E-05;1,8765858877490045E-06;4,698292111164809E-21;2,1175810946116164E-15;6,555483336160177E-11;1,120977530449409E-10;1,984404385227155E-09;2,132044447069458E-08;
9;0,0005864567922717566;5,957646277608356E-06;6,637314693523611E-06;6,4259536467395144E-21;1,940461830908097E-15;1,2441241755421045E-07;6,378826451261145E-11;1,1355509339147368E-10;1,611365874278635E-07;
10;5,2885012806846484E-05;2,8616612383529186E-05;2,777462063834672E-06;5,390504867929531E-20;2,6812187922043046E-07;8,825811096890009E-11;1,3218048412618604E-10;1,7687810904721339E-09;8,105368737133743E-08;
11;0,00012720432236054582;3,6962892631459264E-05;1,7042388202110547E-05;0,7615832643561332;1,772785370950219E-13;4,888374304322209E-10;3,427191657700948E-08;1,4412148574793442E-08;1,339172099792971E-08;
12;0,0009041113210362709;2,3425260059085283E-05;1,1306883494190343E-05;1,7997919600454057E-22;9,181235315968235E-13;1,0647881393941272E-08;1,9962285018272932E-10;2,56796968401878E-09;1,459236211957708E-07;
13;0,0001143319009436433;9,204740652260196E-07;2,259210655099077E-06;1,0909403446004387E-19;0,7615832643561333;8,330215053549891E-12;5,398044102781083E-10;3,965175847358151E-09;2,339959071063985E-07;
14;0,0005920286982644168;7,011140444620313E-07;6,111996838362613E-06;4,0088547607589723E-19;1,3457584719208308E-15;1,5758680613095393E-09;3,3206658124201256E-10;8,036888229270873E-08;2,196887414735064E-07;
15;0,0015116344105210798;1,2294249342354203E-05;1,0526130002182747E-07;4,68214253432269E-21;5,5927393611169375E-15;2,246031775846692E-09;6,992875305365281E-10;1,5368882675217256E-08;1,5169362922488073E-08;
16;0,0007372253431424194;6,868200596703936E-06;1,1026315983407013E-06;0,7615832643561333;1,2510789335533276E-14;2,1276832130064663E-12;5,791460157356291E-10;4,1253313825420085E-09;4,9544506540439776E-08;
17;0,0021666210409078896;1,5012214332508578E-06;7,585278533147731E-06;0,7615832643561334;1,540015887565856E-13;4,13503588679603E-09;1,3727517067682242E-09;1,1005158141157666E-09;1,0016321452237611E-07;
18;0,0005659342881852231;1,5853188925485451E-06;6,2744772549973894E-06;1,4000127013210352E-17;0,7615832643561335;5,128967809123018E-10;8,016977629001282E-10;2,776560323896371E-09;9,875804720880021E-08;
19;0,00039269858023086024;1,9610751701940185E-06;2,056276673340046E-05;1,4906477032506604E-19;3,111650998487087E-14;1,5501865828870362E-12;5,697030749390879E-10;1,657483192667563E-08;1,2528244018724993E-08;
20;2,446711601987669E-05;4,184662110990964E-06;2,562555365547915E-06;1,2812947934628602E-19;7,438200367710715E-17;1,8574754595437804E-10;4,529439987354696E-10;1,9031447752370476E-09;1,4917402024442195E-07;
21;0,0001727360524800133;9,139637410344927E-07;4,451787937771887E-06;4,928267397679408E-20;9,305717042126755E-11;5,058006090883035E-08;2,1884856091113006E-08;2,638259312061664E-09;3,1810226206338715E-07;
22;0,0005701236227711304;1,1295197127114536E-06;1,330759477199148E-05;1,612682779881779E-16;2,9890889106327304E-18;1,8688759635484394E-12;7,743491220614254E-10;1,13101845752359E-08;3,2155265021414774E-08;
23;0,0003157634077789445;1,0377884188164302E-06;3,6894046568987982E-06;6,392139230159962E-19;2,7170269270560145E-15;4,1447347744141054E-10;4,89210543082845E-11;1,5907058864036644E-08;2,3695017255949345E-07;
24;0,00011215367312675581;4,0700817714359165E-06;8,512037858219827E-06;2,9112000789492244E-20;3,472669009506356E-18;1,456117044766929E-10;3,0174157247204756E-10;8,372979861643397E-09;9,328142798447504E-08;
25;0,0002933165569159197;1,9904479960796673E-06;7,237702596156123E-06;3,434056887897208E-19;6,64954596961231E-15;2,0916410814133004E-07;3,245374212831672E-10;8,355180366721794E-10;3,7296248309317683E-08;
26;0,0006391279068132062;5,59197843573946E-06;2,4405706624726343E-06;9,382114632882939;2,681221617841509E-14;4,2908496247357116E-12;3,4898028659130925E-11;5,5575303812347286E-08;3,384392727134055E-07;
27;0,0003234658767577038;0,7623451766296953;5,195664985958366E-07;0,7615832643561332;1,843200078457147E-13;1,6383898465485896E-19;8,35465404804867E-10;1,883236919454247E-09;4,1116336125303976E-07;
28;0,002303850923069681;1,8306286589587186E-05;7,536932495235126E-06;1,7123697702711314E-20;1,730320221035509E-16;1,5715591175746476E-12;8,425950218828491E-10;2,348293554531407E-09;1,9374881666185478E-07;
29;0,0011803677780682338;3,1741438925888696E-07;3,047358701174224E-06;1,6502830816230623;1,2027215215988375E-15;2,0552363366260523E-07;4,515051373081974E-11;2,653441649006922E-09;7,663936293045923E-08;
30;6,045853568607541E-05;2,506970094256576E-06;1,1358039448083775E-05;2,1460031511453035E-20;9,380127462915698E-19;8,805545278272862E-09;1,5894512114910396E-10;3,594847615240286E-09;1,491764401309176E-08;
31;0,00018860350271471504;1,0063989924345646E-05;7,499579349787571E-06;1,0826075865033014E-15;5,098795913790841E-16;4,809781238106752E-10;2,513213833154673E-10;3,319977958773332E-09;1,991765084461568E-08;
32;0,0013155578164257596;1,3903770282483484E-05;4,146006556575033E-06;2,3119193276098163E-20;1,2657269373854083E-14;7,415152442180175E-11;1,399881536977725E-10;1,900722952763349E-09;3,9285669908738744E-08;
33;0,00030283390234596386;2,295871726972373E-06;1,7594947985207036E-06;1,5565480006845042E-07;0,7615832643561332;1,7913431830879892E-12;2,0834383745762415E-09;3,966747995927061E-10;4,347156797131821E-08;
34;0,0011007505464166107;8,934620410045166E-06;1,574730478224581E-05;0,7615832643561334;9,203463900175079E-15;1,8187263845199653E-12;4,781176520819985E-10;2,1687451123973062E-09;3,56081238902229E-08;
35;0,0010131209756466435;2,8250619531694017E-06;1,2460553860550779E-05;1,606655221457971E-20;8,503403005686814E-10;3,371548480918443E-11;1,96441930430046E-10;1,0115414890627974E-09;1,7658117901819676E-08;
36;0,0010495527838598408;4,497013849448407E-06;3,4753657150700105E-07;1,8040581045520683E-21;2,539974166051073E-13;4,830383711277075E-10;4,932794578161506E-10;7,344410169868347E-08;3,4635978827513135E-07;
37;0,00040446825858537447;1,169000114943377E-06;7,451627899861265E-07;0,7615832643561332;0,7615832643561332;6,077954575624503E-10;1,0656111114848973E-09;1,0972311595701702E-08;4,4138635109019335E-07;
38;7,508119029968644E-05;1,512305529413574E-05;5,561300026270946E-07;7,421940774946066E-21;1,4103117103237682E-10;4,510110295660617E-11;7,825300298138274E-10;1,8311870521917975E-09;1,4584104978289586E-07;
39;0,0005695716664898107;1,4169553304710165E-07;3,2030411244348406E-06;0,7615832643561334;1,6493041829673145E-13;9,968499670360714E-06;9,382114633083544;1,804446159369781E-08;1,0598007846279848E-07;
40;0,0018983537228414388;1,2727898194524038E-06;6,319582758807842E-07;4,264893121715233E-20;1,4550570297809562E-13;3,963647303076714E-09;1,506927030143255E-10;2,983035245472998E-09;2,400112139085739E-08;
41;0,0015216319619757112;1,3591105842476548E-06;1,2797754323468187E-05;0,7615832643561333;1,2802412603515551E-15;6,218918181679703E-10;1,5592785383473542E-11;1,9134619568159144E-09;8,307121701524525E-08;
42;0,0007346666914524098;0,7623112800927254;7,460250010800541E-06;0,7615832643561332;0,001529265256646641;0,7615832643561337;3,6895027599941285E-11;6,689881341173002E-09;2,5434538945264755E-08;
43;0,001133611521155068;5,691844866535582E-06;6,915886748854254E-07;2,0279186848857117E-19;2,6842319998001483E-17;1,5501591005716818E-05;6,575172524489712E-11;4,269793295987053E-09;6,966457052132016E-08;
44;0,00012949840271758104;9,330820927201096E-07;4,808688234751513E-07;9,382114632882939;0,7615832643561335;2,4189354614683902E-11;4,5732231679494926E-10;9,824104124797258E-09;4,745986667529278E-09;
45;0,0009752287239671301;4,466807695431749E-06;1,5495086496962601E-06;2,0303905119481308E-20;3,2543906956098166E-15;2,9150719052992033E-09;1,3940109014695911E-09;7,3042460794093606E-09;2,296012883123131E-07;
46;0,0009085076015603433;1,0217978243793834E-05;1,9408203634913663E-06;9,382114632882939;4,032694090976922E-15;5,310019161306481E-10;2,0435960053998152E-10;1,3082919203341247E-08;6,399677518819202E-08;
47;0,001106520018770241;7,817093279009361E-07;3,5836016100073124E-06;5,1965735673492205E-18;2,66289005667302E-13;2,118194451798153E-12;1,533491522633707E-11;5,62223874154951E-09;3,4918261722085055E-08;
48;0,00023713208732839683;2,558661562056496E-06;3,1157806659579256E-06;2,717231822119985E-18;2,473280485068641E-15;4,1185026142052786E-11;3,0937604904457346E-10;6,358034926943621E-09;3,987492100134818E-08;
49;0,0003720788738446995;4,306183102507612E-06;4,582235992322391E-06;1,5015638746674993E-19;1,3955041742248912E-15;1,0367286020978082E-09;6,59291936168674E-11;6,647001945093404E-10;6,611938181211577E-07;
50;0,00012754424448537503;6,498541514889974E-06;5,728038898259217E-07;0,7615832643561334;6,562739111900758E-11;1,254207757669475E-08;1,002074959031408E-10;5,111545157776578E-09;3,553753523736587E-07;



Execution Time: 559.806 s
