




============================================================================
O que irá executar a seguir: executar_algoritmos
============================================================================













============================================================================
Função: CEC2017_01
============================================================================
parameter;AGEO2;AGEO2var_5;AGEO2real2_AA3;
meanNFE;3,00E+5;3,00E+5;3,00E+5;
meanFX;4,22E+9;1,31E+9;2,13E+4;
melhorFX;1,24E+9;2,42E+8;1,40E-3;
piorFX;1,26E+10;2,82E+9;3,90E+5;
medianFX;3,92E+9;1,25E+9;4,20E+3;
sdFX;2,05E+9;6,52E+8;5,83E+4;










============================================================================
Função: CEC2017_03
============================================================================
parameter;AGEO2;AGEO2var_5;AGEO2real2_AA3;
meanNFE;3,00E+5;3,00E+5;3,00E+5;
meanFX;1,95E+5;1,65E+5;3,38E+6;
melhorFX;8,92E+4;9,34E+4;1,79E+5;
piorFX;3,06E+5;2,57E+5;2,04E+7;
medianFX;1,93E+5;1,64E+5;9,46E+5;
sdFX;4,89E+4;3,33E+4;5,31E+6;










============================================================================
Função: CEC2017_04
============================================================================
parameter;AGEO2;AGEO2var_5;AGEO2real2_AA3;
meanNFE;3,00E+5;3,00E+5;3,00E+5;
meanFX;3,80E+2;1,88E+2;4,72E+1;
melhorFX;1,21E+2;1,15E+2;1,25E-1;
piorFX;8,80E+2;3,45E+2;1,16E+2;
medianFX;3,42E+2;1,85E+2;6,32E+1;
sdFX;1,60E+2;4,08E+1;3,58E+1;










============================================================================
Função: CEC2017_05
============================================================================
parameter;AGEO2;AGEO2var_5;AGEO2real2_AA3;
meanNFE;3,00E+5;3,00E+5;3,00E+5;
meanFX;1,53E+2;9,55E+1;1,54E+2;
melhorFX;7,60E+1;6,14E+1;6,47E+1;
piorFX;2,46E+2;1,21E+2;3,06E+2;
medianFX;1,50E+2;9,62E+1;1,53E+2;
sdFX;3,51E+1;1,14E+1;4,42E+1;










============================================================================
Função: CEC2017_06
============================================================================
parameter;AGEO2;AGEO2var_5;AGEO2real2_AA3;
meanNFE;3,00E+5;3,00E+5;3,00E+5;
meanFX;1,06E+1;2,97E+0;5,93E-7;
melhorFX;4,43E+0;1,35E+0;5,23E-7;
piorFX;2,06E+1;5,42E+0;6,45E-7;
medianFX;1,04E+1;2,85E+0;5,92E-7;
sdFX;3,87E+0;9,09E-1;2,75E-8;










============================================================================
Função: CEC2017_07
============================================================================
parameter;AGEO2;AGEO2var_5;AGEO2real2_AA3;
meanNFE;3,00E+5;3,00E+5;3,00E+5;
meanFX;2,80E+2;1,87E+2;1,75E+2;
melhorFX;1,63E+2;1,30E+2;1,10E+2;
piorFX;4,31E+2;2,48E+2;2,64E+2;
medianFX;2,77E+2;1,86E+2;1,70E+2;
sdFX;6,69E+1;2,40E+1;3,77E+1;










============================================================================
Função: CEC2017_08
============================================================================
parameter;AGEO2;AGEO2var_5;AGEO2real2_AA3;
meanNFE;3,00E+5;3,00E+5;3,00E+5;
meanFX;1,51E+2;9,83E+1;1,71E+2;
melhorFX;9,25E+1;7,32E+1;7,86E+1;
piorFX;2,23E+2;1,24E+2;3,16E+2;
medianFX;1,50E+2;9,76E+1;1,67E+2;
sdFX;3,00E+1;1,28E+1;4,63E+1;










============================================================================
Função: CEC2017_09
============================================================================
parameter;AGEO2;AGEO2var_5;AGEO2real2_AA3;
meanNFE;3,00E+5;3,00E+5;3,00E+5;
meanFX;6,08E+3;3,80E+2;4,98E+3;
melhorFX;1,78E+3;1,01E+2;5,29E+2;
piorFX;1,44E+4;7,45E+2;2,01E+4;
medianFX;5,38E+3;3,16E+2;4,44E+3;
sdFX;2,44E+3;1,63E+2;3,88E+3;










============================================================================
Função: CEC2017_10
============================================================================
parameter;AGEO2;AGEO2var_5;AGEO2real2_AA3;
meanNFE;3,00E+5;3,00E+5;3,00E+5;
meanFX;3,63E+3;3,52E+3;3,44E+3;
melhorFX;2,50E+3;2,18E+3;1,88E+3;
piorFX;4,57E+3;4,41E+3;4,63E+3;
medianFX;3,61E+3;3,61E+3;3,56E+3;
sdFX;4,88E+2;4,71E+2;6,22E+2;










============================================================================
Função: CEC2017_11
============================================================================
parameter;AGEO2;AGEO2var_5;AGEO2real2_AA3;
meanNFE;3,00E+5;3,00E+5;3,00E+5;
meanFX;1,19E+4;3,15E+3;1,17E+2;
melhorFX;1,07E+3;7,48E+2;3,59E+1;
piorFX;2,97E+4;6,89E+3;2,92E+2;
medianFX;1,16E+4;3,42E+3;1,09E+2;
sdFX;8,25E+3;1,25E+3;6,07E+1;










============================================================================
Função: CEC2017_12
============================================================================
parameter;AGEO2;AGEO2var_5;AGEO2real2_AA3;
meanNFE;3,00E+5;3,00E+5;3,00E+5;
meanFX;6,58E+8;1,48E+8;1,95E+7;
melhorFX;4,68E+7;6,41E+7;1,54E+6;
piorFX;3,39E+9;3,75E+8;9,14E+7;
medianFX;4,34E+8;1,38E+8;1,32E+7;
sdFX;6,91E+8;5,90E+7;1,94E+7;










============================================================================
Função: CEC2017_13
============================================================================
parameter;AGEO2;AGEO2var_5;AGEO2real2_AA3;
meanNFE;3,00E+5;3,00E+5;3,00E+5;
meanFX;1,52E+9;3,54E+7;6,95E+4;
melhorFX;9,32E+6;2,30E+6;1,25E+2;
piorFX;7,28E+9;1,39E+8;1,31E+6;
medianFX;7,32E+8;2,75E+7;2,98E+4;
sdFX;1,72E+9;3,56E+7;1,83E+5;










============================================================================
Função: CEC2017_14
============================================================================
parameter;AGEO2;AGEO2var_5;AGEO2real2_AA3;
meanNFE;3,00E+5;3,00E+5;3,00E+5;
meanFX;9,11E+6;1,38E+6;1,46E+6;
melhorFX;1,13E+5;3,27E+5;8,77E+3;
piorFX;6,13E+7;4,01E+6;8,53E+6;
medianFX;3,91E+6;1,22E+6;5,58E+5;
sdFX;1,13E+7;8,24E+5;2,18E+6;










============================================================================
Função: CEC2017_15
============================================================================
parameter;AGEO2;AGEO2var_5;AGEO2real2_AA3;
meanNFE;3,00E+5;3,00E+5;3,00E+5;
meanFX;4,14E+8;4,69E+6;3,74E+4;
melhorFX;1,58E+4;6,70E+3;5,40E+1;
piorFX;3,63E+9;8,47E+7;5,02E+5;
medianFX;1,08E+8;6,36E+5;8,40E+3;
sdFX;7,91E+8;1,31E+7;8,65E+4;










============================================================================
Função: CEC2017_16
============================================================================
parameter;AGEO2;AGEO2var_5;AGEO2real2_AA3;
meanNFE;3,00E+5;3,00E+5;3,00E+5;
meanFX;1,46E+3;1,04E+3;1,39E+3;
melhorFX;6,46E+2;5,39E+2;4,62E+2;
piorFX;1,94E+3;1,58E+3;2,18E+3;
medianFX;1,43E+3;1,03E+3;1,40E+3;
sdFX;2,42E+2;2,27E+2;3,90E+2;










============================================================================
Função: CEC2017_17
============================================================================
parameter;AGEO2;AGEO2var_5;AGEO2real2_AA3;
meanNFE;3,00E+5;3,00E+5;3,00E+5;
meanFX;8,01E+2;3,80E+2;8,15E+2;
melhorFX;2,28E+2;8,82E+1;3,26E+2;
piorFX;1,54E+3;6,43E+2;1,30E+3;
medianFX;7,70E+2;4,06E+2;7,84E+2;
sdFX;2,69E+2;1,51E+2;2,64E+2;










============================================================================
Função: CEC2017_18
============================================================================
parameter;AGEO2;AGEO2var_5;AGEO2real2_AA3;
meanNFE;3,00E+5;3,00E+5;3,00E+5;
meanFX;1,10E+7;9,28E+6;4,94E+6;
melhorFX;2,06E+5;1,33E+6;2,95E+5;
piorFX;7,21E+7;2,55E+7;2,20E+7;
medianFX;4,16E+6;6,72E+6;3,77E+6;
sdFX;1,49E+7;6,50E+6;4,81E+6;










============================================================================
Função: CEC2017_19
============================================================================
parameter;AGEO2;AGEO2var_5;AGEO2real2_AA3;
meanNFE;3,00E+5;3,00E+5;3,00E+5;
meanFX;3,65E+8;1,19E+7;2,43E+4;
melhorFX;7,53E+3;2,12E+4;3,13E+1;
piorFX;2,48E+9;1,40E+8;2,09E+5;
medianFX;1,43E+8;1,68E+6;8,98E+3;
sdFX;5,13E+8;2,64E+7;3,84E+4;










============================================================================
Função: CEC2017_20
============================================================================
parameter;AGEO2;AGEO2var_5;AGEO2real2_AA3;
meanNFE;3,00E+5;3,00E+5;3,00E+5;
meanFX;7,50E+2;4,23E+2;8,36E+2;
melhorFX;3,55E+2;7,19E+1;2,57E+2;
piorFX;1,29E+3;6,74E+2;1,53E+3;
medianFX;7,26E+2;4,41E+2;8,56E+2;
sdFX;2,14E+2;1,39E+2;2,72E+2;










============================================================================
Função: CEC2017_21
============================================================================
parameter;AGEO2;AGEO2var_5;AGEO2real2_AA3;
meanNFE;3,00E+5;3,00E+5;3,00E+5;
meanFX;3,46E+2;3,00E+2;3,60E+2;
melhorFX;2,71E+2;2,74E+2;2,98E+2;
piorFX;4,23E+2;3,31E+2;4,55E+2;
medianFX;3,43E+2;2,98E+2;3,57E+2;
sdFX;2,92E+1;1,36E+1;4,29E+1;










============================================================================
Função: CEC2017_22
============================================================================
parameter;AGEO2;AGEO2var_5;AGEO2real2_AA3;
meanNFE;3,00E+5;3,00E+5;3,00E+5;
meanFX;4,01E+3;4,40E+2;4,21E+3;
melhorFX;5,02E+2;1,68E+2;1,00E+2;
piorFX;5,71E+3;4,60E+3;5,57E+3;
medianFX;4,06E+3;2,77E+2;4,28E+3;
sdFX;9,53E+2;8,02E+2;8,77E+2;










============================================================================
Função: CEC2017_23
============================================================================
parameter;AGEO2;AGEO2var_5;AGEO2real2_AA3;
meanNFE;3,00E+5;3,00E+5;3,00E+5;
meanFX;5,08E+2;4,42E+2;5,17E+2;
melhorFX;3,82E+2;3,63E+2;4,44E+2;
piorFX;5,84E+2;4,76E+2;6,21E+2;
medianFX;5,05E+2;4,44E+2;5,11E+2;
sdFX;4,42E+1;1,84E+1;4,07E+1;










============================================================================
Função: CEC2017_24
============================================================================
parameter;AGEO2;AGEO2var_5;AGEO2real2_AA3;
meanNFE;3,00E+5;3,00E+5;3,00E+5;
meanFX;7,21E+2;5,92E+2;6,25E+2;
melhorFX;6,05E+2;5,06E+2;5,12E+2;
piorFX;9,74E+2;6,78E+2;8,33E+2;
medianFX;7,20E+2;5,89E+2;6,09E+2;
sdFX;7,52E+1;4,05E+1;7,58E+1;










============================================================================
Função: CEC2017_25
============================================================================
parameter;AGEO2;AGEO2var_5;AGEO2real2_AA3;
meanNFE;3,00E+5;3,00E+5;3,00E+5;
meanFX;6,74E+2;4,91E+2;3,94E+2;
melhorFX;4,64E+2;4,42E+2;3,84E+2;
piorFX;1,23E+3;5,67E+2;4,28E+2;
medianFX;6,30E+2;4,89E+2;3,89E+2;
sdFX;1,72E+2;2,56E+1;1,24E+1;










============================================================================
Função: CEC2017_26
============================================================================
parameter;AGEO2;AGEO2var_5;AGEO2real2_AA3;
meanNFE;3,00E+5;3,00E+5;3,00E+5;
meanFX;2,59E+3;2,09E+3;3,08E+3;
melhorFX;1,04E+3;8,65E+2;3,00E+2;
piorFX;4,17E+3;2,47E+3;5,02E+3;
medianFX;2,72E+3;2,12E+3;3,09E+3;
sdFX;7,99E+2;2,39E+2;8,23E+2;










============================================================================
Função: CEC2017_27
============================================================================
parameter;AGEO2;AGEO2var_5;AGEO2real2_AA3;
meanNFE;3,00E+5;3,00E+5;3,00E+5;
meanFX;5,78E+2;5,51E+2;5,48E+2;
melhorFX;5,17E+2;5,11E+2;5,15E+2;
piorFX;6,54E+2;5,81E+2;6,03E+2;
medianFX;5,76E+2;5,54E+2;5,42E+2;
sdFX;3,15E+1;1,45E+1;2,13E+1;










============================================================================
Função: CEC2017_28
============================================================================
parameter;AGEO2;AGEO2var_5;AGEO2real2_AA3;
meanNFE;3,00E+5;3,00E+5;3,00E+5;
meanFX;8,84E+2;5,92E+2;3,42E+2;
melhorFX;5,71E+2;5,17E+2;3,00E+2;
piorFX;1,92E+3;6,71E+2;4,62E+2;
medianFX;8,38E+2;5,92E+2;3,00E+2;
sdFX;2,53E+2;3,46E+1;5,94E+1;










============================================================================
Função: CEC2017_29
============================================================================
parameter;AGEO2;AGEO2var_5;AGEO2real2_AA3;
meanNFE;3,00E+5;3,00E+5;3,00E+5;
meanFX;1,10E+3;1,17E+3;1,09E+3;
melhorFX;6,06E+2;6,43E+2;4,57E+2;
piorFX;1,74E+3;1,72E+3;1,77E+3;
medianFX;1,10E+3;1,21E+3;1,07E+3;
sdFX;2,71E+2;2,66E+2;2,58E+2;










============================================================================
Função: CEC2017_30
============================================================================
parameter;AGEO2;AGEO2var_5;AGEO2real2_AA3;
meanNFE;3,00E+5;3,00E+5;3,00E+5;
meanFX;8,08E+7;2,54E+6;1,95E+4;
melhorFX;2,17E+4;4,27E+4;2,32E+3;
piorFX;5,33E+8;3,61E+7;1,21E+5;
medianFX;4,81E+7;7,23E+5;1,38E+4;
sdFX;9,76E+7;6,07E+6;2,40E+4;


Execution Time: 44586.782 s
