============================================================================
Função: Griewangk
============================================================================
=====================================================
P = 4 | std1 = 10 | s = 10

1...2...3...4...5...6...7...8...9...10...11...12...13...14...15...16...17...18...19...20...21...22...23...24...25...26...27...28...29...30...31...32...33...34...35...36...37...38...39...40...
==========================================================
parameter;ASGEO2real2_1;
meanNFE;100036;
meanFX;0,0267026750520998;
sdFX;0,013119118291663396;

==========================================================
===> Médias para cada NFOB:
NFOB;ASGEO2real2_1;
500;128,43520483219498;
1000;27,529853831075464;
1500;4,139421119805692;
2000;0,9821892488236678;
2500;0,31240941787935367;
3000;0,20395116534048024;
3500;0,16094582504011976;
4000;0,12397585054656583;
4500;0,10689143078686343;
5000;0,1010131466740711;
5500;0,08928343879183728;
6000;0,08533874177617698;
6500;0,08348186051936406;
7000;0,08012078827967957;
7500;0,07352398382502053;
8000;0,06973812457710912;
8500;0,0638038081949672;
9000;0,0613595835819528;
9500;0,05892225628207317;
10000;0,05859435392262219;
10500;0,05797004330774939;
11000;0,05685584775313105;
11500;0,05620873833395638;
12000;0,05524450054441128;
12500;0,055016560291838254;
13000;0,05443370716286389;
13500;0,05438032046460754;
14000;0,054312233774798636;
14500;0,053204848511668644;
15000;0,05258882912633693;
15500;0,05258882912633693;
16000;0,052587346187179265;
16500;0,051355051002335304;
17000;0,049732896538848485;
17500;0,048444367547184904;
18000;0,04825538250221299;
18500;0,04804464040972388;
19000;0,04676223271541732;
19500;0,046580642627122956;
20000;0,045824478323355095;
20500;0,04528748192719881;
21000;0,04477355643898209;
21500;0,044446368029921204;
22000;0,043779816560885566;
22500;0,04370278630336131;
23000;0,04370278630336131;
23500;0,0433906408047424;
24000;0,04327653905122897;
24500;0,042817010472042706;
25000;0,04277991729259013;
25500;0,04165989422632804;
26000;0,04165989422632804;
26500;0,04165989422632804;
27000;0,0414282158637105;
27500;0,0414282158637105;
28000;0,04116618791270047;
28500;0,04005086485545685;
29000;0,039748223918067246;
29500;0,03972685095355044;
30000;0,03933676310038903;
30500;0,039320917371452976;
31000;0,03897386091522661;
31500;0,038807283693124896;
32000;0,038770696365328886;
32500;0,03858906658846861;
33000;0,03809324951545708;
33500;0,03793767737514383;
34000;0,03793767737514383;
34500;0,03793767737514383;
35000;0,03789381563648582;
35500;0,03789381563648582;
36000;0,03781225245901927;
36500;0,037291404518972095;
37000;0,03727388757961998;
37500;0,03727388757961998;
38000;0,03641037814655871;
38500;0,035870304860440294;
39000;0,03562752739068459;
39500;0,03545523611356659;
40000;0,035292783971477025;
40500;0,035107644837180416;
41000;0,035058336920355926;
41500;0,034855423781852815;
42000;0,0344200003971258;
42500;0,034165491928022575;
43000;0,03378297495391404;
43500;0,033574594638760794;
44000;0,033574594638760794;
44500;0,03355459478167035;
45000;0,03355459478167035;
45500;0,033457704856493894;
46000;0,033457704856493894;
46500;0,03343972769473932;
47000;0,03343972769473932;
47500;0,03343972769473932;
48000;0,03343972769473932;
48500;0,03343972769473932;
49000;0,03343972769473932;
49500;0,03343972769473932;
50000;0,032886608234654294;
50500;0,032870506940378796;
51000;0,032870506940378796;
51500;0,032870506940378796;
52000;0,032870506940378796;
52500;0,032625312454606946;
53000;0,03258740209646821;
53500;0,03258740209646821;
54000;0,03258740209646821;
54500;0,03258740209646821;
55000;0,03258740209646821;
55500;0,0325236036748721;
56000;0,0325236036748721;
56500;0,0325236036748721;
57000;0,03239944475633901;
57500;0,032364276982094195;
58000;0,03173544710815788;
58500;0,031139242974371383;
59000;0,03106275697377615;
59500;0,03106275697377615;
60000;0,03106275697377615;
60500;0,03106275697377615;
61000;0,03096129178027259;
61500;0,030851858960164225;
62000;0,03077638380505745;
62500;0,030572156729577173;
63000;0,030572156729577173;
63500;0,030572156729577173;
64000;0,030572156729577173;
64500;0,030572156729577173;
65000;0,030572156729577173;
65500;0,030572156729577173;
66000;0,030310981096977975;
66500;0,030310981096977975;
67000;0,030310981096977975;
67500;0,030310981096977975;
68000;0,030310981096977975;
68500;0,030112815181347917;
69000;0,030031347051493473;
69500;0,02990642913745628;
70000;0,02990642913745628;
70500;0,02990642913745628;
71000;0,02990642913745628;
71500;0,02990642913745628;
72000;0,02990642913745628;
72500;0,02990642913745628;
73000;0,02990642913745628;
73500;0,02990642913745628;
74000;0,02990642913745628;
74500;0,02990642913745628;
75000;0,02990642913745628;
75500;0,02990642913745628;
76000;0,029887473024706922;
76500;0,02986025659011533;
77000;0,02986025659011533;
77500;0,02986025659011533;
78000;0,02986025659011533;
78500;0,029639435724732155;
79000;0,029639435724732155;
79500;0,029639435724732155;
80000;0,029639435724732155;
80500;0,029639435724732155;
81000;0,029639435724732155;
81500;0,029639435724732155;
82000;0,029639435724732155;
82500;0,02937986659795727;
83000;0,028542472558741684;
83500;0,02817589218501273;
84000;0,028153849516675045;
84500;0,028153849516675045;
85000;0,02794014015478441;
85500;0,02794014015478441;
86000;0,02741020241214446;
86500;0,02741020241214446;
87000;0,02741020241214446;
87500;0,02741020241214446;
88000;0,02741020241214446;
88500;0,027348368608716467;
89000;0,027348368608716467;
89500;0,027292776213925875;
90000;0,027292776213925875;
90500;0,027292776213925875;
91000;0,027292776213925875;
91500;0,027292776213925875;
92000;0,027178357493334127;
92500;0,027178357493334127;
93000;0,027178357493334127;
93500;0,027178357493334127;
94000;0,027178357493334127;
94500;0,026991557045179693;
95000;0,026990353123382826;
95500;0,026990353123382826;
96000;0,026990353123382826;
96500;0,026881766902510384;
97000;0,0267026750520998;
97500;0,0267026750520998;
98000;0,0267026750520998;
98500;0,0267026750520998;
99000;0,0267026750520998;
99500;0,0267026750520998;
100000;0,0267026750520998;

==========================================================
===> Melhores f(x) para cada execução:
execucao;ASGEO2real2_1;
1;0,044787477926616526;
2;0,0380754532932599;
3;0,018997255066774077;
4;0,027109094943916;
5;0,020641847328192853;
6;0,030768115087347003;
7;0,013856901498612295;
8;0,009227670985070269;
9;0,026274703922937848;
10;0,047807946894191544;
11;0,0368354465065871;
12;0,02093781551401719;
13;0,03549179286174553;
14;0,01783464449624872;
15;0,047119527623184054;
16;0,006328855193984406;
17;0,04290394835350153;
18;0,036336506216544606;
19;0,010411614461531604;
20;0,029753809956369448;
21;0,030864438517936632;
22;0,026446386384174403;
23;0,029158724851402473;
24;0,030339141422088045;
25;0,007834045539570011;
26;0,04060726825426364;
27;0,03582077108892556;
28;0,023646637299938766;
29;0,004433927800258641;
30;0,014092028676556567;
31;0,009677907406464792;
32;0,03228691576959608;
33;0,022576704935586278;
34;0,03730688336818477;
35;0,02846332262724105;
36;0,023141195852001473;
37;0,04610424939282387;
38;0,049532115041702296;
39;0,009424313027380893;
40;0,004849596697263148;

============================================================================
Função: Rastringin
============================================================================
=====================================================
P = 4 | std1 = 10 | s = 10

1...2...3...4...5...6...7...8...9...10...11...12...13...14...15...16...17...18...19...20...21...22...23...24...25...26...27...28...29...30...31...32...33...34...35...36...37...38...39...40...
==========================================================
parameter;ASGEO2real2_1;
meanNFE;100143;
meanFX;0,0010982930791971768;
sdFX;0,00025827475015821643;

==========================================================
===> Médias para cada NFOB:
NFOB;ASGEO2real2_1;
500;193,26564079651888;
1000;140,4790713533714;
1500;88,09595813458148;
2000;53,41708267193599;
2500;36,8711356745951;
3000;24,975003151867117;
3500;16,61764139561248;
4000;11,655873757603384;
4500;8,480660430098844;
5000;5,881713565531863;
5500;4,548261266423646;
6000;3,4677976968041904;
6500;2,737352205930276;
7000;2,2691826882033643;
7500;1,7260907117733582;
8000;1,4444956448437178;
8500;1,0833522475642376;
9000;0,8203720434834093;
9500;0,6358111496104433;
10000;0,43495218832113325;
10500;0,38805460473788944;
11000;0,31528432127550216;
11500;0,24959709276896636;
12000;0,17868920852000372;
12500;0,15121070715840154;
13000;0,12629972816450366;
13500;0,08218805939870251;
14000;0,08110266176701053;
14500;0,07670290174487455;
15000;0,0588088272961544;
15500;0,02732062790437286;
16000;0,026794163439268992;
16500;0,02671483089011204;
17000;0,026616322374018786;
17500;0,02655131799651045;
18000;0,026479954493610337;
18500;0,02646919597658748;
19000;0,026454661757465203;
19500;0,026453773493560463;
20000;0,006044966098598259;
20500;0,0035734452350901337;
21000;0,0018366508052229946;
21500;0,0018276526640399026;
22000;0,0017952782983979177;
22500;0,0017666258824629466;
23000;0,0017666258824629466;
23500;0,0017343993513902589;
24000;0,0017006213471610465;
24500;0,00166213985241086;
25000;0,0016435192187223891;
25500;0,0016332832942346442;
26000;0,00163073386349204;
26500;0,0016161298137092218;
27000;0,0015971157489017783;
27500;0,0015959194765452268;
28000;0,0015573159476732102;
28500;0,0015312072865796722;
29000;0,0015099075660897298;
29500;0,0015021175572872635;
30000;0,0014879329335656167;
30500;0,0014485781676162545;
31000;0,0014485781676162545;
31500;0,0014482514216522802;
32000;0,0014406068267851068;
32500;0,0014177017889865696;
33000;0,0013994452529709988;
33500;0,0013873173495984048;
34000;0,001379786226776325;
34500;0,0013733113319990054;
35000;0,0013733113319990054;
35500;0,0013733113319990054;
36000;0,0013733113319990054;
36500;0,0013684430062079755;
37000;0,0013558105089563454;
37500;0,0013558105089563454;
38000;0,0013557668570504332;
38500;0,001348324323865846;
39000;0,0013400542334329301;
39500;0,0013316076126127286;
40000;0,001314996502617305;
40500;0,0013092854973294266;
41000;0,0013031909423320443;
41500;0,0013031909423320443;
42000;0,0013031909423320443;
42500;0,0013031909423320443;
43000;0,001299208907379068;
43500;0,001299208907379068;
44000;0,001299208907379068;
44500;0,0012972532103768587;
45000;0,0012817643638920017;
45500;0,001280992053868424;
46000;0,001280992053868424;
46500;0,0012657744603901122;
47000;0,0012612977408657856;
47500;0,0012599631794763867;
48000;0,0012599631794763867;
48500;0,0012586343854644965;
49000;0,0012586343854644965;
49500;0,0012586343854644965;
50000;0,0012586343854644965;
50500;0,0012526008899993001;
51000;0,0012526008899993001;
51500;0,0012526008899993001;
52000;0,001249838093471034;
52500;0,001249838093471034;
53000;0,001249838093471034;
53500;0,001249838093471034;
54000;0,001249838093471034;
54500;0,001249838093471034;
55000;0,001249838093471034;
55500;0,001242444632138806;
56000;0,001242444632138806;
56500;0,001242444632138806;
57000;0,0012241141698854819;
57500;0,001221859299591266;
58000;0,001221859299591266;
58500;0,001221859299591266;
59000;0,001221859299591266;
59500;0,001221859299591266;
60000;0,001217955819656069;
60500;0,001217955819656069;
61000;0,001217955819656069;
61500;0,001217955819656069;
62000;0,001217955819656069;
62500;0,001217955819656069;
63000;0,001217955819656069;
63500;0,0012017312079315445;
64000;0,0012017312079315445;
64500;0,0012017312079315445;
65000;0,0012017312079315445;
65500;0,0012017312079315445;
66000;0,0012017312079315445;
66500;0,0012017312079315445;
67000;0,0012017312079315445;
67500;0,0012017312079315445;
68000;0,0012017312079315445;
68500;0,0012017312079315445;
69000;0,0012017312079315445;
69500;0,0012017312079315445;
70000;0,0012017312079315445;
70500;0,0011783744783558704;
71000;0,0011783744783558704;
71500;0,0011783744783558704;
72000;0,0011783744783558704;
72500;0,0011783744783558704;
73000;0,0011783744783558704;
73500;0,0011783744783558704;
74000;0,0011776833329127713;
74500;0,0011776833329127713;
75000;0,0011776833329127713;
75500;0,0011776833329127713;
76000;0,0011776833329127713;
76500;0,0011776833329127713;
77000;0,0011776833329127713;
77500;0,0011736733402502252;
78000;0,0011736733402502252;
78500;0,0011736733402502252;
79000;0,0011682120490659643;
79500;0,0011682120490659643;
80000;0,0011682120490659643;
80500;0,0011682120490659643;
81000;0,0011682120490659643;
81500;0,0011682120490659643;
82000;0,0011682120490659643;
82500;0,0011682120490659643;
83000;0,0011570668190424628;
83500;0,0011570668190424628;
84000;0,0011570668190424628;
84500;0,0011570668190424628;
85000;0,0011570668190424628;
85500;0,0011570668190424628;
86000;0,001144065913682013;
86500;0,00114155994273073;
87000;0,00114155994273073;
87500;0,0011357438667218389;
88000;0,0011357438667218389;
88500;0,0011357438667218389;
89000;0,0011164247606833654;
89500;0,0011164247606833654;
90000;0,0011164247606833654;
90500;0,0011164247606833654;
91000;0,0011164247606833654;
91500;0,0011072316576973052;
92000;0,0011072316576973052;
92500;0,0011056693962609998;
93000;0,0011040203830718909;
93500;0,0011040203830718909;
94000;0,0011040203830718909;
94500;0,0011040203830718909;
95000;0,0011040203830718909;
95500;0,0011040203830718909;
96000;0,0011040203830718909;
96500;0,0011040203830718909;
97000;0,0011040203830718909;
97500;0,0011040203830718909;
98000;0,0011040203830718909;
98500;0,0011040203830718909;
99000;0,0011040203830718909;
99500;0,0010982930791971768;
100000;0,0010982930791971768;

==========================================================
===> Melhores f(x) para cada execução:
execucao;ASGEO2real2_1;
1;0,0014034288060216227;
2;0,0008039639778871788;
3;0,0009502048839777899;
4;0,0009791754779158168;
5;0,0015648885279091473;
6;0,0006511774944399917;
7;0,00115778467991845;
8;0,0013456242931368934;
9;0,0013773026928447507;
10;0,0008186552381843626;
11;0,0008299230292934112;
12;0,0011071050840314456;
13;0,0005214012619561004;
14;0,0013635533749010165;
15;0,0009429240480116619;
16;0,001149170549780365;
17;0,0011491902407954058;
18;0,0010347478002188382;
19;0,0012112781950293083;
20;0,0011104430377244512;
21;0,0009223593630309779;
22;0,0010575073081184883;
23;0,0012659935476335704;
24;0,0008421660968238598;
25;0,0009277604173902887;
26;0,001224693376371988;
27;0,000760143063736507;
28;0,0011637820118863829;
29;0,0015164617260410296;
30;0,0014616925992214647;
31;0,001309863774579867;
32;0,0017535719257324445;
33;0,0011375060772920165;
34;0,0012245340246010983;
35;0,0009833152592690908;
36;0,0011230960183254979;
37;0,00100786313649337;
38;0,0008079162519933902;
39;0,0010351133878430119;
40;0,0009344411075247194;

============================================================================
Função: Rosenbrock
============================================================================
=====================================================
P = 4 | std1 = 10 | s = 10

1...2...3...4...5...6...7...8...9...10...11...12...13...14...15...16...17...18...19...20...21...22...23...24...25...26...27...28...29...30...31...32...33...34...35...36...37...38...39...40...
==========================================================
parameter;ASGEO2real2_1;
meanNFE;100012;
meanFX;0,0002607022063487034;
sdFX;0,0010834882093823626;

==========================================================
===> Médias para cada NFOB:
NFOB;ASGEO2real2_1;
500;1,2656198866419586;
1000;1,0662745468948625;
1500;0,8931044788803391;
2000;0,7363783486980048;
2500;0,5784811588080057;
3000;0,544186218509372;
3500;0,4657630318699823;
4000;0,4064071802656274;
4500;0,38930673949395866;
5000;0,3815616169016906;
5500;0,33837576258610347;
6000;0,28544687061883;
6500;0,24243354499940453;
7000;0,1865667449174986;
7500;0,17382818528063526;
8000;0,07898507593022204;
8500;0,06837602061372887;
9000;0,06708600050463687;
9500;0,06501587875160388;
10000;0,06251961982381937;
10500;0,062422504931446986;
11000;0,05677121791436977;
11500;0,05652528445529784;
12000;0,052070289399366865;
12500;0,05205510570357119;
13000;0,050015090664755145;
13500;0,050015090664755145;
14000;0,049401771662089256;
14500;0,046620370046560555;
15000;0,04554982007607504;
15500;0,043340202593118805;
16000;0,04200179647770952;
16500;0,04065011192592978;
17000;0,04065011192592978;
17500;0,040542782184948056;
18000;0,03860873980326743;
18500;0,037566862621692995;
19000;0,03410351921253506;
19500;0,03332256413232959;
20000;0,03181768828102659;
20500;0,03083380609925141;
21000;0,0302131474802462;
21500;0,02981594623801661;
22000;0,02980188835419691;
22500;0,029736336303791043;
23000;0,028342601591809513;
23500;0,027996224620822806;
24000;0,027996224620822806;
24500;0,027990784738346552;
25000;0,02782212343298533;
25500;0,027007210102564905;
26000;0,026899837411011533;
26500;0,01839581079141388;
27000;0,013476899391086813;
27500;0,0043800280438133325;
28000;0,0043800280438133325;
28500;0,0017846491200179198;
29000;0,0017111536312122509;
29500;0,0017028591562627115;
30000;0,0017028591562627115;
30500;0,0016894494446569406;
31000;0,0014477218721079977;
31500;0,0013406292512887414;
32000;0,0013007047015750975;
32500;0,0012957056178790384;
33000;0,0012957056178790384;
33500;0,0012780884870557472;
34000;0,0011671404481190845;
34500;0,001160298064534142;
35000;0,0011358628499714084;
35500;0,0011230391587660545;
36000;0,0011230391587660545;
36500;0,0011230391587660545;
37000;0,0011230391587660545;
37500;0,0011206792937033263;
38000;0,0011206792937033263;
38500;0,0010920029475907692;
39000;0,0010920029475907692;
39500;0,0010920029475907692;
40000;0,0010920029475907692;
40500;0,0007552634408931716;
41000;0,0007544802986249692;
41500;0,0005799916403110259;
42000;0,0005799916403110259;
42500;0,0005799916403110259;
43000;0,0004943724291606124;
43500;0,0004908545067803121;
44000;0,0004850812438178936;
44500;0,0004721029651412285;
45000;0,00047064467432171635;
45500;0,00047064467432171635;
46000;0,00047064467432171635;
46500;0,00046274810793076266;
47000;0,0004601623709949644;
47500;0,0004601623709949644;
48000;0,0004601623709949644;
48500;0,000459119689509673;
49000;0,000459119689509673;
49500;0,00045766172855118536;
50000;0,00045766172855118536;
50500;0,00045766172855118536;
51000;0,00045683837781174044;
51500;0,00045683837781174044;
52000;0,00045679582309521885;
52500;0,00045679582309521885;
53000;0,00045679582309521885;
53500;0,00045679582309521885;
54000;0,00044564890904156185;
54500;0,00044564890904156185;
55000;0,0004152507663911997;
55500;0,0004152507663911997;
56000;0,0004152507663911997;
56500;0,0004152507663911997;
57000;0,0004152507663911997;
57500;0,0004152507663911997;
58000;0,00041142456883650505;
58500;0,00041142456883650505;
59000;0,00041142456883650505;
59500;0,00041142456883650505;
60000;0,0004106781116415559;
60500;0,0004106781116415559;
61000;0,00040572617423708014;
61500;0,00040572617423708014;
62000;0,00040572617423708014;
62500;0,00040572617423708014;
63000;0,00040572617423708014;
63500;0,00040572617423708014;
64000;0,00040572617423708014;
64500;0,00040572617423708014;
65000;0,00040572617423708014;
65500;0,00040572617423708014;
66000;0,00040572617423708014;
66500;0,00040572617423708014;
67000;0,00040572617423708014;
67500;0,00040572617423708014;
68000;0,00040572617423708014;
68500;0,00040264207299258467;
69000;0,00040264207299258467;
69500;0,00040264207299258467;
70000;0,00040264207299258467;
70500;0,00040264207299258467;
71000;0,00040264207299258467;
71500;0,00040264207299258467;
72000;0,00040264207299258467;
72500;0,00040264207299258467;
73000;0,00040264207299258467;
73500;0,00040264207299258467;
74000;0,00040264207299258467;
74500;0,00040264207299258467;
75000;0,0003875987269072201;
75500;0,00038724139114164054;
76000;0,00038724139114164054;
76500;0,00038724139114164054;
77000;0,00038664552358237415;
77500;0,00038664552358237415;
78000;0,00038664552358237415;
78500;0,00038664552358237415;
79000;0,00038539225713850507;
79500;0,00038486702563549156;
80000;0,00038486702563549156;
80500;0,00038486702563549156;
81000;0,00036405647790620677;
81500;0,00036405647790620677;
82000;0,00036405647790620677;
82500;0,00036405647790620677;
83000;0,00036405647790620677;
83500;0,00036405647790620677;
84000;0,00036405647790620677;
84500;0,00036405647790620677;
85000;0,00036405647790620677;
85500;0,00036405647790620677;
86000;0,00036405647790620677;
86500;0,00036405647790620677;
87000;0,00036405647790620677;
87500;0,00036405647790620677;
88000;0,00036405647790620677;
88500;0,00036405647790620677;
89000;0,00036405647790620677;
89500;0,0003259028079512585;
90000;0,0003259028079512585;
90500;0,00032562798457839217;
91000;0,0002924842620978315;
91500;0,0002924842620978315;
92000;0,0002924842620978315;
92500;0,0002924842620978315;
93000;0,0002924842620978315;
93500;0,0002924842620978315;
94000;0,0002924842620978315;
94500;0,0002901824354148997;
95000;0,0002901824354148997;
95500;0,0002901824354148997;
96000;0,0002705384298480718;
96500;0,00026971215052558676;
97000;0,00026971215052558676;
97500;0,0002654632465991741;
98000;0,0002607022063487034;
98500;0,0002607022063487034;
99000;0,0002607022063487034;
99500;0,0002607022063487034;
100000;0,0002607022063487034;

==========================================================
===> Melhores f(x) para cada execução:
execucao;ASGEO2real2_1;
1;3,9902261997652894E-05;
2;4,380389458507727E-06;
3;8,562517514599644E-05;
4;3,976877733029672E-05;
5;0,00021623765901982974;
6;0,0014161924849117856;
7;3,2252072370573356E-05;
8;6,623636782736681E-05;
9;4,565718694797677E-06;
10;0,0003587080402840306;
11;1,5856597478994535E-05;
12;5,0018430786913965E-06;
13;9,331845623006078E-06;
14;2,2079088886951693E-05;
15;1,0524577709535618E-05;
16;1,251606669813013E-05;
17;0,00012220199071734367;
18;9,917783146232346E-06;
19;2,1743459096468978E-06;
20;6,13586339124601E-07;
21;0,00020170967765977002;
22;0,0006041169961105552;
23;2,4533446343076347E-05;
24;0,0001043031501050961;
25;6,175047028559805E-06;
26;4,293060909472918E-06;
27;2,4401598412942248E-05;
28;2,1744665398216117E-05;
29;1,6780657310606076E-05;
30;6,069735352761432E-07;
31;4,0569341363458955E-06;
32;0,00677205663431449;
33;5,6646854798885544E-05;
34;1,9207021862709626E-06;
35;8,062886646968798E-05;
36;1,2456636048216751E-05;
37;1,0823395928090751E-06;
38;1,4683942564708967E-05;
39;1,5355500387461767E-06;
40;2,678483559084338E-07;

============================================================================
Função: Schwefel
============================================================================
=====================================================
P = 4 | std1 = 10 | s = 10

1...2...3...4...5...6...7...8...9...10...11...12...13...14...15...16...17...18...19...20...21...22...23...24...25...26...27...28...29...30...31...32...33...34...35...36...37...38...39...40...
==========================================================
parameter;ASGEO2real2_1;
meanNFE;100036;
meanFX;562,5871575049956;
sdFX;233,43469270946102;

==========================================================
===> Médias para cada NFOB:
NFOB;ASGEO2real2_1;
500;2323,347010456746;
1000;1535,7653874492821;
1500;1237,782172796321;
2000;1056,8405444138157;
2500;961,9666165006435;
3000;876,038971662656;
3500;797,1241791338583;
4000;752,8751697559385;
4500;726,3964926031085;
5000;699,405443790528;
5500;685,7454761734809;
6000;658,1318439676662;
6500;645,5395791672569;
7000;634,6830934951823;
7500;618,0297384276012;
8000;616,2787488264892;
8500;616,2721810360824;
9000;612,2679211207426;
9500;608,362683953633;
10000;605,7037073930867;
10500;600,8959185799728;
11000;594,8558073377571;
11500;594,8420462462466;
12000;594,8417312525382;
12500;594,8414701924681;
13000;594,8410448510855;
13500;594,8406066256806;
14000;592,2217153549983;
14500;592,2053049215251;
15000;592,1998579868207;
15500;592,1996038327036;
16000;592,1992258734999;
16500;590,3498462885626;
17000;589,2806965400277;
17500;589,2384679344124;
18000;589,2384679344124;
18500;589,2384485068192;
19000;589,23789302002;
19500;589,23789302002;
20000;589,237812780143;
20500;589,237812780143;
21000;589,2377610153859;
21500;589,2376536395886;
22000;589,2374833113323;
22500;589,237416830583;
23000;589,2373505087032;
23500;589,2373136835847;
24000;589,2372931407626;
24500;589,2372916901065;
25000;589,237190826395;
25500;589,237171019485;
26000;589,2370510909142;
26500;589,236975561975;
27000;589,2369345528742;
27500;589,2369021689844;
28000;589,2368763165056;
28500;589,2368763165056;
29000;586,3660983193215;
29500;586,2823992477703;
30000;586,2764647516664;
30500;586,2761294829186;
31000;586,2759067886083;
31500;583,8444619185994;
32000;583,3157998618997;
32500;583,3149977849414;
33000;583,3149977849414;
33500;583,3147658521332;
34000;583,3146964428017;
34500;583,3146964428017;
35000;583,3146701167381;
35500;583,3146701167381;
36000;583,3146697040465;
36500;583,3146448552408;
37000;583,3145497350428;
37500;583,314539712526;
38000;581,2059539343752;
38500;580,3954131865705;
39000;580,3624139855002;
39500;580,354244391759;
40000;580,3537796532731;
40500;580,3537653596684;
41000;580,3537653596684;
41500;580,3537009756477;
42000;580,3536990969544;
42500;580,3536990969544;
43000;580,353612387664;
43500;580,353612387664;
44000;580,3535875853383;
44500;577,3966138989433;
45000;577,3935441345521;
45500;577,3933071652409;
46000;577,3927716158954;
46500;577,3927080422984;
47000;577,3927080422984;
47500;577,3926450311758;
48000;577,3924943024629;
48500;577,3924943024629;
49000;577,3924664805818;
49500;577,3924654161474;
50000;577,3924654161474;
50500;577,3924654161474;
51000;577,3924654161474;
51500;577,3924654161474;
52000;577,3924608526081;
52500;577,3924608526081;
53000;577,3924608526081;
53500;577,3924608526081;
54000;577,3924389908509;
54500;577,3924338013352;
55000;577,3924338013352;
55500;577,3924338013352;
56000;577,3924157910236;
56500;577,3923675731107;
57000;577,3923675731107;
57500;577,3923056312278;
58000;577,3922832008635;
58500;577,3922705510281;
59000;577,3922705510281;
59500;577,3922705510281;
60000;577,3922705510281;
60500;577,3922705510281;
61000;577,3922705510281;
61500;577,3922705510281;
62000;577,3922032802342;
62500;576,0915876134779;
63000;574,4339706861966;
63500;574,4317853180748;
64000;574,4315645996259;
64500;574,4315594148611;
65000;574,4315594148611;
65500;574,4311972720589;
66000;574,4311972720589;
66500;574,431173191176;
67000;574,4311618109894;
67500;574,4311443990734;
68000;571,7575646930047;
68500;571,4709887174588;
69000;571,4702972653829;
69500;569,7115962750787;
70000;568,5120466061667;
70500;568,509728320105;
71000;568,5096290778108;
71500;568,5096290778108;
72000;568,509518742223;
72500;568,509327686866;
73000;568,509327686866;
73500;568,509327686866;
74000;568,509327686866;
74500;568,509327686866;
75000;568,5093023161719;
75500;568,5093023161719;
76000;568,5093023161719;
76500;568,5093001098842;
77000;568,5093001098842;
77500;568,5093001098842;
78000;568,5092561757378;
78500;568,5092561757378;
79000;568,5092561757378;
79500;568,5092561757378;
80000;565,5488603721453;
80500;565,5488603721453;
81000;565,5488524564103;
81500;565,5487177238472;
82000;565,5484370125537;
82500;565,5484370125537;
83000;563,1681927480963;
83500;562,6713242042476;
84000;562,5882767542918;
84500;562,5876286027792;
85000;562,5876181025255;
85500;562,5876181025255;
86000;562,5876181025255;
86500;562,5876181025255;
87000;562,5875614363372;
87500;562,5875614363372;
88000;562,5875614363372;
88500;562,5875307338183;
89000;562,5875210914348;
89500;562,5875210914348;
90000;562,5875210914348;
90500;562,5875210914348;
91000;562,5875210914348;
91500;562,5875083747419;
92000;562,5874696772687;
92500;562,5874696772687;
93000;562,5872940925457;
93500;562,5872940925457;
94000;562,587268096242;
94500;562,587268096242;
95000;562,587268096242;
95500;562,587268096242;
96000;562,587268096242;
96500;562,587268096242;
97000;562,5872071850523;
97500;562,5871575049956;
98000;562,5871575049956;
98500;562,5871575049956;
99000;562,5871575049956;
99500;562,5871575049956;
100000;562,5871575049956;

==========================================================
===> Melhores f(x) para cada execução:
execucao;ASGEO2real2_1;
1;355,3204550185874;
2;829,0726837875977;
3;829,0727861484684;
4;592,1986726109053;
5;473,75912620041663;
6;829,0750167162591;
7;118,44557489886847;
8;355,3199184071982;
9;473,75856532648004;
10;829,0702467933611;
11;355,31870068367016;
12;592,1950746128568;
13;829,0735776601473;
14;473,75787701972877;
15;710,6347327015942;
16;236,88535716619026;
17;592,1965728371224;
18;355,31882315455914;
19;947,5117464915434;
20;829,0730260577648;
21;355,31931680015987;
22;473,75807573679685;
23;592,2013424945821;
24;236,88418798046678;
25;592,1980471059073;
26;592,1957911216236;
27;829,0719978615484;
28;829,0720275756094;
29;592,1959206025604;
30;236,88228000847766;
31;473,7578353451481;
32;236,88309713272338;
33;829,071008990024;
34;473,7584464434535;
35;592,195313913945;
36;1065,9513112530003;
37;710,6337891044991;
38;355,31840365861035;
39;236,88225460885042;
40;592,1973181685157;

============================================================================
Função: Ackley
============================================================================
=====================================================
P = 4 | std1 = 10 | s = 10

1...2...3...4...5...6...7...8...9...10...11...12...13...14...15...16...17...18...19...20...21...22...23...24...25...26...27...28...29...30...31...32...33...34...35...36...37...38...39...40...
==========================================================
parameter;ASGEO2real2_1;
meanNFE;100016;
meanFX;0,02977611902872681;
sdFX;0,0027383163594376187;

==========================================================
===> Médias para cada NFOB:
NFOB;ASGEO2real2_1;
500;20,76027120150615;
1000;20,351453479486857;
1500;19,708890695150338;
2000;19,256023270386766;
2500;18,681179053587;
3000;18,0361225960615;
3500;17,255029250615987;
4000;16,188626124883907;
4500;15,061869817233077;
5000;13,6841143691779;
5500;12,256374239849732;
6000;10,592910693621459;
6500;8,877669985782903;
7000;6,964584180307485;
7500;5,7364259940822455;
8000;4,6138891110927;
8500;3,845439453304003;
9000;3,0542044824211834;
9500;2,484949474995564;
10000;1,8805125200280777;
10500;1,3736986201104107;
11000;1,0833066124314192;
11500;0,854371051475184;
12000;0,6552509207032466;
12500;0,49352627738080834;
13000;0,3581976502090697;
13500;0,2487457670737255;
14000;0,18057465387208832;
14500;0,11756754215511034;
15000;0,09166645217400556;
15500;0,07086962778464753;
16000;0,055091411334917684;
16500;0,04697870060471478;
17000;0,0429335257319174;
17500;0,04103195371818069;
18000;0,04030921110761412;
18500;0,03978497392773157;
19000;0,03933223826989405;
19500;0,03856307282953493;
20000;0,03829748663434103;
20500;0,03751919949064355;
21000;0,0372150335615971;
21500;0,03666754943093427;
22000;0,03662087223259451;
22500;0,036445647468923335;
23000;0,03622376603909396;
23500;0,03622376603909396;
24000;0,03584896421009853;
24500;0,035647209964577084;
25000;0,035284683078587696;
25500;0,03511671247097636;
26000;0,03486342542879113;
26500;0,03479191721153514;
27000;0,03478538932201989;
27500;0,03470641687819169;
28000;0,034653784634679316;
28500;0,034451779336175735;
29000;0,03432752734395672;
29500;0,03431049120006131;
30000;0,033973690553070576;
30500;0,03385531426053916;
31000;0,033622598304443585;
31500;0,03345646725524638;
32000;0,03345646725524638;
32500;0,03345646725524638;
33000;0,033392637275999705;
33500;0,03337433535117986;
34000;0,03337433535117986;
34500;0,033333463359569125;
35000;0,033333463359569125;
35500;0,0332793393706905;
36000;0,033230010937786415;
36500;0,03317713700361313;
37000;0,03317000791051106;
37500;0,03307770629978526;
38000;0,03307770629978526;
38500;0,03307305580661417;
39000;0,03307305580661417;
39500;0,03307305580661417;
40000;0,03307305580661417;
40500;0,033072428361637485;
41000;0,033072428361637485;
41500;0,03280891615427883;
42000;0,03280891615427883;
42500;0,03280891615427883;
43000;0,03249646248615949;
43500;0,03202754136452812;
44000;0,03202754136452812;
44500;0,0320062743310511;
45000;0,03189524613928807;
45500;0,03184753844617179;
46000;0,03184753844617179;
46500;0,03184753844617179;
47000;0,03172527890535681;
47500;0,03172527890535681;
48000;0,031627319693450937;
48500;0,03158437483357161;
49000;0,031447639265925;
49500;0,03140669455990643;
50000;0,03138551479945946;
50500;0,03130578869500047;
51000;0,031217509645320173;
51500;0,031217509645320173;
52000;0,031217509645320173;
52500;0,031086757782562913;
53000;0,031086757782562913;
53500;0,030969498526492868;
54000;0,030969498526492868;
54500;0,030969498526492868;
55000;0,030969498526492868;
55500;0,030969498526492868;
56000;0,030957489814151806;
56500;0,030920410147240052;
57000;0,030846149613791774;
57500;0,030846149613791774;
58000;0,030846149613791774;
58500;0,030846149613791774;
59000;0,030846149613791774;
59500;0,03075488523264456;
60000;0,030638832053899633;
60500;0,030626835387561613;
61000;0,030626835387561613;
61500;0,030626835387561613;
62000;0,030602810121461932;
62500;0,030495057375811728;
63000;0,030495057375811728;
63500;0,030380297217286144;
64000;0,030355221093684916;
64500;0,030355221093684916;
65000;0,030355221093684916;
65500;0,030355221093684916;
66000;0,030355221093684916;
66500;0,030355221093684916;
67000;0,030355221093684916;
67500;0,030355221093684916;
68000;0,030355221093684916;
68500;0,030355221093684916;
69000;0,030355221093684916;
69500;0,030355221093684916;
70000;0,030355221093684916;
70500;0,030321381497953492;
71000;0,0302510185725823;
71500;0,0302510185725823;
72000;0,0302510185725823;
72500;0,0302510185725823;
73000;0,0302510185725823;
73500;0,0302510185725823;
74000;0,03013609004190254;
74500;0,03013609004190254;
75000;0,030016350798725444;
75500;0,02999120960633501;
76000;0,02999120960633501;
76500;0,02999120960633501;
77000;0,029949254144406013;
77500;0,029925663447879013;
78000;0,029898100527269288;
78500;0,029898100527269288;
79000;0,029898100527269288;
79500;0,029898100527269288;
80000;0,029898100527269288;
80500;0,029898100527269288;
81000;0,029898100527269288;
81500;0,029898100527269288;
82000;0,029898100527269288;
82500;0,029898100527269288;
83000;0,029898100527269288;
83500;0,029898100527269288;
84000;0,029898100527269288;
84500;0,029898100527269288;
85000;0,029898100527269288;
85500;0,029898100527269288;
86000;0,029898100527269288;
86500;0,029898100527269288;
87000;0,029898100527269288;
87500;0,029898100527269288;
88000;0,029898100527269288;
88500;0,029830494342337133;
89000;0,029799040898936015;
89500;0,029799040898936015;
90000;0,029799040898936015;
90500;0,029799040898936015;
91000;0,029799040898936015;
91500;0,029799040898936015;
92000;0,029799040898936015;
92500;0,029789778609150108;
93000;0,029789778609150108;
93500;0,029783453117907664;
94000;0,029783453117907664;
94500;0,029783453117907664;
95000;0,029783453117907664;
95500;0,029783232423951488;
96000;0,029783232423951488;
96500;0,029783232423951488;
97000;0,029783232423951488;
97500;0,029783232423951488;
98000;0,029783232423951488;
98500;0,029783232423951488;
99000;0,029783232423951488;
99500;0,029783232423951488;
100000;0,029783232423951488;

==========================================================
===> Melhores f(x) para cada execução:
execucao;ASGEO2real2_1;
1;0,028624852647535448;
2;0,02746720197228214;
3;0,026211266661487542;
4;0,030375375271457727;
5;0,031729807037297775;
6;0,030069557810087133;
7;0,034086976712256245;
8;0,02952527218920764;
9;0,02997302085099207;
10;0,028198092584794665;
11;0,029207412986014702;
12;0,02461116423026155;
13;0,03241340452922259;
14;0,031189401008141715;
15;0,030529462247333328;
16;0,030846503712229634;
17;0,028203238502481298;
18;0,03195865201321979;
19;0,03181265730129468;
20;0,03300718141936443;
21;0,033724979422309787;
22;0,03312922633553583;
23;0,03040000597805559;
24;0,027539853112177326;
25;0,03140646210446718;
26;0,03167290127412059;
27;0,026842516195994648;
28;0,028955613270689184;
29;0,029738120298372195;
30;0,030665920741334673;
31;0,028064190707230097;
32;0,029931665433828414;
33;0,030836103798055348;
34;0,033048926174163995;
35;0,02478458735324196;
36;0,02257495150122324;
37;0,02633662225631994;
38;0,033747452239186515;
39;0,025758435706720206;
40;0,031845725559083604;

============================================================================
Função: Beale
============================================================================
=====================================================
P = 4 | std1 = 10 | s = 10

1...2...3...4...5...6...7...8...9...10...11...12...13...14...15...16...17...18...19...20...21...22...23...24...25...26...27...28...29...30...31...32...33...34...35...36...37...38...39...40...
==========================================================
parameter;ASGEO2real2_1;
meanNFE;100012;
meanFX;8,344245499685458E-06;
sdFX;1,2687545325960325E-05;

==========================================================
===> Médias para cada NFOB:
NFOB;ASGEO2real2_1;
500;0,6822042491226554;
1000;0,4194241786400368;
1500;0,35192579439311267;
2000;0,2941822937269897;
2500;0,21160719978498146;
3000;0,19721231814480267;
3500;0,19172689188424658;
4000;0,19108676146243944;
4500;0,17002418616974835;
5000;0,169890876964864;
5500;0,15240589951330732;
6000;0,12824793054470135;
6500;0,12775805225722978;
7000;0,10886232201155308;
7500;0,10082272805522226;
8000;0,046826294610086756;
8500;0,04105796694222009;
9000;0,04081503933278348;
9500;0,004374410382357768;
10000;0,0011717166207040701;
10500;0,0009027668756829849;
11000;0,0005709561355094755;
11500;0,0005476315468127913;
12000;0,0005103613064851374;
12500;0,0004897259073195482;
13000;0,0004761153392453473;
13500;0,0004175203517536275;
14000;0,000290047795368432;
14500;0,0002895573116091875;
15000;0,0002812553346827187;
15500;0,0002566087637061412;
16000;0,00025576265878134104;
16500;0,0002427715829624399;
17000;0,0002417543955570489;
17500;0,00024008926443172944;
18000;0,0002398567950958578;
18500;0,0002398567950958578;
19000;0,0002342187372625515;
19500;0,0002206258733801581;
20000;0,00021022409342407816;
20500;0,00021022409342407816;
21000;0,00020127827410343826;
21500;0,00019875423472360258;
22000;0,00019695976233274345;
22500;0,00019672588650924885;
23000;0,00017980002639257777;
23500;0,00017980002639257777;
24000;0,00017946694578429667;
24500;0,00016056640533512992;
25000;0,0001425924803714408;
25500;0,00014218437186836846;
26000;0,00011423244510559198;
26500;0,00010544854531360182;
27000;8,833814354770747E-05;
27500;8,833814354770747E-05;
28000;8,833814354770747E-05;
28500;8,638551177399404E-05;
29000;8,638551177399404E-05;
29500;7,906509573912238E-05;
30000;7,510563546705108E-05;
30500;7,510563546705108E-05;
31000;7,510563546705108E-05;
31500;7,43963312658623E-05;
32000;7,43963312658623E-05;
32500;7,008018976906573E-05;
33000;6,84119106270066E-05;
33500;6,314841794479849E-05;
34000;5,8545180219326044E-05;
34500;4,506521685275218E-05;
35000;4,506521685275218E-05;
35500;4,506521685275218E-05;
36000;4,506521685275218E-05;
36500;4,506521685275218E-05;
37000;4,506521685275218E-05;
37500;4,446206312913814E-05;
38000;4,446206312913814E-05;
38500;4,375554094946535E-05;
39000;4,375554094946535E-05;
39500;4,375554094946535E-05;
40000;4,269372949744999E-05;
40500;4,23428537832766E-05;
41000;4,23428537832766E-05;
41500;4,1543765820475176E-05;
42000;3,9918086646225256E-05;
42500;3,9918086646225256E-05;
43000;3,9918086646225256E-05;
43500;3,724614215038882E-05;
44000;3,4660911825137E-05;
44500;3,4660911825137E-05;
45000;3,4660911825137E-05;
45500;3,4660911825137E-05;
46000;3,4660911825137E-05;
46500;3,4660911825137E-05;
47000;3,4660911825137E-05;
47500;3,4660911825137E-05;
48000;3,4660911825137E-05;
48500;3,3897407460571405E-05;
49000;3,3897407460571405E-05;
49500;3,3897407460571405E-05;
50000;3,3897407460571405E-05;
50500;3,3897407460571405E-05;
51000;3,3897407460571405E-05;
51500;3,34498331054111E-05;
52000;3,3345871648229364E-05;
52500;3,3345871648229364E-05;
53000;3,3345871648229364E-05;
53500;3,3345871648229364E-05;
54000;3,3345871648229364E-05;
54500;3,331707394072386E-05;
55000;3,270189870631024E-05;
55500;2,980832459618167E-05;
56000;2,980832459618167E-05;
56500;2,980832459618167E-05;
57000;2,980832459618167E-05;
57500;2,9425189234494045E-05;
58000;2,8695026375448713E-05;
58500;2,8695026375448713E-05;
59000;2,8327890361023067E-05;
59500;2,8327890361023067E-05;
60000;2,68668539224317E-05;
60500;2,68668539224317E-05;
61000;2,5321395319358788E-05;
61500;2,5321395319358788E-05;
62000;2,5321395319358788E-05;
62500;2,5321395319358788E-05;
63000;2,5321395319358788E-05;
63500;2,355254465039254E-05;
64000;1,954803846722472E-05;
64500;1,9461616128246613E-05;
65000;1,9461616128246613E-05;
65500;1,9461616128246613E-05;
66000;1,9461616128246613E-05;
66500;1,9461616128246613E-05;
67000;1,9217561013293976E-05;
67500;1,8177247240726226E-05;
68000;1,458766105405638E-05;
68500;1,458766105405638E-05;
69000;1,3233573521716347E-05;
69500;1,3233573521716347E-05;
70000;1,3136414606016407E-05;
70500;1,3136414606016407E-05;
71000;1,3136414606016407E-05;
71500;1,2906915965974663E-05;
72000;1,2906915965974663E-05;
72500;1,2906915965974663E-05;
73000;1,2893467628090832E-05;
73500;1,2893467628090832E-05;
74000;1,2893467628090832E-05;
74500;1,2722629514584288E-05;
75000;1,1990198997134836E-05;
75500;1,1990198997134836E-05;
76000;1,1990198997134836E-05;
76500;1,1984567586077038E-05;
77000;1,0740735985315006E-05;
77500;1,0680445043279955E-05;
78000;1,0680445043279955E-05;
78500;1,0680445043279955E-05;
79000;1,0680445043279955E-05;
79500;1,0680445043279955E-05;
80000;1,064505393463303E-05;
80500;1,064505393463303E-05;
81000;1,064505393463303E-05;
81500;1,064505393463303E-05;
82000;1,064505393463303E-05;
82500;1,064505393463303E-05;
83000;1,064505393463303E-05;
83500;1,064505393463303E-05;
84000;1,064505393463303E-05;
84500;1,064505393463303E-05;
85000;1,064505393463303E-05;
85500;1,064505393463303E-05;
86000;1,064505393463303E-05;
86500;9,587470641211108E-06;
87000;9,570528676548403E-06;
87500;9,508897159521027E-06;
88000;9,508897159521027E-06;
88500;9,508897159521027E-06;
89000;9,508897159521027E-06;
89500;9,508897159521027E-06;
90000;9,503264715786567E-06;
90500;9,040003699795605E-06;
91000;9,040003699795605E-06;
91500;9,020757503906593E-06;
92000;9,020757503906593E-06;
92500;9,020757503906593E-06;
93000;9,020757503906593E-06;
93500;8,803986702453597E-06;
94000;8,803986702453597E-06;
94500;8,803986702453597E-06;
95000;8,802185623574339E-06;
95500;8,802185623574339E-06;
96000;8,802185623574339E-06;
96500;8,802185623574339E-06;
97000;8,467017583589582E-06;
97500;8,381115588141963E-06;
98000;8,344245499685458E-06;
98500;8,344245499685458E-06;
99000;8,344245499685458E-06;
99500;8,344245499685458E-06;
100000;8,344245499685458E-06;

==========================================================
===> Melhores f(x) para cada execução:
execucao;ASGEO2real2_1;
1;5,277358263733292E-06;
2;5,359812277460032E-06;
3;9,292891461156364E-06;
4;6,700561863407358E-07;
5;2,1654672480540342E-05;
6;1,535131601158923E-07;
7;6,806185392915374E-07;
8;4,012448311658811E-06;
9;4,6394314328650016E-06;
10;5,536082414279922E-07;
11;5,984288734852917E-06;
12;3,0835263246116957E-07;
13;6,968078376165897E-07;
14;2,8561958043378106E-06;
15;3,388417935450757E-06;
16;6,380411686996472E-06;
17;1,0127155007877544E-05;
18;5,257139812975149E-08;
19;2,34544956694863E-05;
20;1,401602548993759E-05;
21;1,1722586603969637E-07;
22;1,9111701815008524E-06;
23;9,796839660612741E-07;
24;9,233238261978577E-07;
25;6,398779862013543E-05;
26;4,573711617317059E-05;
27;1,4244201018902444E-05;
28;1,158437950592997E-05;
29;5,555594405681777E-07;
30;1,7980025514949644E-05;
31;2,854576826864653E-06;
32;4,446131569091236E-07;
33;7,114411034087653E-06;
34;2,4580215483754785E-06;
35;1,2925264721373896E-05;
36;1,30613118384879E-06;
37;1,301680626456325E-05;
38;1,4424700104497317E-05;
39;9,691892097024246E-09;
40;1,6359865896083035E-06;

Execution Time: 21829 ms
